<ticker>,<date>,<open>,<high>,<low>,<close>,<volume>,<o/i>
20MICRONS,20191104,38.3,38.6,37.3,37.35,30798
21STCENMGM,20191104,13.25,13.5,13.25,13.5,171
3IINFOTECH,20191104,2,2.05,1.95,2,988118
3MINDIA,20191104,22399,22550,22002,22314.85,1559
3PLAND,20191104,6.5,6.5,6.5,6.5,125
5PAISA,20191104,170.5,171,164.7,166.25,11522
63MOONS,20191104,120.45,122,116.1,117.6,152881
A2ZINFRA,20191104,10.8,11.2,9.9,10,1288068
AARTIDRUGS,20191104,541,541.15,524.4,526.6,8039
AARTIIND,20191104,870,879.95,850,852.1,78171
AARVEEDEN,20191104,14.15,15.15,14.05,14.3,4203
AAVAS,20191104,1610,1610,1525.1,1532.55,24641
ABAN,20191104,28.95,29.4,28.1,29.4,38984
ABB,20191104,1467.7,1478.4,1452.7,1456.7,35652
ABBOTINDIA,20191104,11770,12400,11770,11987.25,12263
ABCAPITAL,20191104,83.2,86.2,82.8,83.35,2829489
ABFRL,20191104,212,214.95,210.05,213.7,202328
ABMINTLTD,20191104,14.1,14.1,14.1,14.1,26
ABSLBANETF,20191104,330,330,330,330,91
ACC,20191104,1549.8,1590.5,1542.2,1564.65,1094603
ACCELYA,20191104,939.25,942,935,939,3523
ACE,20191104,81.55,84.6,81.55,84.05,79086
ADANIENT,20191104,200.95,203.9,198.25,200.9,3965499
ADANIGAS,20191104,146.6,148.9,146.6,147.9,806625
ADANIGREEN,20191104,89.7,95.85,89.6,92.65,3284998
ADANIPORTS,20191104,390,394.95,389.75,391,3146855
ADANIPOWER,20191104,68.15,73.8,68.15,71.6,32691051
ADANITRANS,20191104,277.85,286.75,277.85,284.5,405314
ADFFOODS,20191104,301.95,324,301.95,307.75,438974
ADHUNIKIND,20191104,123,124.75,120.65,121.45,28311
ADLABS,20191104,2.7,2.7,2.7,2.7,18751
ADORWELD,20191104,323,324.8,315,315.4,802
ADROITINFO,20191104,7.5,7.85,7.35,7.5,1161
ADSL,20191104,14,15.75,13.55,14.95,51142
ADVANIHOTR,20191104,58,60,57.1,58.35,3434
ADVENZYMES,20191104,200,206.6,189.5,191.05,409891
AEGISCHEM,20191104,173.4,174.15,166.75,169.05,125437
AFFLE,20191104,1407.9,1461,1395,1417.9,114612
AGARIND,20191104,112.4,116,112.4,115.5,1519
AGCNET,20191104,118.9,119,112.05,112.55,990
AGRITECH,20191104,47.25,49.8,47.25,48.35,9826
AGROPHOS,20191104,116.4,117.3,116.4,116.95,678850
AHLEAST,20191104,186.7,187,178,180.2,1435
AHLUCONT,20191104,301,314,301,306.15,11303
AHLWEST,20191104,290,303.35,258.05,273.8,4878
AIAENG,20191104,1694.2,1705.95,1661,1677.4,5411
AIONJSW,20191104,10,10,9.95,10,201982
AIRAN,20191104,13,13,12.6,12.75,18865
AJANTPHARM,20191104,1072.9,1088.65,903.4,1004.5,385788
AJMERA,20191104,122.5,131.5,120.25,121.5,90940
AKASH,20191104,63,64.2,62.15,62.15,2000
AKSHARCHEM,20191104,224.85,224.85,208,215.1,3049
AKSHOPTFBR,20191104,7.8,7.9,7.7,7.9,139760
AKZOINDIA,20191104,2062.1,2150,2062.1,2146.2,17337
ALANKIT,20191104,16.5,16.55,16.4,16.55,53944
ALBERTDAVD,20191104,405.15,414.1,405.1,412.3,8973
ALBK,20191104,27.5,27.8,27.3,27.55,911223
ALCHEM,20191104,0.75,0.8,0.7,0.8,6244
ALEMBICLTD,20191104,54.4,54.4,48.55,49.25,253414
ALICON,20191104,420,420,381,388.6,3590
ALKALI,20191104,45.55,52,45.2,51.6,47484
ALKEM,20191104,2014.1,2025,1995.15,2015.95,49039
ALKYLAMINE,20191104,883,894,880,891.6,9781
ALLCARGO,20191104,105.45,111.5,105.45,110.3,1275103
ALLSEC,20191104,305.05,306.5,298,298,2187
ALMONDZ,20191104,9.6,10.1,9.6,10.05,1154
ALOKTEXT,20191104,1.6,1.6,1.6,1.6,399544
ALPA,20191104,18.3,19.7,17.5,17.8,198826
ALPHAGEO,20191104,189,194.9,181,188.4,8748
ALPSINDUS,20191104,0.4,0.45,0.4,0.4,14927
AMARAJABAT,20191104,694,695.45,657,658.6,766588
AMBER,20191104,1027.95,1039.4,1002.65,1007,14588
AMBIKCO,20191104,918.95,926,905,911.25,4717
AMBUJACEM,20191104,203,206.7,202.15,203.35,4243318
AMDIND,20191104,15.6,17.2,15.4,16.9,40847
AMJLAND,20191104,19.1,19.1,18.5,19,3074
AMRUTANJAN,20191104,429,454,422.1,448.2,125296
ANANTRAJ,20191104,32.15,32.7,31.15,31.35,135694
ANDHRABANK,20191104,18.65,18.65,18.25,18.45,801776
ANDHRACEMT,20191104,2.45,2.45,2.3,2.45,30504
ANDHRSUGAR,20191104,277,284.5,276,279.2,66816
ANIKINDS,20191104,7.85,7.85,7.55,7.85,3309
ANKITMETAL,20191104,0.55,0.55,0.45,0.5,25144
ANSALAPI,20191104,4.65,4.65,4.4,4.65,18692
ANSALHSG,20191104,5.6,5.6,5,5.35,47131
ANTGRAPHIC,20191104,0.7,0.7,0.65,0.7,22711
ANUP,20191104,476.05,486,474.55,480.45,12330
APARINDS,20191104,522.4,525,513.2,519.55,3019
APCL,20191104,154.95,154.95,146.55,149.75,2043
APCOTEXIND,20191104,167.75,175,166.95,169.9,29530
APEX,20191104,233.9,239.15,230.15,236.25,54441
APLAPOLLO,20191104,1465.5,1517.2,1465.5,1505.55,16414
APLLTD,20191104,575.3,589,572.25,579.2,149301
APOLLO,20191104,82,95.3,80,95.3,320561
APOLLOHOSP,20191104,1461,1471,1411,1414.75,519503
APOLLOTYRE,20191104,189.75,190.65,184.8,185.55,2125782
APOLSINHOT,20191104,799,799,781,782.65,483
APTECHT,20191104,171.9,183.75,171.9,179.45,527414
ARCHIDPLY,20191104,28.2,28.5,27,27.8,12816
ARCHIES,20191104,18.75,18.9,18.2,18.75,35385
ARCOTECH,20191104,1.85,1.85,1.85,1.85,5552
ARIES,20191104,62.2,66.5,62.2,65.45,30957
ARIHANT,20191104,17.9,18.2,17.1,18.1,603
ARIHANTSUP,20191104,25.8,25.8,24.25,25.75,2501
ARMANFIN,20191104,534.95,571,523.4,553.7,10787
AROGRANITE,20191104,41.5,42.6,41.5,42.05,6576
ARROWGREEN,20191104,53,53,51.15,52.55,1557
ARROWTEX,20191104,9.95,10.2,9.9,10.1,4833
ARSHIYA,20191104,17.85,18.2,17.7,17.8,13795
ARSSINFRA,20191104,24.55,26.6,24.55,25.75,26115
ARVIND,20191104,53.5,55.55,53,54.85,1594735
ARVINDFASN,20191104,438.55,448.3,436,440.95,41495
ARVSMART,20191104,101.3,104.55,101.2,102.75,9605
ASAHIINDIA,20191104,204.3,212,204.3,208.5,11132
ASAHISONG,20191104,157.1,160,155.1,157.95,2900
ASAL,20191104,34.75,36.5,33.3,33.65,37315
ASHAPURMIN,20191104,33,33,30.2,31.85,8842
ASHIANA,20191104,98,101.95,96.15,101.2,296351
ASHIMASYN,20191104,8.1,8.2,7.5,8,18601
ASHOKA,20191104,103.35,103.35,100.05,100.45,1303963
ASHOKLEY,20191104,75.05,76.7,74,75.2,19855689
ASIANHOTNR,20191104,99,105.9,98.1,103.4,1402
ASIANPAINT,20191104,1775,1790,1766.2,1785.9,821893
ASIANTILES,20191104,233.35,239.7,233.2,237.1,21922
ASPINWALL,20191104,142.05,146,142,146,2923
ASTEC,20191104,365.55,370,355.05,357.15,9763
ASTERDM,20191104,141.55,146.55,141.1,142.45,123384
ASTRAL,20191104,1111.1,1128,1031,1089.5,160356
ASTRAMICRO,20191104,77.75,78.2,75.25,75.95,135248
ASTRAZEN,20191104,2710.75,2770.05,2595.1,2632.1,21601
ASTRON,20191104,43.6,43.6,43.6,43.6,95487
ATFL,20191104,637,637,605,619.85,11286
ATLANTA,20191104,6.85,6.9,6.6,6.85,14943
ATNINTER,20191104,0.3,0.3,0.3,0.3,3060
ATUL,20191104,4347.9,4358.5,4250,4253.9,10484
ATULAUTO,20191104,229.5,231.85,225,226.75,9035
AUBANK,20191104,692,692.45,683,686.8,328041
AURIONPRO,20191104,76.45,77.8,72.5,74.95,7720
AUROPHARMA,20191104,479.5,507.5,474.05,477.65,7280307
AUSOMENT,20191104,29.6,29.6,26.6,27.5,779
AUTOAXLES,20191104,950,964.4,925.5,934.9,11160
AUTOIND,20191104,24,24.75,23.45,24.55,12816
AUTOLITIND,20191104,22,22.5,21.5,22.05,2103
AVADHSUGAR,20191104,307.75,320,307.05,311.8,126257
AVANTIFEED,20191104,454,470,454,463.85,474250
AVTNPL,20191104,24.5,25.2,24.5,24.75,22413
AXISBANK,20191104,754.95,754.95,735.55,742.6,7851370
AXISCADES,20191104,68.65,73.45,68.1,68.7,113192
AXISGOLD,20191104,3400,3409.95,3370.55,3396.25,264
AXISNIFTY,20191104,1226.53,1237.34,1226.53,1230,101
AYMSYNTEX,20191104,33.1,33.35,31.55,32,12182
BAGFILMS,20191104,1.8,1.8,1.75,1.8,54323
BAJAJ-AUTO,20191104,3236,3248.25,3181.3,3212.05,330025
BAJAJCON,20191104,248,260,248,255.4,256178
BAJAJELEC,20191104,378,392,377.05,389.25,225402
BAJAJFINSV,20191104,8480,8750,8450.25,8706.6,552812
BAJAJHIND,20191104,6.95,7.35,6.95,7,1317038
BAJAJHLDNG,20191104,3708,3806,3677,3708.95,43348
BAJFINANCE,20191104,4087,4177.5,4076.15,4113,1863158
BALAJITELE,20191104,53.6,56.7,53.2,54.2,69549
BALAMINES,20191104,323.95,327.45,318,322.9,16436
BALAXI,20191104,74.55,80.7,74.35,79.1,69
BALKRISHNA,20191104,19,20.25,19,19.1,26830
BALKRISIND,20191104,878.8,883,861.95,866.15,207352
BALLARPUR,20191104,0.5,0.55,0.45,0.55,3633048
BALMLAWRIE,20191104,198.95,210.65,197.65,202.35,297626
BALPHARMA,20191104,43,48.5,43,46.9,53371
BALRAMCHIN,20191104,165.4,165.7,160.4,161.8,599514
BANARBEADS,20191104,38.5,38.5,35.15,35.55,8107
BANARISUG,20191104,1200,1224.85,1200,1224.85,236
BANCOINDIA,20191104,117.4,117.55,114,115.5,46769
BANDHANBNK,20191104,598,605.3,584.15,590,755659
BANG,20191104,19,19.5,18.25,18.35,10163
BANKBARODA,20191104,100.45,103.75,100.35,101.95,33014625
BANKBEES,20191104,3050,3127.84,3050,3101.36,11564
BANKINDIA,20191104,71.25,73.15,71,71.35,13445702
BANSWRAS,20191104,66.75,69.4,65.75,67.55,23164
BARTRONICS,20191104,1.4,1.4,1.4,1.4,970
BASF,20191104,1000,1019.25,990.25,995.75,12385
BASML,20191104,150.55,153.95,149,150,492
BATAINDIA,20191104,1758,1759,1715.2,1731.15,574339
BAYERCROP,20191104,3751,3790,3673,3707.45,3957
BBL,20191104,869.95,909,868,900.1,24375
BBTC,20191104,1224.25,1249.6,1202.7,1218.5,175743
BCG,20191104,2.85,3,2.75,3,704869
BCP,20191104,7.95,7.95,7.65,7.95,7854
BDL,20191104,334,350,330.7,332.7,106801
BEARDSELL,20191104,11.3,11.55,10.55,11.45,1757
BEDMUTHA,20191104,12.45,12.45,11.4,11.7,33407
BEL,20191104,121.05,122.1,119.05,119.5,10886660
BEML,20191104,1001,1025,983.35,992.2,789668
BEPL,20191104,53.4,56.7,52.5,54.4,861539
BERGEPAINT,20191104,509,513.45,497.05,503.35,1670083
BFINVEST,20191104,361.5,366.85,347,349.95,284817
BFUTILITIE,20191104,310.25,310.25,301.1,310.25,801899
BGLOBAL,20191104,2.2,2.2,2,2,18834
BGRENERGY,20191104,33.85,35.45,33.8,34.5,134401
BHAGERIA,20191104,116.9,116.9,112.2,113.55,6436
BHAGYANGR,20191104,22,22,19,19.15,5831
BHAGYAPROP,20191104,19.6,21.45,19.6,21.15,1301
BHANDARI,20191104,1.25,1.25,1.2,1.2,49987
BHARATFORG,20191104,459,467.4,454.2,461.5,1277869
BHARATGEAR,20191104,80,88.7,79,86.7,217623
BHARATRAS,20191104,5828,5959,5737.5,5888.45,1216
BHARATWIRE,20191104,32.9,32.9,31.05,32,10397
BHARTIARTL,20191104,378.25,381.7,374,378,7620719
BHEL,20191104,57.15,57.9,55.55,56.4,20859205
BIGBLOC,20191104,23.1,25.05,23.1,24.2,1208
BIL,20191104,136.05,150.05,136.05,150.05,2148
BILENERGY,20191104,1.2,1.2,1.1,1.2,661070
BINDALAGRO,20191104,11,11.7,10.5,11.35,33945
BIOCON,20191104,246.5,265,246.05,263.6,7579244
BIOFILCHEM,20191104,4.6,4.8,4.4,4.8,1103
BIRLACABLE,20191104,61.35,72.45,61.2,72.45,546623
BIRLACORPN,20191104,586.4,614.9,586.4,610.95,187513
BIRLAMONEY,20191104,36.1,37.5,36.1,36.45,112058
BKMINDST,20191104,0.8,0.9,0.8,0.9,32426
BLBLIMITED,20191104,3.35,3.8,3.35,3.75,8486
BLISSGVS,20191104,142.8,146,142,143.9,111550
BLKASHYAP,20191104,8.9,8.9,8.9,8.9,32090
BLS,20191104,76.85,76.85,71.1,71.9,29395
BLUEBLENDS,20191104,0.8,0.8,0.8,0.8,4610
BLUECHIP,20191104,0.35,0.35,0.35,0.35,20
BLUECOAST,20191104,1.5,1.5,1.5,1.5,10
BLUEDART,20191104,2398.6,2407.95,2286,2315.55,4375
BLUESTARCO,20191104,819.45,825,795.05,798.25,46682
BODALCHEM,20191104,75.7,76.95,74.8,75.4,68132
BOMDYEING,20191104,86,87.2,84,84.6,1888734
BOROSIL,20191104,177.05,179,173,175.4,139302
BOSCHLTD,20191104,15449.9,15849,15442,15759.45,23444
BPCL,20191104,520,527.45,514.3,522.2,4681345
BPL,20191104,19.4,19.5,19,19.25,51742
BRFL,20191104,3.95,3.95,3.8,3.95,27041
BRIGADE,20191104,205.1,209.85,201.15,208,148462
BRITANNIA,20191104,3290,3299,3227,3239.85,283144
BRNL,20191104,62.6,66.9,62.6,66.45,17175
BROOKS,20191104,34.6,36.9,34.45,34.55,37122
BSE,20191104,550,563,542,547.75,132770
BSELINFRA,20191104,1,1.05,1,1.05,8597
BSL,20191104,27.45,27.5,25.1,25.55,21335
BSLGOLDETF,20191104,3851.9,3851.9,3553.3,3579.9,184
BSLNIFTY,20191104,133.4,133.4,130.17,130.23,242
BSOFT,20191104,67.7,67.7,66.1,66.55,193697
BURNPUR,20191104,1.25,1.3,1.2,1.25,32002
BUTTERFLY,20191104,188.4,195,186,188.2,162134
BVCL,20191104,10.7,11,10.6,11,4271
BYKE,20191104,20.9,20.9,19.45,20.85,20177
CADILAHC,20191104,256.9,260.9,233.5,241.65,5231174
CALSOFT,20191104,20.2,20.2,18.3,18.4,140530
CAMLINFINE,20191104,64.65,66.5,64.5,65.45,126833
CANBK,20191104,208,211.6,206.65,207.85,6348189
CANFINHOME,20191104,408.5,433,398.05,426.3,1983433
CANTABIL,20191104,209.95,211.95,197.55,202.9,66441
CAPACITE,20191104,231.95,232.45,220.6,223.55,61647
CAPLIPOINT,20191104,420,422.5,405.3,407.4,36829
CAPTRUST,20191104,79.8,83.5,77,77,806
CARBORUNIV,20191104,329,329,318.05,320.55,134908
CAREERP,20191104,119.8,134.8,114.05,133.75,367207
CARERATING,20191104,537,545.1,529,531.95,239828
CASTEXTECH,20191104,0.55,0.55,0.55,0.55,422649
CASTROLIND,20191104,154.5,157.45,149.9,150.55,3225877
CCHHL,20191104,3.7,3.7,3.5,3.7,21418
CCL,20191104,214.9,214.9,210,210.9,55628
CDSL,20191104,235.5,242.6,232.5,235.9,487213
CEATLTD,20191104,1010,1010.85,990,996.8,96015
CEBBCO,20191104,13.65,13.95,13.55,13.7,34227
CELEBRITY,20191104,5.5,5.5,5.5,5.5,3305
CELESTIAL,20191104,3,3.3,3,3.3,16872
CENTENKA,20191104,185,189.6,184.95,186.2,48340
CENTEXT,20191104,2.7,2.85,2.7,2.75,34350
CENTRALBK,20191104,24.65,25.5,23,23.25,4583700
CENTRUM,20191104,21.35,22,19.5,21.8,405227
CENTUM,20191104,405.65,414.15,393.15,403.35,2789
CENTURYPLY,20191104,169.8,174.7,165.9,172.45,190064
CENTURYTEX,20191104,411.95,421,404.75,407.1,674911
CERA,20191104,2702,2720,2652.25,2708.6,2726
CEREBRAINT,20191104,21.35,21.9,19.55,21.8,723419
CESC,20191104,802.95,834.65,800.45,825.7,718321
CESCVENT,20191104,347.85,355.7,341.55,344.6,9459
CGCL,20191104,199.15,224,199.15,218.4,456870
CGPOWER,20191104,14.55,14.55,14.55,14.55,257265
CHALET,20191104,332.05,334.1,325.5,332.05,1786
CHAMBLFERT,20191104,170.2,173.95,168.5,170.85,499815
CHEMFAB,20191104,177,180.8,173.2,176.7,1200
CHENNPETRO,20191104,156.45,161.5,155.6,160.6,232600
CHOLAFIN,20191104,315,325,312.65,316,4281408
CHOLAHLDNG,20191104,478.65,479,466,470,228107
CHROMATIC,20191104,0.5,0.5,0.45,0.5,21701
CIGNITITEC,20191104,298,299.5,262,285.8,66774
CIMMCO,20191104,20.35,20.9,20,20.1,20364
CINELINE,20191104,33.5,35.5,32.6,34.05,47819
CINEVISTA,20191104,11.1,11.15,10.15,11.15,58819
CIPLA,20191104,471.4,478.5,467.05,468.3,2393325
CKFSL,20191104,0.45,0.45,0.45,0.45,223917
CLEDUCATE,20191104,75.55,87.5,74.85,84.55,68460
CLNINDIA,20191104,291,291,282.15,283.35,49527
CMICABLES,20191104,56.8,61.6,56.4,60.65,56884
CNOVAPETRO,20191104,9.4,9.4,8.1,8.15,428
COALINDIA,20191104,206,215.6,205.8,215,8489492
COCHINSHIP,20191104,410.8,418,398,399.95,147921
COFFEEDAY,20191104,33.65,33.65,33.65,33.65,60715
COLPAL,20191104,1530,1554.95,1528,1552.45,450746
COMPINFO,20191104,10.3,10.3,8.9,9,148406
COMPUSOFT,20191104,9.3,10,8.8,9.15,17694
CONCOR,20191104,579.9,591.2,577.05,578.7,1582095
CONFIPET,20191104,29,29.35,28.4,28.7,79951
CONSOFINVT,20191104,39.7,39.7,37.55,37.7,1400
CONTROLPR,20191104,305.7,311.85,291.25,295.3,8217
CORALFINAC,20191104,11.35,13.1,11.3,12.85,41613
CORDSCABLE,20191104,45,47.15,45,46.85,7633
COROMANDEL,20191104,477.9,485.5,456.1,466.15,331155
CORPBANK,20191104,16.5,17.5,16.4,17.3,583289
COSMOFILMS,20191104,217.9,223.9,215.15,220.2,11285
COUNCODOS,20191104,1.65,1.65,1.6,1.65,22509
COX&KINGS,20191104,1.65,1.7,1.65,1.65,2900858
CPSEETF,20191104,24.98,25.11,24.83,25.06,33002149
CREATIVE,20191104,64.5,64.5,64.05,64.5,5050
CREATIVEYE,20191104,1.2,1.2,1.2,1.2,200
CREDITACC,20191104,648.6,678,635,669.2,104117
CREST,20191104,97.75,108.7,95.1,101.55,26624
CRISIL,20191104,1503,1537.6,1496.3,1509.3,12452
CRMFGETF,20191104,3560,3560,3452.05,3452.05,24
CROMPTON,20191104,254.1,258,253.85,254.95,737983
CTE,20191104,27.7,32.8,24.85,28.2,7842
CUB,20191104,213,214.85,210.35,212.2,580093
CUBEXTUB,20191104,14,14.6,13.8,14.05,814
CUMMINSIND,20191104,552.4,558.8,543.05,546.6,460153
CUPID,20191104,194.1,206,194.1,203.75,160214
CURATECH,20191104,1.4,1.4,1.4,1.4,50
CYBERMEDIA,20191104,2.85,2.9,2.85,2.9,702
CYBERTECH,20191104,48.55,50.2,48.15,48.7,13127
CYIENT,20191104,409.5,424.95,409.5,411.5,175980
DAAWAT,20191104,25.4,25.85,24.8,25.4,790438
DABUR,20191104,464.2,467.95,458,460.4,1679706
DALBHARAT,20191104,815.2,844,807,812.75,100817
DALMIASUG,20191104,95.1,96.4,92.25,92.95,114524
DAMODARIND,20191104,28.6,29.8,27.2,29.55,1960
DATAMATICS,20191104,80.9,80.9,74.95,76.05,58347
DBCORP,20191104,146.3,149.1,145,146.35,50157
DBL,20191104,463.8,467.35,435.25,441.9,340980
DBREALTY,20191104,7.85,8.15,7.65,8,316420
DBSTOCKBRO,20191104,8.75,9.4,8.55,8.55,923
DCAL,20191104,116.6,124.75,116.6,119.45,636519
DCBBANK,20191104,184.8,185.5,182.25,182.9,1041410
DCM,20191104,21.95,22.9,21.3,21.45,3921
DCMNVL,20191104,25.55,32.9,25.55,29.05,2451
DCMSHRIRAM,20191104,374.7,379.9,366.3,369.4,88454
DCW,20191104,15.5,16.3,15.3,16,278145
DECCANCE,20191104,348.45,361,345.1,356.85,20205
DEEPAKFERT,20191104,106.25,114,105,111.7,1082887
DEEPAKNTR,20191104,342.95,342.95,337.25,338.6,178168
DEEPIND,20191104,107.5,111,105.5,109.75,27917
DELTACORP,20191104,207.4,207.95,195.1,196.7,817108
DELTAMAGNT,20191104,32.85,36,32.85,36,441
DEN,20191104,49,49,45.75,45.75,135284
DENORA,20191104,217.1,217.65,205,207.65,3147
DFMFOODS,20191104,248.9,249.65,248,248.2,31407
DGCONTENT,20191104,4.8,5,4.75,4.75,74774
DHAMPURSUG,20191104,218,221,211.55,215.85,393904
DHANBANK,20191104,16.05,16.1,15.2,15.45,624605
DHANUKA,20191104,301.1,305,295.95,301.85,28070
DHARSUGAR,20191104,7.6,7.95,7.6,7.75,14222
DHFL,20191104,17.4,19.2,17.4,19.2,6134011
DHUNINV,20191104,207.55,218.85,207.55,216.85,881
DIAMONDYD,20191104,939.95,939.95,910.35,934.35,1617
DICIND,20191104,327.55,337.05,327.55,330.3,540
DIGISPICE,20191104,6.9,7.2,6.65,6.75,8659
DISHTV,20191104,16.4,16.4,14.3,14.55,79293726
DIVISLAB,20191104,1755,1755,1716.45,1735.15,515116
DIXON,20191104,3032,3040,3010,3015.25,4477
DLF,20191104,185.3,188.4,182.3,184.3,6416447
DLINKINDIA,20191104,95,101,95,98.55,65866
DMART,20191104,1975,1994.9,1940,1956.65,309293
DNAMEDIA,20191104,0.35,0.35,0.3,0.35,53807
DOLAT,20191104,79.95,80.05,76,78.5,88509
DOLLAR,20191104,189,189,179,180.55,10202
DONEAR,20191104,32.15,32.9,31.65,32.35,12346
DPSCLTD,20191104,9.45,9.65,9.25,9.3,38122
DQE,20191104,2.2,2.25,2.2,2.25,2121
DREDGECORP,20191104,370,373.85,358.45,362.1,330825
DRREDDY,20191104,2765.25,2810,2748.55,2797.8,808849
DSSL,20191104,24.5,26.45,24.5,25.25,363
DTIL,20191104,162.5,169.65,160,162.45,14297
DUCON,20191104,5.65,5.65,5.65,5.65,13410
DVL,20191104,74,75.5,72.5,73.55,5229
DWARKESH,20191104,27.4,28.5,27,27.75,702321
DYNAMATECH,20191104,1242,1242,1143,1154.05,1504
DYNPRO,20191104,139.7,142,137.1,138.85,30049
EASTSILK,20191104,0.6,0.6,0.5,0.5,3500
ECLERX,20191104,450,461.9,450,457.2,15890
EDELWEISS,20191104,95,96.9,93.55,94.4,1940044
EICHERMOT,20191104,22240,22280,21560,21740.7,157014
EIDPARRY,20191104,170.2,172.45,168,169.15,299575
EIHAHOTELS,20191104,320,330,320,325.7,2517
EIHOTEL,20191104,166.15,167.25,161.6,162.4,111472
EIMCOELECO,20191104,291,298.9,289.15,297.75,1597
EKC,20191104,29.4,29.9,28.35,28.65,254425
ELECON,20191104,37.4,39.6,36.4,39.25,144248
ELECTCAST,20191104,13.45,13.5,13.35,13.45,58053
ELECTHERM,20191104,138.1,146.45,138.1,142.35,5020
ELGIEQUIP,20191104,273.25,277.95,272,274.6,45298
ELGIRUBCO,20191104,16.5,16.7,16.15,16.45,2369
EMAMILTD,20191104,328.75,335.5,325.1,329.55,231015
EMAMIPAP,20191104,77.5,77.5,73,74.05,2262
EMAMIREAL,20191104,45.35,45.4,43.35,45.4,8982
EMCO,20191104,0.75,0.75,0.7,0.7,3865
EMKAY,20191104,79.2,81.5,75.5,76.05,18260
EMMBI,20191104,114.95,117.9,113.15,115,5952
ENDURANCE,20191104,1065.6,1120,1065.6,1111.15,9047
ENERGYDEV,20191104,5.55,5.6,5.3,5.45,37883
ENGINERSIN,20191104,121.65,123,118.4,118.9,1297534
ENIL,20191104,265.2,266.65,259,259.95,14011
EON,20191104,15.45,15.5,14.15,15.5,15107
EQ30,20191104,344.7,350,344.7,349.75,87
EQUITAS,20191104,96.7,99.9,95.55,98.2,3899496
ERIS,20191104,430,434.45,417.05,420.65,46348
EROSMEDIA,20191104,15.95,16.1,15.4,15.8,226029
ESABINDIA,20191104,1332.15,1353.65,1270,1301.75,2601
ESCORTS,20191104,650,657.75,638.75,648.6,2481003
ESSARSHPNG,20191104,7.5,7.8,7.15,7.5,9747
ESSELPACK,20191104,114.8,118.45,113,115,84868
ESTER,20191104,33,33.65,32.5,33.65,47674
EUROMULTI,20191104,0.4,0.45,0.35,0.4,3815
EUROTEXIND,20191104,13.5,13.9,12.6,13,1106
EVEREADY,20191104,58,59,55.55,58.1,746904
EVERESTIND,20191104,294.85,294.85,291.1,292.75,13658
EXCEL,20191104,0.95,1,0.9,1,219755
EXCELINDUS,20191104,978.95,990,970,980.4,13702
EXIDEIND,20191104,197,197,186,187.5,2773646
EXPLEOSOL,20191104,290,300,288.05,297.75,2049
FACT,20191104,40.85,40.9,40,40.1,69952
FAIRCHEM,20191104,497.95,497.95,482.55,483.95,6075
FCL,20191104,27.5,28.8,27,27.95,183892
FCONSUMER,20191104,27.5,27.8,26.25,26.55,1195785
FCSSOFT,20191104,0.25,0.25,0.2,0.2,880859
FDC,20191104,176.6,180,176.3,177.95,44915
FEDERALBNK,20191104,86.5,89.25,86.5,88.4,23388136
FEL,20191104,25.4,26,24.8,25.05,87381
FELDVR,20191104,24,24.9,23.55,23.85,10329
FIEMIND,20191104,390,397.8,386.35,389.4,8101
FILATEX,20191104,39.95,40,38.3,39.5,155452
FINCABLES,20191104,379.7,387.7,379.7,383.4,29136
FINEORG,20191104,1877.05,1916.6,1877.05,1911.65,5545
FINPIPE,20191104,597.15,603.8,590,591,22296
FLEXITUFF,20191104,4.9,4.9,4.5,4.5,16994
FLFL,20191104,414,414.8,401,407.2,15929
FLUOROCHEM,20191104,635.15,650,624.95,640.55,20336
FMGOETZE,20191104,559.4,559.4,550.6,551.3,923
FMNL,20191104,38,39.5,36.2,36.95,6803
FORCEMOT,20191104,1122,1210,1108.95,1179.65,135423
FORTIS,20191104,152,152.4,149,150.35,2435999
FOSECOIND,20191104,1375,1384,1355,1376.9,491
FRETAIL,20191104,381,381.5,377.5,378.8,354326
FSC,20191104,510,515.35,450.5,477.15,64973
FSL,20191104,49.75,50.7,49.5,50.15,1270570
GABRIEL,20191104,123.3,123.3,116.1,119,106814
GAEL,20191104,134.65,138.9,134,137.5,22737
GAIL,20191104,136.45,139.75,136.3,137.05,7028979
GAL,20191104,1.85,1.9,1.8,1.8,25803
GALAXYSURF,20191104,1501.15,1547,1483.3,1502.95,7251
GALLANTT,20191104,26.9,27.45,25.95,26.9,14492
GALLISPAT,20191104,19.9,20.4,19.45,19.6,13748
GAMMNINFRA,20191104,0.3,0.3,0.25,0.3,860127
GANDHITUBE,20191104,297.3,299.9,295,296.4,3792
GANECOS,20191104,276.35,276.35,272.55,273.25,5703
GANESHHOUC,20191104,35.05,36.55,34.3,34.65,28623
GANGESSECU,20191104,37.25,41.95,37.05,37.2,528
GARDENSILK,20191104,11.8,11.8,11.05,11.1,8052
GARFIBRES,20191104,1175.65,1209.95,1175,1200.8,3389
GATI,20191104,60.15,62.75,59.55,62.75,1552216
GAYAHWS,20191104,0.3,0.3,0.25,0.25,161064
GAYAPROJ,20191104,124.15,124.95,120,122.8,315635
GBGLOBAL,20191104,12.6,12.6,12.6,12.6,10
GDL,20191104,93.1,94.95,90.25,90.8,281485
GEECEE,20191104,97.85,99.75,94.1,97.6,4770
GENESYS,20191104,80.35,83,80,80.3,13582
GENUSPAPER,20191104,5.15,5.25,5,5.15,66111
GENUSPOWER,20191104,25.45,25.95,24.7,24.95,96775
GEOJITFSL,20191104,29.9,30.2,29.3,29.45,107721
GEPIL,20191104,708,725.4,702.55,717.7,11725
GESHIP,20191104,295,298,290.25,292.4,163324
GET&D,20191104,202,208,198.2,199.45,24232
GFLLIMITED,20191104,86,86,83.1,84.6,39102
GFSTEELS,20191104,4.75,4.75,4.75,4.75,305
GHCL,20191104,215,215.9,212.1,212.75,67760
GICHSGFIN,20191104,162,166.8,160.4,163.1,277950
GICRE,20191104,301,311.9,292,293,499905
GILLANDERS,20191104,27.15,30,27.15,27.8,5937
GILLETTE,20191104,7960.1,8018.5,7930,7937.85,3102
GINNIFILA,20191104,9.45,9.9,9.45,9.9,52755
GIPCL,20191104,71.75,73.4,71.6,71.85,183534
GKWLIMITED,20191104,730.05,802,700,730,51
GLAXO,20191104,1670,1693,1641.2,1650.8,33393
GLENMARK,20191104,318,322.95,315.1,316.15,812407
GLOBALVECT,20191104,55.85,58,54.65,55.5,10649
GLOBOFFS,20191104,6.05,6.15,5.8,6.05,4057
GLOBUSSPR,20191104,123.3,124.9,119.25,121,46971
GMBREW,20191104,404,408.5,397.55,402.8,49528
GMDCLTD,20191104,64.15,65.8,63.5,64.5,166747
GMMPFAUDLR,20191104,1372.4,1414,1370,1401.9,9714
GMRINFRA,20191104,20.95,21.2,20.75,20.85,9970982
GNA,20191104,280.25,284,267,268,46233
GNFC,20191104,221.45,224.5,216.8,219.4,525180
GOACARBON,20191104,219,227,215.1,225.65,22673
GOCLCORP,20191104,270.1,295.95,268.45,288.8,77319
GODFRYPHLP,20191104,1105,1134.4,1082.45,1101.6,55263
GODREJAGRO,20191104,515,521.95,511.15,519,64306
GODREJCP,20191104,738,740.85,718.5,721,863358
GODREJIND,20191104,425,428.5,417.15,424.35,105219
GODREJPROP,20191104,1004.95,1006,978,985.7,123475
GOKEX,20191104,87,94.5,86.95,93.45,191934
GOKUL,20191104,11.35,11.45,11.15,11.25,3226
GOKULAGRO,20191104,13.85,13.85,12.85,13.15,21427
GOLDBEES,20191104,3417,3427,3402.6,3418.7,14053
GOLDENTOBC,20191104,28.05,32.5,28.05,30.3,8148
GOLDIAM,20191104,140.75,143.75,137.5,139.9,63337
GOLDSHARE,20191104,3431.35,3448.9,3423,3430.25,2858
GOLDTECH,20191104,10.85,10.85,9.55,10.2,17733
GOODLUCK,20191104,54,57.8,54,57,23691
GPIL,20191104,150.5,159.8,150.45,152.8,139977
GPPL,20191104,88.25,88.9,87,88.55,184101
GPTINFRA,20191104,42.5,44.8,42.5,44.25,52472
GRANULES,20191104,121,125.9,121,123.4,1069250
GRAPHITE,20191104,290.75,310.9,288.05,299.3,3854173
GRASIM,20191104,784.45,795.9,780,783.8,2504708
GRAVITA,20191104,40.2,42.9,40.2,42.05,70054
GREAVESCOT,20191104,139.4,140,135.55,136.65,777103
GREENLAM,20191104,920,920,886.5,898.05,550
GREENPANEL,20191104,32.5,32.85,32.5,32.85,66644
GREENPLY,20191104,159.3,161.3,159.3,160.2,67352
GREENPOWER,20191104,1.45,1.45,1.35,1.4,290369
GRINDWELL,20191104,600.2,608.05,593.65,604.05,210566
GROBTEA,20191104,314.45,314.45,313.9,313.95,20
GRPLTD,20191104,880.05,910,880.05,896.4,123
GRSE,20191104,234.65,249,229.15,240.1,895774
GSCLCEMENT,20191104,19.5,20.8,19.5,20.25,45041
GSFC,20191104,81.8,83.3,81.05,81.45,395554
GSKCONS,20191104,9260,9280,9133,9174.6,9178
GSPL,20191104,214.45,222,213.5,220.9,730354
GSS,20191104,37,37.15,35.5,37.1,89051
GTL,20191104,1.4,1.45,1.35,1.45,238177
GTLINFRA,20191104,0.45,0.45,0.4,0.45,2687873
GTNIND,20191104,5.8,6.15,5.55,5.6,237
GTNTEX,20191104,7.6,7.6,7.25,7.25,269
GTPL,20191104,74.95,75,72.85,74.5,31036
GUFICBIO,20191104,70,73.8,70,70.9,38228
GUJALKALI,20191104,474.75,479.6,464,469.2,91872
GUJAPOLLO,20191104,135,135,129.05,129.2,3945
GUJGASLTD,20191104,198.65,207.95,197,205.4,1132433
GUJRAFFIA,20191104,7.9,7.9,7.9,7.9,3
GULFOILLUB,20191104,867,889,867,885,24983
GULFPETRO,20191104,40.3,43.5,40.3,41.45,17410
GULPOLY,20191104,43.1,43.65,41.6,43.05,8459
GVKPIL,20191104,5.05,5.05,5.05,5.05,183145
HAL,20191104,794,798.05,775,778.25,15574
HARITASEAT,20191104,485,485,460,463.5,2159
HARRMALAYA,20191104,48.15,48.9,48,48.2,49048
HATHWAY,20191104,21.8,21.8,21,21.4,205198
HATSUN,20191104,606.05,609.55,601.1,604.3,3813
HAVELLS,20191104,689.65,697,685.8,693.7,830617
HAVISHA,20191104,0.6,0.6,0.6,0.6,21651
HBLPOWER,20191104,17.3,17.85,16.85,17.25,202630
HCC,20191104,9.6,9.85,8.85,9,2561133
HCG,20191104,118.9,120,111.65,113.3,22705
HCL-INSYS,20191104,7.9,8.55,7.85,8.45,1445088
HCLTECH,20191104,1160.05,1166.3,1152.05,1155.9,1511084
HDFC,20191104,2140.9,2195,2121.1,2181.3,6580464
HDFCAMC,20191104,2985,2985,2929,2946.95,230017
HDFCBANK,20191104,1246.45,1250,1229.05,1236.85,4967588
HDFCLIFE,20191104,612.5,615.7,588.4,593.3,12053809
HDFCMFGETF,20191104,3482.25,3501,3482.25,3492.2,906
HDFCNIFETF,20191104,1245.58,1254.01,1245.58,1246.96,892
HDFCSENETF,20191104,4299.99,4299.99,4243,4243,64
HDIL,20191104,1.65,1.75,1.65,1.75,3027632
HEG,20191104,999.2,1066,996,1026.45,964997
HEIDELBERG,20191104,185.25,193.3,185.25,191,343218
HERCULES,20191104,96,110.7,94.6,100.2,237881
HERITGFOOD,20191104,328,347.15,321.5,343.85,385779
HEROMOTOCO,20191104,2712,2714.95,2638,2643.5,760461
HESTERBIO,20191104,1608,1693.9,1600,1684.85,5507
HEXATRADEX,20191104,14.4,14.4,13.1,13.1,88619
HEXAWARE,20191104,341.95,347.45,337.45,341.45,958211
HFCL,20191104,17.85,17.95,17.55,17.75,1225909
HGINFRA,20191104,186.8,187.95,183.65,184.95,17384
HGS,20191104,577.05,580,566.55,576.7,2149
HIKAL,20191104,120.6,131.8,116.3,124.05,1268673
HIL,20191104,1200,1200,1170.2,1177.6,9630
HILTON,20191104,8.7,8.7,6.8,7.8,7921
HIMATSEIDE,20191104,155.5,155.5,150,151.25,45626
HINDALCO,20191104,195.5,204.1,195.5,197.95,15421372
HINDCOMPOS,20191104,178,184.95,178,180.45,3241
HINDCOPPER,20191104,43.7,44.7,43,43.45,1941898
HINDMOTORS,20191104,6.15,6.5,6.05,6.2,65813
HINDNATGLS,20191104,36.8,36.95,35.35,35.55,1967
HINDOILEXP,20191104,99.6,102.45,98.7,100.05,345244
HINDPETRO,20191104,318.7,325.7,318.1,319.1,2979670
HINDSYNTEX,20191104,3,3,2.9,3,22
HINDUJAVEN,20191104,334.9,334.9,320,326.5,1146
HINDUNILVR,20191104,2179.35,2186.85,2149.8,2158.15,1523698
HINDZINC,20191104,209,215.95,209,210.5,2258686
HIRECT,20191104,184.8,195.6,181.95,192.75,123187
HISARMETAL,20191104,55,59.5,55,56.75,22401
HITECH,20191104,167.65,177.9,166.05,167.95,5700
HITECHCORP,20191104,84,87,82.5,83.45,2111
HITECHGEAR,20191104,185.85,220.05,182,203.25,129630
HMVL,20191104,90.4,91,82.4,85.3,91761
HNDFDS,20191104,607,635.9,600,631,5834
HNGSNGBEES,20191104,3220,3220,3131,3214,34
HONAUT,20191104,28484.9,28976.95,28266,28362.35,1248
HONDAPOWER,20191104,1130.05,1156.05,1103.6,1123,4311
HOTELEELA,20191104,7.95,7.95,7.75,7.8,133772
HOTELRUGBY,20191104,1.15,1.15,1.15,1.15,10
HOVS,20191104,65.55,68.5,62.2,64.2,6771
HPL,20191104,45,45.4,43,43.15,16649
HSCL,20191104,76.15,76.5,75.05,75.25,501142
HSIL,20191104,49.55,54.8,49,53.05,539262
HTMEDIA,20191104,20,22.95,17.65,18.5,4071009
HUBTOWN,20191104,14,14.9,13.3,14.05,47237
HUDCO,20191104,40.1,41.9,40.05,40.8,1376628
IBMFNIFTY,20191104,118.95,120,116.05,116.79,611
IBREALEST,20191104,60.7,60.8,60,60.75,2477790
IBULHSGFIN,20191104,218.6,228.8,214.5,218.8,42777294
IBULISL,20191104,69.9,69.9,69.9,69.9,10352
IBVENTURES,20191104,111.1,111.1,111.1,111.1,71796
ICICI500,20191104,157.6,158.7,157.5,157.5,611
ICICIB22,20191104,36.01,36.8,36.01,36.48,908941
ICICIBANK,20191104,463,472.3,463,470.5,16254715
ICICIBANKN,20191104,307,307,303,303.61,3279
ICICIBANKP,20191104,168,169.66,166.28,167.87,860
ICICIGI,20191104,1333,1339.9,1311,1322.75,355312
ICICIGOLD,20191104,34.6,35.95,34.6,34.9,18852
ICICILIQ,20191104,1000,1000,999.99,999.99,17369
ICICILOVOL,20191104,96,96,93.51,93.99,3105
ICICIMCAP,20191104,65.18,65.57,64.68,65.01,6144
ICICINF100,20191104,134,134,128.92,129.55,3680
ICICINIFTY,20191104,125.4,126.98,124.75,125.66,97442
ICICINV20,20191104,59.77,59.77,58.01,58.34,7663
ICICINXT50,20191104,30,30,28.83,28.95,20324
ICICIPRULI,20191104,509.85,514,506.2,510.65,1507498
ICICISENSX,20191104,460,465,418,429,570
ICIL,20191104,45.65,46.6,45.1,46.4,80042
ICRA,20191104,2680.2,2788,2680,2762.7,903
IDBI,20191104,34,35.85,34,34.95,2343316
IDBIGOLD,20191104,3551.4,3558,3540,3541.05,398
IDEA,20191104,4.5,4.75,4.4,4.5,179149168
IDFC,20191104,36.05,36.4,34.8,35.05,1918883
IDFCFIRSTB,20191104,44.25,45.1,43.5,43.7,18678288
IDFNIFTYET,20191104,123,124,122.99,122.99,130
IEX,20191104,144.05,145.8,138.3,143.25,415436
IFBAGRO,20191104,446,446,421.9,426.3,17025
IFBIND,20191104,764,765.05,713,721.7,29191
IFCI,20191104,9.35,9.35,8.25,8.45,6259218
IFGLEXPOR,20191104,154.45,161.05,154.4,155.5,3289
IGARASHI,20191104,249.65,257,236,242.7,119323
IGL,20191104,394,394.9,388.65,391.55,831441
IGPL,20191104,155.6,159.7,154.55,155.2,17338
IIFL,20191104,117.1,118.95,115.5,117.15,80799
IIFLSEC,20191104,29.1,30.4,28.2,29.95,284638
IIFLWAM,20191104,1332,1353,1260.85,1315.05,13389
IITL,20191104,64.5,67.15,64.5,67.15,107
IMFA,20191104,182,198.9,182,193,57520
IMPAL,20191104,650,676.9,650,659.1,1232
INDBANK,20191104,8.05,8.75,8.05,8.45,35131
INDHOTEL,20191104,150.8,153.65,150.8,152.55,1514268
INDIACEM,20191104,85.75,88.9,85.75,87.05,3555021
INDIAGLYCO,20191104,239.3,247,237,238.75,100842
INDIAMART,20191104,1857,1868.7,1812,1825.3,30047
INDIANB,20191104,133,139.65,132.8,135,2408647
INDIANCARD,20191104,100.1,104.85,100,100.05,2186
INDIANHUME,20191104,264.5,270,262.5,265.55,13529
INDIGO,20191104,1440.05,1459.65,1421.6,1436.4,1638666
INDLMETER,20191104,17.6,18.45,17.1,18.45,603
INDNIPPON,20191104,340,340,331.6,334.1,4254
INDOCO,20191104,162.2,164.1,157.35,162.3,48275
INDORAMA,20191104,31.5,32.1,30.2,30.35,12236
INDOSTAR,20191104,203.5,224,199.5,208.7,361087
INDOTECH,20191104,90.05,98,90,94.9,10990
INDOTHAI,20191104,24.9,27,22.35,24.65,6205
INDOWIND,20191104,3,3.2,2.95,3,28223
INDRAMEDCO,20191104,40.9,43,40.45,42.1,283292
INDSWFTLAB,20191104,31.9,31.9,30.1,30.3,60700
INDSWFTLTD,20191104,3.85,3.9,3.7,3.7,35175
INDTERRAIN,20191104,73,76.9,73,75.55,5196
INDUSINDBK,20191104,1374.95,1393.9,1350,1352.3,3641707
INEOSSTYRO,20191104,661.55,670.9,657.95,668.15,2887
INFIBEAM,20191104,45.5,47,45.5,45.65,1424898
INFOBEAN,20191104,69.4,70.1,67.5,67.6,11022
INFRABEES,20191104,340.7,343.5,331.9,342.6,262
INFRATEL,20191104,207.45,217.6,207.45,214.85,16966469
INFY,20191104,681.8,732.5,678.15,709,29381982
INGERRAND,20191104,650,659.85,635.5,638.1,7083
INOXLEISUR,20191104,384.6,390.75,377.45,384.1,196558
INOXWIND,20191104,35.9,36.9,35.05,35.5,257767
INSECTICID,20191104,555.15,563.9,546.25,554.95,20483
INSPIRISYS,20191104,47.85,50.05,45.5,46.7,6830
INTEGRA,20191104,0.2,0.2,0.2,0.2,150
INTELLECT,20191104,195.5,195.9,185,186.95,361585
INTENTECH,20191104,33.7,33.7,31.1,31.55,2092
INVENTURE,20191104,14.8,14.8,14.5,14.5,36521
IOB,20191104,11.1,12.2,11,12,5120317
IOC,20191104,142.65,142.7,138.1,138.7,11549826
IOLCP,20191104,199.8,207.7,199.8,205.25,481633
IPAPPM,20191104,311.15,324.4,311.15,314.65,12532
IPCALAB,20191104,1025,1039.15,1001,1005.4,182399
IRB,20191104,79.2,79.65,78.4,78.85,607990
IRCON,20191104,431.9,433.4,421,422.3,69643
IRCTC,20191104,895,898,880.25,883.45,839167
ISEC,20191104,310,325.45,310,317.7,111675
ISFT,20191104,81.6,81.6,81.6,81.6,735
ISMTLTD,20191104,4,4.35,4,4.3,20546
ITC,20191104,262.95,264.95,260.05,260.75,7895272
ITDC,20191104,374.75,374.8,365.55,366.9,96686
ITDCEM,20191104,62.9,63.45,60.45,63.45,358304
ITI,20191104,91.7,93.3,89.5,90.8,1023687
IVC,20191104,3.55,3.7,3.5,3.6,128595
IVP,20191104,68.6,70,67.2,69,1655
IVZINGOLD,20191104,3520,3520,3515,3515,238
IVZINNIFTY,20191104,1289,1290.45,1289,1289,17
IZMO,20191104,33.8,33.8,31.85,32.05,7641
J&KBANK,20191104,32.7,33.6,32.65,32.95,666313
JAGRAN,20191104,57.3,58,56.4,56.55,348886
JAGSNPHARM,20191104,27,27.9,26.35,27.6,16013
JAIBALAJI,20191104,18.55,20.2,18.55,19.05,2144
JAICORPLTD,20191104,90.7,94.5,89.05,93.35,2543675
JAINSTUDIO,20191104,1.95,2,1.95,2,281
JAMNAAUTO,20191104,45.6,45.6,44.3,44.75,995462
JASH,20191104,124.95,124.95,118.45,119.75,1167
JAYAGROGN,20191104,141.3,142.9,138.85,139.85,6761
JAYBARMARU,20191104,211,218,210.15,213.85,65608
JAYNECOIND,20191104,3.7,3.95,3.7,3.75,15894
JAYSREETEA,20191104,49.6,50.4,49,49.95,47119
JBCHEPHARM,20191104,350,370,349.95,366.65,128145
JBFIND,20191104,7.75,7.8,7.45,7.7,39979
JBMA,20191104,223.2,228,219,221.7,40051
JCHAC,20191104,2088.55,2088.55,2051.35,2073.7,4897
JHS,20191104,17.4,17.95,16.8,17.45,24082
JIKIND,20191104,0.3,0.3,0.25,0.3,14512
JINDALPHOT,20191104,14,14.35,13.15,13.6,1820
JINDALPOLY,20191104,222.7,227.75,219.95,221.3,15550
JINDALSAW,20191104,87.25,88.85,86.65,86.9,538325
JINDALSTEL,20191104,125.25,141.3,125.25,137.2,67908658
JINDCOT,20191104,1.55,1.6,1.5,1.55,8819
JINDRILL,20191104,82.7,84.4,80,80.35,18638
JINDWORLD,20191104,58.75,58.8,57.05,57.45,124126
JISLDVREQS,20191104,11.25,11.25,11.25,11.25,6744
JISLJALEQS,20191104,16.55,16.55,16.55,16.55,295947
JITFINFRA,20191104,6.8,6.95,6.8,6.9,213
JIYAECO,20191104,38.1,41.2,37.8,40,281296
JKCEMENT,20191104,1145,1150,1112.7,1131.8,29644
JKIL,20191104,157,157,149.7,151.7,327910
JKLAKSHMI,20191104,299,317.85,296.5,307.55,970581
JKPAPER,20191104,119.9,122,118.5,119.9,1139836
JKTYRE,20191104,75,76.4,73,73.7,835618
JMA,20191104,26,26,24.55,24.85,614
JMCPROJECT,20191104,104,105.9,100.15,105.3,98433
JMFINANCIL,20191104,83,83,81.1,81.8,202163
JMTAUTOLTD,20191104,1.15,1.2,1.1,1.2,115138
JOCIL,20191104,105.4,105.4,100.1,105.4,35375
JPASSOCIAT,20191104,2.3,2.35,2.2,2.3,5483907
JPINFRATEC,20191104,1.3,1.3,1.25,1.3,257028
JPOLYINVST,20191104,11.1,11.65,10.55,11.65,3222
JPPOWER,20191104,1.15,1.15,1.1,1.1,2631719
JSL,20191104,36.7,39.1,36.7,38.5,1087015
JSLHISAR,20191104,71.8,76.4,71.55,74.6,289696
JSWENERGY,20191104,75.4,76.85,72.5,73.2,4880455
JSWHL,20191104,2593.5,2619.3,2566,2579.15,710
JSWSTEEL,20191104,238.7,254.85,238.7,250.2,17613567
JTEKTINDIA,20191104,92,93.4,91.1,91.25,32987
JUBILANT,20191104,544.9,554.9,541.25,546.4,207896
JUBLFOOD,20191104,1581.9,1593,1554.9,1563.6,491399
JUBLINDS,20191104,112.6,112.85,110.7,112.45,6592
JUMPNET,20191104,67.45,69.7,67,69.35,1147673
JUNIORBEES,20191104,299.9,301.4,295.88,297.04,230407
JUSTDIAL,20191104,564,586.45,557.8,566.75,4274553
JYOTHYLAB,20191104,177,180,174.25,175.75,317751
KABRAEXTRU,20191104,71.85,74,69.2,72.1,11288
KAJARIACER,20191104,568.25,573.6,550,554.7,166717
KAKATCEM,20191104,169.5,175,169.5,173.25,19751
KALPATPOWR,20191104,443.75,445,434,439.55,187303
KALYANIFRG,20191104,169,173.25,169,170,435
KAMATHOTEL,20191104,36.6,37.45,36.15,36.55,33664
KAMDHENU,20191104,106,111,101,106.7,17964
KANANIIND,20191104,3.05,3.05,2.8,2.8,601
KANORICHEM,20191104,46,46.35,45.05,45.25,18406
KANSAINER,20191104,541.85,541.9,525.8,529.9,179577
KARDA,20191104,149.35,153.65,148,148.65,19436
KARMAENG,20191104,9.9,10.4,9.55,10.4,1033
KARURVYSYA,20191104,56,57.9,56,56.85,1930574
KAUSHALYA,20191104,0.5,0.5,0.5,0.5,2386
KAYA,20191104,412.5,412.5,395,403.05,9864
KCP,20191104,69.8,69.8,65.6,67.9,38414
KCPSUGIND,20191104,14.1,14.35,13.5,13.75,115750
KDDL,20191104,380.95,424.4,370,370.25,2015
KEC,20191104,280,280.4,272.15,274.25,532014
KECL,20191104,12.25,12.25,12.25,12.25,35501
KEI,20191104,586,586,565.05,568.05,85198
KELLTONTEC,20191104,16.9,17.7,16.3,17.55,225329
KENNAMET,20191104,1150.1,1176.4,1125.6,1135.05,1486
KERNEX,20191104,24.8,24.8,22.5,22.5,6469
KESARENT,20191104,36.95,36.95,36.95,36.95,2388
KESORAMIND,20191104,58.5,58.55,53.85,57.3,282989
KEYFINSERV,20191104,28.3,28.6,28.3,28.35,55
KGL,20191104,0.35,0.4,0.35,0.4,734332
KHADIM,20191104,268,272,250.5,252.7,127041
KHAITANLTD,20191104,18.05,19.05,18.05,19.05,522
KICL,20191104,1699.95,1740,1671,1680.75,942
KILITCH,20191104,118,129.7,117.95,129.7,35861
KINGFA,20191104,687.9,695.35,663.6,677.4,1224
KIOCL,20191104,120.2,126.2,120.2,123.95,33737
KIRIINDUS,20191104,413,424.8,407.5,409.4,88659
KIRLOSBROS,20191104,150.7,153.05,145.85,147.25,45813
KIRLOSENG,20191104,179.7,179.7,170,172.2,15977
KIRLOSIND,20191104,656.05,661.05,650,654,608
KITEX,20191104,88.3,88.3,86.6,87.05,173858
KKCL,20191104,999,1000,981,989.35,603
KMSUGAR,20191104,7.15,7.15,6.7,6.75,85331
KNRCON,20191104,236.45,268,234.05,262.45,1006255
KOHINOOR,20191104,9.5,9.5,9.5,9.5,11596
KOKUYOCMLN,20191104,82,82,77.6,77.8,32473
KOLTEPATIL,20191104,261,263.9,250,255.85,80844
KOPRAN,20191104,31.45,32.9,31,31.5,119142
KOTAKBANK,20191104,1584,1596.8,1565,1571.05,1434393
KOTAKBKETF,20191104,312.49,313.48,309.01,310.52,437712
KOTAKGOLD,20191104,343.25,343.95,341.55,342.85,11495
KOTAKNIFTY,20191104,123.17,123.89,122.49,123.28,101711
KOTAKNV20,20191104,59.01,59.5,59,59.08,21539
KOTAKPSUBK,20191104,251,257,250.2,253.38,11352
KOTARISUG,20191104,10.65,10.65,10.3,10.45,10643
KOTHARIPET,20191104,17.25,17.3,17,17.05,5235
KOTHARIPRO,20191104,60.2,63,60.2,62.5,4434
KPITTECH,20191104,94.9,94.9,88.25,91.85,181753
KPRMILL,20191104,656.15,662.05,655,657,7819
KRBL,20191104,225.5,232.9,221,230.45,184824
KREBSBIO,20191104,89.5,94.9,85.2,88.55,3312
KRIDHANINF,20191104,4.5,4.5,4.5,4.5,104373
KSB,20191104,680.05,698.75,680,691,5103
KSCL,20191104,523,534,523,529.8,81711
KSERASERA,20191104,0.1,0.1,0.05,0.1,659554
KSK,20191104,0.5,0.6,0.45,0.6,3508050
KSL,20191104,208.6,220,207.1,214.8,230451
KTIL,20191104,30.9,33.2,30.3,32.05,4526
KTKBANK,20191104,80,80.7,79.2,79.9,626792
KUANTUM,20191104,460,460.05,460,460.05,225
KWALITY,20191104,2.7,2.7,2.7,2.7,100906
L&TFH,20191104,97.4,99.1,95.9,96.75,8014726
LAKSHVILAS,20191104,16.95,16.95,16.95,16.95,261061
LALPATHLAB,20191104,1460.5,1466,1415,1441.2,205303
LAMBODHARA,20191104,30.5,32.1,29.75,31.85,16839
LAOPALA,20191104,164.7,167.45,163.1,164.55,41203
LASA,20191104,17.65,19,17.65,18.95,12234
LAURUSLABS,20191104,381,387.2,371.1,373.55,178834
LAXMIMACH,20191104,3619.75,3662.95,3575,3582.45,3905
LEMONTREE,20191104,63.7,63.7,62.6,62.9,334510
LFIC,20191104,49.05,53.65,49,50.55,562
LGBBROSLTD,20191104,322,324.85,298.85,302.4,29012
LGBFORGE,20191104,2.85,2.85,2.45,2.5,16559
LIBAS,20191104,51.95,55.4,45.5,51.9,68011
LIBERTSHOE,20191104,129.05,133.7,125.1,126.95,1375955
LICHSGFIN,20191104,429.8,429.8,413.45,420.9,2378852
LICNETFGSC,20191104,23,23,20.77,21,12525
LICNETFN50,20191104,123,125,121,122.51,293
LICNETFSEN,20191104,500,500,500,500,1
LICNFNHGP,20191104,123.65,128,123.65,127.65,22
LINCOLN,20191104,161.25,170.6,158.1,161.7,36358
LINCPEN,20191104,182.5,202.85,179.05,199.7,7582
LINDEINDIA,20191104,569.95,579,560.15,564.9,19558
LIQUIDBEES,20191104,1000,1000.01,999.62,999.99,775798
LIQUIDETF,20191104,999.99,1000.01,999.99,999.99,49337
LOKESHMACH,20191104,35.25,36.4,34.2,34.8,12197
LOTUSEYE,20191104,20.95,20.95,19.75,20.35,1709
LOVABLE,20191104,67,72.15,67,71.7,41986
LPDC,20191104,1.8,1.85,1.75,1.85,1766
LSIL,20191104,0.5,0.5,0.45,0.5,476814
LT,20191104,1457.8,1468,1450,1452.2,1459894
LTI,20191104,1687,1704,1651,1659.3,31372
LTTS,20191104,1510,1515,1498,1500.85,98881
LUMAXIND,20191104,1290,1290,1270,1280.2,1971
LUMAXTECH,20191104,96.85,97.9,95,95.1,35424
LUPIN,20191104,768.2,769.6,756,759.95,737810
LUXIND,20191104,1219,1219,1190.3,1211.5,47130
LYKALABS,20191104,16.85,18.2,16.8,17.8,27534
LYPSAGEMS,20191104,4.35,4.7,4.05,4.25,12408
M&M,20191104,591,594.55,581.9,586.4,3128961
M&MFIN,20191104,357,367.35,356.25,359.7,1737324
M100,20191104,17.7,17.85,17.56,17.69,29743
M50,20191104,116.9,117,116.28,116.99,1063
MAANALU,20191104,63.4,67.3,63.4,64.45,7631
MADHAV,20191104,23.3,26,23.3,24.8,568
MADHUCON,20191104,4.55,4.55,4.3,4.55,27593
MADRASFERT,20191104,20.8,21,20.7,20.8,155242
MAGADSUGAR,20191104,112.5,116.5,111,111.6,14532
MAGMA,20191104,54.95,54.95,52.7,53.05,77551
MAGNUM,20191104,3.45,3.45,3.3,3.45,5016
MAHABANK,20191104,12.5,13.75,12.5,12.95,1746193
MAHASTEEL,20191104,150.15,154.5,150.15,153.7,11357
MAHESHWARI,20191104,248,248,237.1,237.95,17958
MAHINDCIE,20191104,152.1,155.25,149.1,152.55,329447
MAHLIFE,20191104,409,415,404.4,406.95,23758
MAHLOG,20191104,378.2,380,362.2,375.55,46552
MAHSCOOTER,20191104,4597.4,4723.85,4580,4610.6,9610
MAHSEAMLES,20191104,372.8,389,368,378.45,9839
MAITHANALL,20191104,454.15,480,451.55,460.35,61558
MAJESCO,20191104,430.55,434.5,417.5,419.3,12045
MALUPAPER,20191104,25.5,25.5,24.15,24.5,11617
MAN50ETF,20191104,121,121.2,120.6,120.78,395
MANAKALUCO,20191104,4.35,4.6,4.2,4.45,15222
MANAKCOAT,20191104,3.7,3.9,3.7,3.9,4690
MANAKSIA,20191104,36,39.8,34.35,37.65,47409
MANAKSTEEL,20191104,10.4,11.9,10.25,10.85,24090
MANALIPETC,20191104,18.4,18.75,18.1,18.55,172065
MANAPPURAM,20191104,172.8,173.8,170.7,171.1,3012633
MANGALAM,20191104,37.7,37.7,37.7,37.7,11353
MANGCHEFER,20191104,30.05,30.5,29.4,29.6,73720
MANGLMCEM,20191104,313.5,330.05,310.55,322.5,64274
MANGTIMBER,20191104,5.4,5.4,5.15,5.3,7297
MANINDS,20191104,48,48,46.6,46.75,30309
MANINFRA,20191104,26.95,26.95,26,26.5,52700
MANUGRAPH,20191104,15,15.55,14.85,15.55,17543
MARALOVER,20191104,24.15,27.25,24.1,26.75,61809
MARATHON,20191104,77.05,82.3,77,78.25,7374
MARICO,20191104,371,371.45,363.55,365.6,1641703
MARKSANS,20191104,15.6,16.3,15.35,15.65,1204716
MARUTI,20191104,7550,7625,7407.45,7424,824953
MASFIN,20191104,728,731.75,711.5,726,12065
MASTEK,20191104,338.4,342,335.3,337.25,29877
MATRIMONY,20191104,495.05,509.55,495.05,504.5,924
MAWANASUG,20191104,34.75,35.85,34.75,35.25,86685
MAXINDIA,20191104,70.75,77.5,70.75,76.15,387743
MAXVIL,20191104,38.6,39.75,37.8,39,320031
MAYURUNIQ,20191104,223.3,224.65,215,215.4,30491
MAZDA,20191104,368.5,369.75,352.5,354.3,6394
MBAPL,20191104,78,78,74,74,1320
MBECL,20191104,3.6,3.75,3.5,3.75,24364
MBLINFRA,20191104,5.5,5.5,5.1,5.5,28801
MCDHOLDING,20191104,19.35,19.35,17.55,18.35,34412
MCDOWELL-N,20191104,637,644.4,627.75,636.4,1315012
MCLEODRUSS,20191104,7.65,7.65,7.15,7.45,439875
MCX,20191104,1195,1220,1172,1180.55,802428
MEGASOFT,20191104,7.15,7.3,6.95,7.1,20131
MEGH,20191104,52.1,54.4,52.1,53.3,856089
MELSTAR,20191104,0.85,0.85,0.85,0.85,299
MENONBE,20191104,56.6,59.3,56.6,57.25,11078
MEP,20191104,31.95,32.5,27.6,29,183265
MERCATOR,20191104,1.1,1.1,1.1,1.1,187627
METALFORGE,20191104,8.15,8.15,8.15,8.15,5321
METROPOLIS,20191104,1438,1481.2,1416.05,1450.75,20150
MFSL,20191104,405.45,443.9,404.5,431.95,2439720
MGL,20191104,1009.4,1016,973.3,977.7,329696
MHRIL,20191104,232,238,228.35,232.85,45661
MIC,20191104,0.7,0.7,0.6,0.65,159036
MIDHANI,20191104,163.9,182.8,158.7,173.45,2669034
MINDACORP,20191104,100,101.4,95.8,96.35,192479
MINDAIND,20191104,365,368,360.45,364.2,78047
MINDTECK,20191104,34.5,34.9,31.3,32.5,4796
MINDTREE,20191104,723.95,729,712.8,714.35,320031
MIRCELECTR,20191104,7.85,7.95,7.25,7.95,219203
MIRZAINT,20191104,61.4,62.3,60.4,60.75,836375
MMFL,20191104,394.3,420.05,394.3,412,8120
MMTC,20191104,19.5,19.95,19.1,19.6,1795905
MOHITIND,20191104,4.95,4.95,4.95,4.95,25
MOHOTAIND,20191104,10.55,10.55,9.55,9.55,22603
MOIL,20191104,137,147.2,136.5,140.25,1665253
MOLDTECH,20191104,51.2,53,51,51.5,18050
MOLDTKPAC,20191104,304.7,306,300,304.7,56546
MONTECARLO,20191104,237.05,241.1,235.95,238,13288
MORARJEE,20191104,12.4,14,12.4,13.15,12378
MOREPENLAB,20191104,17.1,17.5,17,17.05,476749
MOTHERSUMI,20191104,122.4,127.7,122.25,125.6,8755206
MOTILALOFS,20191104,698,714,681.65,691.8,273517
MOTOGENFIN,20191104,35,37.35,34.1,35.7,1086
MPHASIS,20191104,951.2,954.75,935.45,938.95,74942
MPSLTD,20191104,590.05,594,588,588.95,70615
MRF,20191104,65301,65709.95,64200,64440.35,5008
MRO-TEK,20191104,27.85,27.9,27.85,27.9,2751
MRPL,20191104,54.2,54.25,52.1,52.6,450248
MSPL,20191104,5.25,5.5,5.1,5.5,5288
MSTCLTD,20191104,121.2,127.25,116.05,117.15,758378
MTEDUCARE,20191104,23.5,23.5,23.5,23.5,13872
MTNL,20191104,8.45,8.45,8.45,8.45,84608
MUKANDENGG,20191104,12.8,12.8,11.5,12.1,3199
MUKANDLTD,20191104,33.55,35.4,33.55,34.3,11255
MUKTAARTS,20191104,41.65,42.5,40,40.7,27362
MUNJALAU,20191104,45,45.15,43.25,43.75,64534
MUNJALSHOW,20191104,139,139.75,136.05,138.3,9042
MURUDCERA,20191104,15.9,15.95,15.35,15.8,20869
MUTHOOTCAP,20191104,468,468,456,462.65,4599
MUTHOOTFIN,20191104,708,714.25,704.8,706.4,311815
MVL,20191104,0.1,0.1,0.05,0.1,242406
N100,20191104,578.7,578.7,560,569.69,5729
NACLIND,20191104,28.7,30,28,29.9,71461
NAGAFERT,20191104,3.35,3.35,3.35,3.35,34770
NAGAROIL,20191104,0.2,0.25,0.2,0.25,409871
NAGREEKCAP,20191104,7.3,7.3,7.3,7.3,50
NAGREEKEXP,20191104,16,16,15.1,15.2,6007
NAHARCAP,20191104,75.45,75.45,73.5,74.05,1584
NAHARINDUS,20191104,25.4,26.9,25.4,26.7,6987
NAHARPOLY,20191104,34.1,35.3,34.1,35.3,1758
NAHARSPING,20191104,53.25,54.5,51.75,53.3,12640
NATCOPHARM,20191104,584.1,601,584.1,589.9,133548
NATHBIOGEN,20191104,327,342.05,327,330.55,30185
NATIONALUM,20191104,46.4,47.75,46.15,46.8,11202833
NATNLSTEEL,20191104,1.8,1.85,1.75,1.85,7655
NAUKRI,20191104,2617.8,2617.8,2511.65,2527.4,188911
NAVINFLUOR,20191104,898.9,906,877,892.1,65345
NAVKARCORP,20191104,35.55,37.1,35.25,36.25,157927
NAVNETEDUL,20191104,101.9,102.45,100,100.8,89371
NBCC,20191104,37.7,39.7,37.6,38.55,20822057
NBIFIN,20191104,1485,1530,1432.3,1498.2,703
NBVENTURES,20191104,73.15,74.55,73.15,73.7,78534
NCC,20191104,59.2,60.7,57.35,58,16260216
NCLIND,20191104,90.75,97.9,90.75,93.4,2091014
NDGL,20191104,521.5,574.9,521.5,551.25,249
NDL,20191104,33,34.05,32.35,33.8,19927
NDTV,20191104,34.05,34.75,33.05,33.2,8292
NECCLTD,20191104,5.9,5.9,5.3,5.45,62925
NECLIFE,20191104,14.45,15.35,14.45,14.75,237641
NELCAST,20191104,44.3,44.75,43.2,43.6,39269
NELCO,20191104,256.15,259.8,248,249.3,56072
NEOGEN,20191104,384,394.95,375.35,389.45,16844
NESCO,20191104,565,572,562.05,564,16531
NESTLEIND,20191104,14988.4,15091.7,14801.1,14813.35,39581
NETF,20191104,121.48,121.48,120.6,120.6,6
NETFCONSUM,20191104,56,56,54.28,54.4,3198
NETFDIVOPP,20191104,30.47,30.6,30.11,30.38,4312
NETFLTGILT,20191104,20.12,20.15,20.12,20.12,5261
NETFMID150,20191104,62.8,63,62.18,62.39,7081
NETFNIF100,20191104,125,125.42,124.24,124.9,252
NETFNV20,20191104,595,598,591.79,597.19,658
NETWORK18,20191104,24.25,24.8,23.7,23.8,273595
NEULANDLAB,20191104,504,507,493,499,6070
NEWGEN,20191104,184.95,185.95,178,179.2,55624
NEXTMEDIA,20191104,12.45,13.2,11.65,12.8,118775
NFL,20191104,29.2,29.95,29.1,29.45,585819
NH,20191104,262.15,278,262,275.7,448739
NHPC,20191104,23.5,23.9,23.4,23.7,2422658
NIACL,20191104,163,171,158.25,161.2,455810
NIBL,20191104,7.4,8.1,7.4,8,3201
NIFTYBEES,20191104,1265,1267,1259.05,1263.44,80355
NIFTYEES,20191104,14900,15349,14900,14970.01,14
NIITLTD,20191104,96.4,98.85,96.05,97.65,399170
NIITTECH,20191104,1553.4,1595.5,1538.2,1586.75,336654
NILAINFRA,20191104,4.9,5.1,4.85,5.05,86130
NILASPACES,20191104,1.3,1.35,1.25,1.35,171580
NILKAMAL,20191104,1289.8,1289.8,1265,1275.6,6851
NIPPOBATRY,20191104,445.4,465,436.05,441.15,1857
NITCO,20191104,23.7,24.9,23.7,23.95,49815
NITINSPIN,20191104,58.35,58.35,54.25,55.35,14271
NKIND,20191104,28.6,28.6,28.6,28.6,348
NLCINDIA,20191104,58.45,58.9,57.7,58.1,301910
NMDC,20191104,110,112.5,109.6,110,4313000
NOCIL,20191104,119.9,121.5,115.3,118.3,843995
NOIDATOLL,20191104,4.2,4.2,3.9,4.15,45374
NPBET,20191104,170.85,170.85,168.66,168.66,374
NRAIL,20191104,229,235,226.3,231.1,4813
NRBBEARING,20191104,108,110.95,105.5,106.3,45199
NSIL,20191104,840,910,825,902.85,1071
NTL,20191104,0.4,0.4,0.4,0.4,21
NTPC,20191104,121.65,122.6,119.9,120.55,7894331
NUCLEUS,20191104,301,312,301,308.3,13829
OAL,20191104,202.55,204.95,200.2,202.9,1103
OBEROIRLTY,20191104,516,518.9,498,500.55,342559
OCCL,20191104,1021.95,1021.95,995,999.65,5155
OFSS,20191104,3174,3233.95,3104,3130.7,21309
OIL,20191104,169.3,172.95,168.05,171.4,760506
OILCOUNTUB,20191104,6.8,6.8,6.5,6.6,14168
OISL,20191104,4.5,4.8,4.4,4.45,42786
OLECTRA,20191104,192.8,195.2,190.5,191.35,52493
OMAXAUTO,20191104,52.4,52.4,49.6,50.55,21374
OMAXE,20191104,188.8,188.8,182.65,184.55,172584
OMKARCHEM,20191104,4.45,4.65,4.3,4.65,9959
OMMETALS,20191104,20.3,21.15,20.05,20.5,73372
ONELIFECAP,20191104,5.5,5.5,5.5,5.5,50
ONEPOINT,20191104,14.6,15.9,11.7,13.85,37003
ONGC,20191104,144.15,149.65,144.15,147.4,11733406
ONMOBILE,20191104,34.95,35,33.85,34.8,73785
ONWARDTEC,20191104,67.55,68.8,66.5,66.75,7366
OPTIEMUS,20191104,42.1,42.1,42.1,42.1,55
OPTOCIRCUI,20191104,4.1,4.35,4.05,4.35,784803
ORBTEXP,20191104,90,90.5,87.15,87.75,3728
ORICONENT,20191104,20.1,21.35,20.1,20.75,44990
ORIENTABRA,20191104,20.5,20.55,19.25,19.5,162573
ORIENTALTL,20191104,13.7,13.7,13.25,13.25,1690
ORIENTBANK,20191104,56,56.8,55.6,56,822029
ORIENTBELL,20191104,119.5,124,119.25,120.55,6972
ORIENTCEM,20191104,78,81.7,78,80.2,267967
ORIENTELEC,20191104,192.85,197.95,188,197.2,457091
ORIENTHOT,20191104,35.5,37,35.5,36.05,21613
ORIENTLTD,20191104,97,117.9,97,105,2065
ORIENTPPR,20191104,27.2,27.75,27.1,27.35,258593
ORIENTREF,20191104,220,227,219.2,225.85,20030
ORISSAMINE,20191104,995,1198.05,994.95,1198.05,124807
ORTINLABSS,20191104,9.55,9.95,9.5,9.65,19100
OSWALAGRO,20191104,6.35,6.75,5.55,6.2,28307
PAEL,20191104,3.75,3.8,3.75,3.8,7910
PAGEIND,20191104,25156,25331.85,24410,24603.7,19687
PAISALO,20191104,468.9,470,461.1,464.05,41928
PALASHSECU,20191104,33.9,33.9,33,33.9,506
PALREDTEC,20191104,24.15,24.15,21.9,22.45,12614
PANACEABIO,20191104,144.85,144.85,137,137.2,43277
PANAMAPET,20191104,74.8,74.8,71.05,71.4,16329
PAPERPROD,20191104,251.25,254.75,245,246.95,22839
PARABDRUGS,20191104,1.15,1.15,1.15,1.15,3788
PARACABLES,20191104,8.85,9.7,8.85,9.1,133608
PARAGMILK,20191104,146.25,147.2,142.5,143.4,505659
PARSVNATH,20191104,2.45,2.55,2.4,2.45,541883
PATELENG,20191104,16.05,16.05,15.95,16.05,236639
PATINTLOG,20191104,23,23.8,23,23.8,11448
PATSPINLTD,20191104,5.7,6.5,5.7,6.3,10759
PCJEWELLER,20191104,32.8,33.5,32.4,32.8,4756285
PDMJEPAPER,20191104,16.45,16.6,16.4,16.6,38861
PDPL,20191104,2.7,2.75,2.7,2.75,1015
PDSMFL,20191104,315.35,321,315.35,320,1267
PEARLPOLY,20191104,10.8,10.8,9.8,10.25,8140
PEL,20191104,1770.35,1786.9,1686,1744.05,2027463
PENIND,20191104,26.7,30.5,26,29.65,979335
PENINLAND,20191104,4.4,4.75,4.25,4.4,357932
PERSISTENT,20191104,621.55,623,582.7,598.1,84780
PETRONENGG,20191104,6.1,6.1,6.1,6.1,1157
PETRONET,20191104,286.7,289,283.65,285.2,2281184
PFC,20191104,111.6,113.95,111.5,112.4,6145866
PFIZER,20191104,4023.8,4141,4000,4074.05,47537
PFOCUS,20191104,66.5,69.8,64.05,64.75,38625
PFS,20191104,13.8,14.2,13.65,13.75,543269
PGEL,20191104,40.95,44.35,40,42.85,194687
PGHH,20191104,12115.8,12300,12015.85,12138.85,3155
PGHL,20191104,4626,4698.85,4600.05,4658.95,15641
PGIL,20191104,155.45,161.8,152.55,160.15,7898
PHILIPCARB,20191104,125,131,124.2,126.9,1957177
PHOENIXLTD,20191104,722.2,730.85,716.25,719.3,48243
PIDILITIND,20191104,1408,1408,1385,1399.45,461969
PIIND,20191104,1393.9,1405.3,1305.55,1387.45,69046
PILANIINVS,20191104,1874,1874,1789,1799.1,3729
PILITA,20191104,5.7,5.7,5.5,5.55,47523
PIONDIST,20191104,129.25,133.7,127.8,128.7,4661
PIONEEREMB,20191104,29.05,30,27.5,28.85,63606
PIRPHYTO,20191104,22.45,22.45,21.5,22,8555
PITTIENG,20191104,42.7,43.9,41.5,42,14490
PKTEA,20191104,139,141.75,132.25,133.65,514
PLASTIBLEN,20191104,180,185,173.05,174.9,9862
PNB,20191104,67.8,69.65,67.3,68.2,39302621
PNBGILTS,20191104,29.6,30,29.35,29.55,162523
PNBHOUSING,20191104,537,574.7,536.8,563.2,1521261
PNC,20191104,14,14.75,14,14.7,2088
PNCINFRA,20191104,170.1,174.55,169.2,170.1,79881
PODDARHOUS,20191104,380,396.9,380,396.9,1695
PODDARMENT,20191104,171.25,181,170,176.15,2510
POKARNA,20191104,168.3,176.2,166,167.4,30788
POLYCAB,20191104,856,859.45,836.05,851.35,160739
POLYMED,20191104,206.95,207,203,203.65,10777
POLYPLEX,20191104,503.7,508.5,500.9,503.5,32857
PONNIERODE,20191104,121,124,118,118.35,579
POWERGRID,20191104,197.9,198.65,194.05,194.75,8536355
POWERMECH,20191104,708.7,715,695.2,702,3621
PPAP,20191104,189,192.3,187.1,187.95,10606
PPL,20191104,79.9,86,79.9,82.45,64872
PRABHAT,20191104,86.9,88.5,85.5,87.7,40418
PRADIP,20191104,0.6,0.65,0.55,0.65,137
PRAENG,20191104,6.7,7.55,6.6,7.3,24063
PRAJIND,20191104,114,114.4,110,110.4,744864
PRAKASH,20191104,54.4,57.4,54,54.75,1099946
PRAKASHSTL,20191104,0.2,0.2,0.2,0.2,81656
PRAXIS,20191104,62.1,67.9,62.1,63.45,6890
PRECAM,20191104,33.45,35.5,33.1,34.9,91149
PRECOT,20191104,33,33,29.9,30,2004
PRECWIRE,20191104,189.95,194,186.1,191.45,8800
PREMEXPLN,20191104,174.45,174.8,168.05,169.85,2219
PREMIER,20191104,2.4,2.5,2.4,2.4,3195
PREMIERPOL,20191104,20.4,20.4,18.25,18.25,188
PRESSMN,20191104,21.25,21.7,21,21.35,7165
PRESTIGE,20191104,309.9,309.9,299.35,303.55,114512
PRICOLLTD,20191104,34.5,35,33.6,33.85,64450
PRIMESECU,20191104,50,51.4,48,50.45,49865
PROSEED,20191104,0.35,0.35,0.25,0.25,113707
PROVOGE,20191104,1,1,1,1,24367
PROZONINTU,20191104,21.9,21.9,20.3,21.1,34296
PRSMJOHNSN,20191104,83.5,85,82.25,83.2,188816
PSB,20191104,20.65,21.4,20.25,20.75,180096
PSL,20191104,0.6,0.6,0.55,0.55,5552
PSPPROJECT,20191104,551.9,551.9,536.1,546.05,18890
PSUBNKBEES,20191104,280,289.3,270,281.13,12964
PTC,20191104,59.8,60.25,59.45,59.6,415541
PTL,20191104,37.9,37.9,37.4,37.85,7442
PUNJABCHEM,20191104,546.9,546.9,537.5,545,445
PURVA,20191104,67,67.6,64.5,65.1,98639
PVR,20191104,1792.55,1792.55,1726.8,1740.65,415234
QGOLDHALF,20191104,1706,1706,1698.05,1699.95,129
QUESS,20191104,498.5,514,490.55,495.25,206828
QUICKHEAL,20191104,132.5,134.8,128.6,129.9,113686
QUINTEGRA,20191104,0.9,1,0.9,0.95,3855
RADAAN,20191104,1.25,1.25,1.25,1.25,269
RADICO,20191104,328.2,337,325.5,334.1,565349
RADIOCITY,20191104,30,33,29.05,31,155255
RAIN,20191104,103,105.85,102.1,103.25,2753754
RAJESHEXPO,20191104,681.3,681.65,674.55,675.05,325195
RAJSREESUG,20191104,17.9,18.25,17.45,17.7,13223
RAJTV,20191104,43,44.75,42.15,42.75,3632
RALLIS,20191104,167.3,174.7,167.3,171.45,231583
RAMANEWS,20191104,16.05,16.8,15.1,15.55,29286
RAMASTEEL,20191104,51.9,51.9,47,47.55,29048
RAMCOCEM,20191104,800.8,824,800.55,803.75,619180
RAMCOIND,20191104,185.75,194.8,183.05,193.65,63531
RAMCOSYS,20191104,168,172,165,165.95,39217
RAMKY,20191104,49.95,50.7,48,48.85,38450
RANASUG,20191104,2.65,2.75,2.55,2.7,341944
RANEENGINE,20191104,209.4,216.4,208,211,2540
RANEHOLDIN,20191104,896.05,909,880.1,889.8,3054
RATNAMANI,20191104,946.25,995,946.25,989.75,13756
RAYMOND,20191104,594,611,592.6,598.9,510063
RBL,20191104,521.3,529.95,512,514.4,9261
RBLBANK,20191104,303.9,317,300,309.65,11952222
RCF,20191104,54.2,54.95,53.8,54.15,1057783
RCOM,20191104,0.7,0.75,0.65,0.7,19917339
RECLTD,20191104,141.6,142.95,139.35,140.9,3554863
REDINGTON,20191104,117.65,120.15,115.25,117.2,167447
REFEX,20191104,53.3,53.3,48.55,49.7,368283
RELAXO,20191104,626,629,532,564.95,736349
RELCAPITAL,20191104,21.25,21.25,21.25,21.25,236640
RELIANCE,20191104,1465.9,1471,1445.1,1457.65,6429329
RELIGARE,20191104,46.75,49.9,46.75,49.9,343577
RELINFRA,20191104,38.55,38.55,38.55,38.55,273575
REMSONSIND,20191104,84.2,88.95,84.2,86.1,7741
RENUKA,20191104,7.95,8.5,7.85,8.05,938661
REPCOHOME,20191104,310.7,312,297,300.25,49352
REPRO,20191104,628.05,638.95,605.55,631.7,4461
RESPONIND,20191104,92,93.45,91,91.85,160246
REVATHI,20191104,380,387,380,382.6,20
RGL,20191104,252.1,254.9,250.85,251.15,2545
RHFL,20191104,5.25,5.25,5.25,5.25,54059
RICOAUTO,20191104,46.3,47.85,46,47.35,290574
RIIL,20191104,285.1,297,285.1,294.45,612454
RITES,20191104,288.75,288.75,284.15,285.4,284400
RKDL,20191104,6.1,6.25,6.1,6.1,869
RKFORGE,20191104,298.8,306,290.1,302.15,182393
RMCL,20191104,4.1,4.2,3.95,4,43300
RML,20191104,265.95,268.35,262.25,262.5,14471
RNAM,20191104,356.5,365,343.1,345.7,2260903
RNAVAL,20191104,3.75,3.75,3.65,3.75,886240
ROHITFERRO,20191104,0.55,0.55,0.55,0.55,9160
ROHLTD,20191104,81.5,83.7,80,82.15,23143
ROLLT,20191104,2,2,2,2,706
ROLTA,20191104,5.3,5.3,5.1,5.3,166416
ROSSELLIND,20191104,62.95,65,61.25,63,8648
RPGLIFE,20191104,259.95,309.5,259.95,309.5,602214
RPOWER,20191104,3.45,3.65,3.45,3.65,12529598
RPPINFRA,20191104,90.2,93.3,87.85,90.55,24824
RSSOFTWARE,20191104,23.15,24.4,23.15,23.7,26822
RSWM,20191104,102.05,109.35,102,105.25,36112
RSYSTEMS,20191104,49,54.1,48,52.35,65921
RTNINFRA,20191104,1.4,1.4,1.4,1.4,28295
RTNPOWER,20191104,1.65,1.65,1.65,1.65,127868
RUBYMILLS,20191104,175,182.95,172,179.6,724
RUCHINFRA,20191104,1.85,1.85,1.85,1.85,3505
RUCHIRA,20191104,79.4,82.55,79.4,81.1,37761
RUCHISOYA,20191104,3.6,3.6,3.45,3.45,3057480
RUPA,20191104,182.8,192,182,183.3,39899
RUSHIL,20191104,99.95,99.95,94.1,95.9,18182
RVNL,20191104,25.6,25.75,24.6,24.65,7369217
SABEVENTS,20191104,0.75,0.75,0.75,0.75,425
SABTN,20191104,1.55,1.6,1.55,1.6,3338
SADBHAV,20191104,136.8,138,134.05,136.1,18802
SADBHIN,20191104,42.6,43.25,42.15,42.45,3526
SAFARI,20191104,574,574,560.25,561.05,726
SAGARDEEP,20191104,59.2,59.2,53.65,57.5,12722
SAGCEM,20191104,585.9,603.95,567.3,592.2,3194
SAIL,20191104,39.5,41.2,39.5,40.3,45820695
SAKAR,20191104,52.45,52.75,51,51.15,7726
SAKHTISUG,20191104,8.55,8.7,8.2,8.35,32748
SAKSOFT,20191104,237,240.2,231.6,239.7,13155
SAKUMA,20191104,6.85,7.15,6.85,7.1,226337
SALASAR,20191104,104.8,106.9,102,105.5,8538
SALONA,20191104,66.2,70,66.1,68.05,227
SALSTEEL,20191104,2.8,2.8,2.6,2.6,8722
SALZERELEC,20191104,126.85,127,121,126.15,6210
SAMBHAAV,20191104,3.15,3.75,3.15,3.75,156401
SANCO,20191104,14.8,16.25,14.8,16.05,33416
SANDESH,20191104,599,625,599,615,167
SANDHAR,20191104,241,244.7,231.95,233.1,4698
SANGAMIND,20191104,41.4,42,39.2,41.25,5640
SANGHIIND,20191104,44.45,45.35,43.8,44.1,249637
SANGHVIMOV,20191104,77,79.05,76.5,78.4,34101
SANGINITA,20191104,139.25,147.55,139.2,146.55,134819
SANOFI,20191104,6700,6835,6623.05,6702.75,6402
SANWARIA,20191104,1.95,1.95,1.9,1.95,6224139
SARDAEN,20191104,180.5,200,180.5,192.05,187342
SAREGAMA,20191104,382,430.95,382,413.7,83081
SARLAPOLY,20191104,21.55,21.55,20.8,21,37820
SASKEN,20191104,585,614,584,605.15,3473
SASTASUNDR,20191104,90.9,90.9,86,86.35,2087
SATHAISPAT,20191104,3.15,3.15,3.1,3.15,1901
SATIA,20191104,75,78.8,75,76.05,17793
SATIN,20191104,226.9,235,226.3,229.8,104569
SBIETFQLTY,20191104,106,106,102.1,102.55,5033
SBILIFE,20191104,1003,1003.1,989.7,998.7,875743
SBIN,20191104,316,319,312.35,314.3,31535656
SCAPDVR,20191104,0.45,0.45,0.45,0.45,117
SCHAEFFLER,20191104,4338.45,4377.55,4161.3,4207.35,1503
SCHAND,20191104,62.45,70,61.85,69.3,126423
SCHNEIDER,20191104,77,79.75,77,78.4,92431
SCI,20191104,63.25,63.25,59.65,60.65,5366530
SDBL,20191104,114,117.5,111.05,116.4,12341
SEAMECLTD,20191104,388.9,388.9,368.5,379,2616
SELAN,20191104,140.6,147.7,140.6,143.1,30032
SELMCL,20191104,0.7,0.75,0.65,0.7,77537
SEPOWER,20191104,2.95,3.05,2.8,3.05,14347
SEQUENT,20191104,75.05,78.8,75.05,76.95,199408
SESHAPAPER,20191104,182.75,183.8,176.6,178.55,46134
SETCO,20191104,15.95,16,15.5,15.7,59383
SETF10GILT,20191104,188,188,187.2,187.2,221
SETFGOLD,20191104,3484.95,3484.95,3470.55,3479.55,851
SETFNIF50,20191104,122.7,123.35,122.45,122.82,132107
SETFNIFBK,20191104,307,309.61,305.34,306.27,1048289
SETFNN50,20191104,316.3,328.1,293.3,295,3708
SETUINFRA,20191104,1.4,1.5,1.4,1.45,58803
SEYAIND,20191104,219.95,220,216,217.1,10422
SFL,20191104,1250.35,1268.8,1236,1249.9,4161
SGL,20191104,8.45,8.85,8,8.25,24709
SHAHALLOYS,20191104,9.15,9.15,8.55,8.55,4551
SHAKTIPUMP,20191104,263,265.45,259,260.35,20301
SHALBY,20191104,110.55,123,109.95,119.05,215781
SHALPAINTS,20191104,91.4,106.6,90,103.5,637333
SHANKARA,20191104,373.45,378.75,359.35,366.55,90084
SHANTIGEAR,20191104,103.95,109.05,101.25,102.55,18637
SHARDACROP,20191104,278,279,273,276.35,4329
SHARDAMOTR,20191104,1145,1149,1132,1135.65,515
SHARIABEES,20191104,264.85,264.85,260.76,260.76,58
SHEMAROO,20191104,180,183.55,175.1,176.2,16622
SHILPAMED,20191104,317.75,317.75,317.75,317.75,3608
SHIRPUR-G,20191104,7.7,7.85,7.4,7.4,81278
SHIVAMAUTO,20191104,23.4,25,22.8,24.05,78774
SHIVAMILLS,20191104,34.95,35.9,33.1,34.8,7339
SHIVATEX,20191104,126.25,126.75,121.1,122.45,5305
SHK,20191104,125.5,129.8,124,127.4,39508
SHOPERSTOP,20191104,378.05,385.45,378.05,381.2,5338
SHREDIGCEM,20191104,22.5,22.5,20.15,21.05,446129
SHREECEM,20191104,19912.65,20340,19912.65,20106.45,31973
SHREEPUSHK,20191104,98.8,99.5,95.15,97.8,16872
SHREERAMA,20191104,3.5,3.65,3.5,3.65,1967
SHRENIK,20191104,59.7,59.95,56.7,59.15,67821
SHREYANIND,20191104,122.25,126.3,122.25,125.35,7806
SHREYAS,20191104,89,89,82.15,83.3,7887
SHRIPISTON,20191104,775,775,712,736.6,20341
SHRIRAMCIT,20191104,1322.55,1340,1321.05,1332.9,6583
SHRIRAMEPC,20191104,7.65,8.05,7.45,7.8,505575
SHYAMCENT,20191104,2.8,2.8,2.7,2.7,13867
SHYAMTEL,20191104,6.25,6.3,6.25,6.3,3000
SICAGEN,20191104,16.95,17.4,16.1,17.4,5220
SICAL,20191104,20.5,20.5,20.05,20.5,134763
SIEMENS,20191104,1680.1,1696.7,1662.05,1683.45,525063
SIGIND,20191104,23.05,23.5,23.05,23.1,4089
SIL,20191104,11.3,11.3,10.75,11.2,730
SILINV,20191104,145,149,144.15,147.8,4282
SIMBHALS,20191104,6.9,6.9,6.5,6.8,6634
SIMPLEXINF,20191104,55.4,57.6,54.25,56.35,141367
SINTEX,20191104,0.75,0.75,0.75,0.75,1855803
SIRCA,20191104,166.05,184.7,166.05,179.05,9025
SIS,20191104,904,917.35,904,911.75,1757
SITINET,20191104,1.7,1.7,1.7,1.7,71277
SIYSIL,20191104,249.75,253.3,221.7,252.7,14658
SJVN,20191104,25,25,24.45,24.5,3820653
SKFINDIA,20191104,2194,2199.95,2153,2160.1,10189
SKIL,20191104,4.3,4.5,4.1,4.5,18199
SKIPPER,20191104,61.9,61.9,57.7,59.05,39434
SKMEGGPROD,20191104,39.95,41.3,39,40.7,53903
SMARTLINK,20191104,88.05,88.05,84.5,86.4,1251
SMLISUZU,20191104,562,565,551,558.4,17346
SMSLIFE,20191104,283.65,285,268,280.9,8568
SMSPHARMA,20191104,42,42.95,41.8,42,61694
SNOWMAN,20191104,38.8,40.05,38.5,39.7,362038
SOBHA,20191104,429.35,431.35,414,415.95,212654
SOLARA,20191104,440,440,408.9,414.05,79181
SOLARINDS,20191104,1069,1078.6,1055,1061.05,2445
SOMANYCERA,20191104,185,191.45,184.9,186.4,35842
SOMATEX,20191104,2.85,2.95,2.75,2.95,722
SOMICONVEY,20191104,15.35,15.35,13.65,15.05,2916
SONATSOFTW,20191104,312.05,318.2,312.05,314.5,106041
SORILINFRA,20191104,100.45,100.45,99.45,100.45,6256
SOTL,20191104,999,1004,966,968.3,554
SOUTHBANK,20191104,11.85,11.85,11.2,11.25,9591275
SOUTHWEST,20191104,17.8,17.8,16,16.6,25584
SPAL,20191104,200,200,195.1,198.25,5880
SPANDANA,20191104,1150,1167.7,1111.2,1138.35,110402
SPARC,20191104,143.4,151.9,135.2,145.95,3281933
SPCENET,20191104,1.05,1.05,1.05,1.05,135
SPECIALITY,20191104,79,82,76,77.85,45410
SPENCERS,20191104,74.6,75,72.2,72.8,104319
SPENTEX,20191104,0.35,0.35,0.25,0.35,8502
SPIC,20191104,21.4,21.5,20.7,21.1,133259
SPICEJET,20191104,117.95,118.15,114.05,114.65,750517
SPLIL,20191104,31.1,32.25,30.7,30.95,20862
SPMLINFRA,20191104,10.75,10.75,10.75,10.75,93798
SPTL,20191104,1.55,1.55,1.55,1.55,535307
SPYL,20191104,0.25,0.3,0.25,0.25,109736
SREEL,20191104,173.55,178.85,173.55,175.8,14967
SREINFRA,20191104,11.45,11.45,10.45,10.45,2504344
SRF,20191104,2902,2975,2870.8,2929.9,613224
SRHHYPOLTD,20191104,108.2,108.85,102.05,103.35,5991
SRIPIPES,20191104,179.8,184.5,178,179.7,76592
SRTRANSFIN,20191104,1145,1153.2,1133,1139.15,595573
SSWL,20191104,765.25,771.9,764.6,769.5,5672
STAMPEDE,20191104,0.7,0.7,0.6,0.7,39734
STAR,20191104,402,411.2,398.3,404.35,1154392
STARCEMENT,20191104,97.45,98.9,94.5,95.15,102793
STARPAPER,20191104,106,108.6,106,107,72525
STCINDIA,20191104,65.95,68.6,65.1,67.95,114015
STEELCITY,20191104,32,32.75,29.65,30.25,6722
STEELXIND,20191104,10.85,12,10.6,11.55,119377
STEL,20191104,73,73,70.25,71.95,5829
STERTOOLS,20191104,177,186.2,176.2,181.85,6435
STRTECH,20191104,133.55,136.35,133,134.2,1075517
SUBCAPCITY,20191104,5.3,5.3,5.3,5.3,61
SUBEX,20191104,5.35,5.4,5.2,5.2,205490
SUBROS,20191104,255.2,257.5,254.95,255.1,28403
SUDARSCHEM,20191104,401,414.9,400.95,407.4,77784
SUJANAUNI,20191104,0.2,0.2,0.15,0.2,126360
SUMEETINDS,20191104,1.7,1.85,1.7,1.85,134267
SUMIT,20191104,21.4,21.4,19.15,20.7,571
SUMMITSEC,20191104,451.5,466,451.5,456,686
SUNCLAYLTD,20191104,2139.25,2165,2100.1,2151.45,1288
SUNDARAM,20191104,1.35,1.45,1.35,1.4,99246
SUNDARMFIN,20191104,1615,1625,1603.15,1612.25,9326
SUNDARMHLD,20191104,68.95,70.95,68.4,69,42722
SUNDRMBRAK,20191104,259.9,263.7,252,254,1353
SUNDRMFAST,20191104,492.8,498.45,463.05,465.9,152970
SUNFLAG,20191104,27.65,29.8,27.65,28.8,308967
SUNPHARMA,20191104,439.95,442.4,433.65,437.95,4646694
SUNTECK,20191104,425.5,433,423.4,430.55,101528
SUNTV,20191104,543.9,544,518.5,522,1435501
SUPERHOUSE,20191104,95,96.95,92.05,93.95,46373
SUPERSPIN,20191104,4.3,4.55,3.9,4.55,194744
SUPPETRO,20191104,179.85,180,170.5,172.8,13012
SUPRAJIT,20191104,188.95,190,183.65,185,312355
SUPREMEIND,20191104,1142.6,1170,1136.35,1167,48800
SURANASOL,20191104,6.05,6.65,5.9,5.95,23166
SURANAT&P,20191104,3.35,3.65,3.35,3.5,1502
SURYALAXMI,20191104,17.9,18.75,17.5,17.75,9526
SURYAROSNI,20191104,191.95,191.95,184,184.85,56440
SUTLEJTEX,20191104,28.9,31,28.35,30.1,198109
SUVEN,20191104,282,289.25,281,282.75,255142
SUZLON,20191104,2.75,3,2.7,2.9,22888006
SWANENERGY,20191104,104.45,104.95,102.7,103.85,69319
SWARAJENG,20191104,1169.8,1169.8,1120.05,1145.7,3068
SWELECTES,20191104,117,123.25,117,122.85,7354
SWSOLAR,20191104,570.55,575,558,559.5,63225
SYMPHONY,20191104,1270,1279.95,1251,1256.65,2477
SYNCOM,20191104,0.95,0.95,0.85,0.9,12044
SYNDIBANK,20191104,30,30.1,29,29.2,1134610
SYNGENE,20191104,327.3,332,325.4,330,76131
TAINWALCHM,20191104,50.15,62.9,50.15,51.65,1913
TAJGVK,20191104,165.7,168.45,165.1,166.45,13764
TAKE,20191104,114.9,117.4,113.85,115.45,108715
TALBROAUTO,20191104,128.05,128.05,118,118.95,9332
TALWALKARS,20191104,4.25,4.25,4.25,4.25,5985
TALWGYM,20191104,4.05,4.3,3.95,4.3,33835
TANLA,20191104,47.75,47.75,45.5,45.7,130797
TANTIACONS,20191104,1.05,1.1,1.05,1.05,1468
TARAPUR,20191104,4.55,4.55,4.45,4.45,502
TARMAT,20191104,24.05,25,24.05,24.75,2746
TASTYBITE,20191104,10400,10699,10310,10446.3,1514
TATACHEM,20191104,638.7,643.9,634.15,635.85,695586
TATACOFFEE,20191104,86,87.4,85.5,86.05,339448
TATACOMM,20191104,358.1,374.9,352,369.9,316349
TATAELXSI,20191104,830,839,823.4,828.2,450327
TATAGLOBAL,20191104,305.1,312.25,301.4,306.6,5879974
TATAINVEST,20191104,832.1,859.9,832.1,846.75,41648
TATAMETALI,20191104,614.15,623.9,604.55,608.3,63939
TATAMOTORS,20191104,171.6,178.45,170.85,172.2,40641411
TATAMTRDVR,20191104,79,83,79,80.25,5876282
TATAPOWER,20191104,59.75,60.8,59.2,59.7,9648773
TATASTEEL,20191104,403,421.7,403,409.15,28934434
TATASTLBSL,20191104,25.5,26.65,25.05,25.9,1909359
TATASTLLP,20191104,415.75,428.85,413.55,417.8,62153
TBZ,20191104,42.1,43.6,42.1,43.15,96506
TCI,20191104,289.8,290.95,285.5,287.1,9301
TCIDEVELOP,20191104,343.5,373.95,343.5,349.5,91
TCIEXP,20191104,775,797.55,745,774.95,39961
TCIFINANCE,20191104,9.35,9.5,9.2,9.45,7665
TCNSBRANDS,20191104,723,750,720,747.35,97514
TCPLPACK,20191104,285,291.05,282,286.7,3703
TCS,20191104,2207,2229.2,2180.9,2193.95,2646411
TDPOWERSYS,20191104,147.15,147.15,145.2,145.2,6684
TEAMLEASE,20191104,2888,2976.7,2821,2844.65,5984
TECHIN,20191104,3.2,3.35,3.2,3.35,2177
TECHM,20191104,760.45,777.6,753.45,769.5,4936914
TECHNOE,20191104,270,322,255,288.9,232350
TECHNOFAB,20191104,26.55,26.55,26.55,26.55,1167
TEJASNET,20191104,82.3,84.6,79.55,80.35,90177
TERASOFT,20191104,24.8,25.7,24.8,25.7,8765
TEXINFRA,20191104,45.7,46.6,44,44.25,10737
TEXMOPIPES,20191104,15.8,16.25,15.8,16.05,41752
TEXRAIL,20191104,44.2,45.2,43.9,44.1,169097
TFCILTD,20191104,82.35,83.45,79,82.95,133968
TFL,20191104,3.9,4.35,3.9,4.05,1090
TGBHOTELS,20191104,4,4.2,3.8,3.8,16883
THANGAMAYL,20191104,359,359,348.55,350.4,15809
THEINVEST,20191104,137.4,137.4,131,133.65,2502
THEMISMED,20191104,275,287.45,261,272.2,646
THERMAX,20191104,1171.1,1171.1,1141.55,1155.95,23505
THOMASCOOK,20191104,134.25,139.8,131.2,134.2,553892
THOMASCOTT,20191104,4.55,4.55,4.55,4.55,1420
THYROCARE,20191104,588.35,589.45,566,568.65,23041
TI,20191104,13.5,13.85,13.3,13.4,20812
TIDEWATER,20191104,4900,5200,4879.5,5040.65,3852
TIIL,20191104,364.8,373,348,365.4,52468
TIINDIA,20191104,432,463.6,428.35,436.5,1243303
TIJARIA,20191104,9,9.05,8.6,8.8,13525
TIL,20191104,199.9,209.2,197.15,204.7,2537
TIMESGTY,20191104,35.45,35.45,32.6,32.6,151
TIMETECHNO,20191104,65.45,68.5,65.45,67.4,651247
TIMKEN,20191104,873.7,891,860,863.6,26918
TINPLATE,20191104,124.4,128.7,124.4,125.5,773686
TIPSINDLTD,20191104,75,75,70.2,73,774
TIRUMALCHM,20191104,68.5,70.75,67.2,68.85,505894
TITAN,20191104,1311,1311,1282.1,1298.8,1706003
TMRVL,20191104,16.35,16.55,16.35,16.55,16763
TNPETRO,20191104,36.5,36.95,36.3,36.7,48153
TNPL,20191104,195.55,198.75,193.3,194.85,79436
TNTELE,20191104,1.3,1.3,1.25,1.25,100
TOKYOPLAST,20191104,78.15,84,78.15,81.1,29278
TORNTPHARM,20191104,1801.85,1833.5,1798.85,1810.7,189016
TORNTPOWER,20191104,283,290.75,282.15,286.1,1444896
TPLPLASTEH,20191104,130,136.9,128.05,133.55,3493
TREEHOUSE,20191104,5.9,5.95,5.7,5.85,4107
TREJHARA,20191104,15,15.7,14.55,14.95,8922
TRENT,20191104,551.8,552.15,531.6,533.7,84217
TRF,20191104,114.65,116.3,112.1,112.85,40687
TRIDENT,20191104,65.2,67.5,65.1,65.7,2838809
TRIGYN,20191104,53.6,57.4,53,55.8,143734
TRIL,20191104,8.05,8.1,7.75,7.85,94066
TRITURBINE,20191104,104.6,108.6,104,106.1,39462
TRIVENI,20191104,66.05,68.8,65.05,67.7,872864
TTKHLTCARE,20191104,536,536,512,515.75,788
TTKPRESTIG,20191104,6299,6525,6230.1,6310.45,11347
TTL,20191104,44,44.55,43,43.75,1305
TTML,20191104,2.6,2.7,2.6,2.65,352931
TV18BRDCST,20191104,25.95,26.2,24.65,24.75,2544567
TVSELECT,20191104,133.2,133.2,128.65,130.35,17669
TVSMOTOR,20191104,470,471.7,452.8,455.65,1646975
TVSSRICHAK,20191104,1889.95,1915,1860.2,1871.25,1467
TVTODAY,20191104,310.15,311.6,301.3,303.9,35629
TVVISION,20191104,1.35,1.35,1.3,1.35,2650
TWL,20191104,42.7,43.9,42.6,43.2,658002
UBL,20191104,1250.1,1265.45,1229.95,1233.7,1426429
UCALFUEL,20191104,129.7,131,126.65,129.25,21119
UCOBANK,20191104,14.15,14.7,14,14.45,915988
UFLEX,20191104,208.95,210,204.05,205.1,52038
UFO,20191104,140.45,142.55,138.45,138.95,47711
UGARSUGAR,20191104,14.4,14.4,13.6,13.7,142094
UJAAS,20191104,3.3,3.45,3.25,3.3,396968
UJJIVAN,20191104,273.55,282.8,272.4,280.4,2359153
ULTRACEMCO,20191104,4172,4296.7,4172,4238.7,875545
UMANGDAIRY,20191104,39.05,40.9,37.6,39.6,2654
UMESLTD,20191104,1,1.05,1,1,1584
UNICHEMLAB,20191104,184.9,188,177.85,178.55,69418
UNIENTER,20191104,66,69.4,60.6,66.35,39685
UNIONBANK,20191104,58.8,59.9,57.9,58.75,10931475
UNIPLY,20191104,33.55,33.55,27,27,1420520
UNITECH,20191104,0.5,0.55,0.45,0.55,4346922
UNITEDBNK,20191104,9.95,10.05,9.75,9.85,1109241
UNITEDTEA,20191104,284,284,270,274.6,30
UNIVCABLES,20191104,170.35,194.4,169.75,191.3,207408
UPL,20191104,590,600.95,587.2,594.25,1912912
URJA,20191104,1.6,1.6,1.55,1.6,266227
USHAMART,20191104,29.25,31.25,29.25,30.85,766211
UTINEXT50,20191104,293.9,300,291.01,294.99,466
UTINIFTETF,20191104,1276,1287.3,1260,1260,283
UTISENSETF,20191104,421,429.85,418.5,424.9,2615
UTTAMSTL,20191104,9.3,9.7,8.9,9.7,504599
UTTAMSUGAR,20191104,107,107.05,103.1,104.5,99756
UVSL,20191104,0.05,0.1,0.05,0.1,2556241
V2RETAIL,20191104,123,125,118.85,119.6,64830
VADILALIND,20191104,773.55,790,752.3,755.75,10873
VAIBHAVGBL,20191104,810.45,827.25,800,811.65,16188
VAKRANGEE,20191104,36.8,38.4,36.6,38.15,9421025
VARDHACRLC,20191104,35.75,37.2,35.5,36.05,6050
VARDMNPOLY,20191104,1.8,1.8,1.75,1.8,19629
VARROC,20191104,484.65,486.35,476.3,478.2,11083
VASCONEQ,20191104,14.25,14.25,13.7,13.8,57264
VASWANI,20191104,4.95,5.25,4.8,5,5795
VBL,20191104,622.1,638.9,621.15,632,799985
VEDL,20191104,156.55,161.2,156,157.6,26458173
VENKEYS,20191104,1744.95,1779.9,1715.55,1726.25,89169
VENUSREM,20191104,24.55,25.5,24.55,25.05,13620
VESUVIUS,20191104,1019.9,1019.95,997.95,1001.6,5769
VETO,20191104,48.7,50,48.1,49.4,9145
VGUARD,20191104,250.35,253,245.15,246.95,214329
VHL,20191104,1430,1475,1430,1442.9,285
VICEROY,20191104,1.3,1.4,1.3,1.4,13800
VIDHIING,20191104,65.5,65.75,64.35,65.1,15500
VIJIFIN,20191104,0.4,0.45,0.4,0.45,46481
VIKASECO,20191104,2.85,2.9,2.7,2.8,455739
VIKASMCORP,20191104,3.5,3.8,3.5,3.7,160171
VIKASPROP,20191104,4,4,4,4,45071
VIKASWSP,20191104,10.4,10.5,10.1,10.15,382644
VIMALOIL,20191104,5.7,5.7,5.7,5.7,120
VIMTALABS,20191104,119.75,119.75,114.05,115.5,6593
VINATIORGA,20191104,2170,2227.55,2168.95,2196.95,21988
VINDHYATEL,20191104,904.7,978.8,904.7,959.65,15571
VINYLINDIA,20191104,65.25,66.9,65.05,65.3,7048
VIPCLOTHNG,20191104,6.9,7.1,6.85,7,168227
VIPIND,20191104,478.7,485,471.1,479.05,136289
VIPULLTD,20191104,28.05,28.2,27.25,27.35,68827
VISAKAIND,20191104,286.95,287,264.65,267.2,125763
VISASTEEL,20191104,6.3,6.3,6.05,6.2,42149
VISESHINFO,20191104,0.05,0.1,0.05,0.05,2051812
VISHAL,20191104,326,326,325,325,50
VISHNU,20191104,134.95,137.4,128.35,131.75,5885
VISHWARAJ,20191104,65,66.5,62,64.45,137409
VIVIDHA,20191104,0.15,0.2,0.15,0.15,95501
VIVIMEDLAB,20191104,15,15.9,14.4,14.8,134769
VLSFINANCE,20191104,59.5,60,56.35,56.8,28861
VMART,20191104,1960,1960.05,1868.3,1893.8,32871
VOLTAMP,20191104,1102.05,1109.9,1080.4,1089.05,8007
VOLTAS,20191104,696,701.05,686,687.25,824519
VRLLOG,20191104,266.2,275,266.2,270.75,132034
VSSL,20191104,71.5,74,71,72.1,27503
VSTIND,20191104,3920,3999.9,3920,3988.95,4744
VSTTILLERS,20191104,1290,1339.65,1290,1330.2,1792
VTL,20191104,895,910,888.9,907.1,12275
WABAG,20191104,195,198.8,193.3,194.65,66125
WABCOINDIA,20191104,6221.05,6279.8,6089.4,6140.35,27782
WALCHANNAG,20191104,67.85,69.35,66.8,68.55,486523
WANBURY,20191104,12.15,12.75,12.15,12.35,3103
WATERBASE,20191104,107.75,112.1,107,110.85,62190
WEBELSOLAR,20191104,26.3,26.85,26.3,26.85,56984
WEIZFOREX,20191104,273.95,280.5,272,280.25,818
WEIZMANIND,20191104,23.85,25,22.6,24.05,4172
WELCORP,20191104,147.35,154.3,140.65,142.35,18855009
WELENT,20191104,89.95,90.5,88,88.4,150644
WELINV,20191104,230.1,248,228,241.75,2574
WELSPUNIND,20191104,56.3,56.9,54.15,54.9,737806
WENDT,20191104,3260,3260,3121.25,3173.75,186
WESTLIFE,20191104,350,360,348.15,351,20821
WHEELS,20191104,653.25,669,636.05,648,6774
WHIRLPOOL,20191104,2242,2242,2181,2189.75,62004
WILLAMAGOR,20191104,15.2,15.95,15.2,15.9,887
WINDMACHIN,20191104,22.1,23.45,22.1,22.55,9742
WIPL,20191104,56.1,60.9,56.1,57.9,756
WIPRO,20191104,259.3,260.7,255.75,256.6,1920535
WOCKPHARMA,20191104,289.8,309.4,287.5,298.2,1320826
WONDERLA,20191104,283,288,280.2,285.2,32022
WSI,20191104,0.9,0.9,0.9,0.9,290
WSTCSTPAPR,20191104,227.5,237.1,227.5,231.3,121295
XCHANGING,20191104,56.9,58.6,54.55,55.7,113929
XELPMOC,20191104,66,76,63,71.05,6703
XLENERGY,20191104,0.45,0.45,0.4,0.45,9496
XPROINDIA,20191104,24.9,25.7,24,24.9,6360
YESBANK,20191104,59.95,71.3,56.65,66.15,420997681
ZEEL,20191104,300.95,307.65,290,296.1,31754992
ZEELEARN,20191104,22.9,22.9,21.75,21.85,168861
ZEEMEDIA,20191104,5.65,5.65,5.65,5.65,265851
ZENITHBIR,20191104,0.75,0.75,0.65,0.7,30557
ZENITHEXPO,20191104,41,41,38.5,39.55,798
ZENSARTECH,20191104,187.4,194.8,183.1,193.35,187118
ZENTEC,20191104,77.8,78,70.85,71.65,652450
ZICOM,20191104,1.15,1.2,1.15,1.2,7182
ZODIACLOTH,20191104,190.1,198,190,193.8,610
ZODJRDMKJ,20191104,32.85,36.05,30.5,35.55,16593
ZOTA,20191104,187,189.75,185.9,187.3,21840
ZUARI,20191104,94.6,97.05,93.8,95.45,49030
ZUARIGLOB,20191104,62.7,62.7,60.3,60.65,39866
ZYDUSWELL,20191104,1698,1712.8,1685,1690.3,8104
NSENIFTY,20191104,11928.90,11989.15,11905.35,11941.30,823050457,0
NIFTYJUNIOR,20191104,28760.05,28913.90,28608.70,28652.90,418262857,0
NIFTYMIDCAPLIQ15,20191104,3978.45,3991.30,3938.45,3942.55,65115227,0
NSE100,20191104,12084.15,12140.60,12056.35,12089.15,1247189596,0
NIFTY200,20191104,6164.85,6193.45,6149.50,6164.25,1651001351,0
NSE500,20191104,9736.75,9780.00,9712.10,9732.40,1982427924,0
NSEMIDCAP150,20191104,6250.15,6274.00,6211.30,6216.30,427879491,0
MIDCAP50,20191104,4670.80,4708.65,4644.95,4654.95,365259544,0
NSEMIDCAP,20191104,16938.45,17031.70,16848.50,16864.35,403811755,0
NIFTYSMALLCAP250,20191104,-,-,-,4839.00,-,0
NIFTYSMALLCAP50,20191104,-,-,-,2805.95,-,0
NSESMLCAP100,20191104,5826.90,5852.85,5790.70,5797.60,-,0
NIFTYLARGEMIDCAP250,20191104,-,-,-,5949.44,1675069087,0
NIFTYMIDSMALLCAP400,20191104,-,-,-,5724.00,-,0
NIFTYAUTO,20191104,8377.10,8417.80,8266.65,8280.35,83073032,0
BANKNIFTY,20191104,30415.90,30607.05,30227.25,30333.10,613019002,0
NIFTYFINSERVICE,20191104,13649.45,13705.90,13570.05,13671.10,146908238,0
NIFTYFMGC,20191104,32541.10,32644.90,32228.30,32255.70,23829411,0
NSEIT,20191104,15474.00,15803.35,15428.50,15591.30,46736702,0
NIFTYMEDIA,20191104,1915.80,1919.85,1858.25,1865.95,117127779,0
NIFTYMETAL,20191104,2578.85,2660.10,2578.35,2642.15,250913240,0
NIFTYPHARMA,20191104,7983.60,8030.15,7925.25,7966.85,32032389,0
NIFTYPVTBANK,20191104,16746.50,16875.15,16657.00,16710.05,509746193,0
NIFTYPSUBANK,20191104,2558.75,2596.75,2544.55,2560.35,145104790,0
NIFTYREALTY,20191104,272.70,273.45,268.75,269.60,10009428,0
NIFTYCOMMODITIES,20191104,3454.55,3502.30,3453.60,3479.40,299130411,0
NIFTYCONSUMPTION,20191104,5178.15,5185.20,5125.80,5132.30,83833442,0
NIFTYCPSE,20191104,2055.40,2073.20,2053.00,2067.40,82404707,0
NIFTYENERGY,20191104,16431.25,16485.70,16335.40,16373.50,70887328,0
NIFTY100ESG,20191104,-,-,-,2217.47,1090177774,0
NIFTY100ENHESG,20191104,-,-,-,2247.02,1062851571,0
NIFTYINFRA,20191104,3318.85,3333.85,3305.15,3309.50,145631034,0
NIFTYMNC,20191104,14291.65,14356.20,14196.20,14210.30,241452116,0
NIFTYPSE,20191104,3433.50,3456.20,3427.90,3437.60,171397500,0
NIFTYSMEEMERGE,20191104,-,-,-,1373.48,672170,0
NIFTYSERVSECTOR,20191104,16563.50,16694.40,16544.60,16621.85,699943609,0
NIFTYSHARIAH25,20191104,-,-,-,4529.54,62515419,0
NIFTY50SHARIAH,20191104,-,-,-,2553.47,90096067,0
NIFTY500SHARIAH,20191104,-,-,-,3040.05,299652840,0
NIFTYABGROUP,20191104,-,-,-,2908.25,201094668,0
NIFTYMAHINDRA,20191104,-,-,-,10352.21,10251685,0
NIFTYTATA,20191104,-,-,-,7066.37,100584113,0
NIFTYTATA25CAP,20191104,-,-,-,4936.28,92575596,0
NIFTYABGROUP,20191104,-,-,-,2908.25,201094668,0
NIFTYLIQ15,20191104,3777.90,3816.20,3758.35,3765.10,652023990,0
NIFTY500VALUE50,20191104,-,-,-,3741.67,360791780,0
NIFTYALPHALOWVOL30,20191104,-,-,-,12179.94,121345110,0
NIFTYQUALLOWVOL30,20191104,-,-,-,8682.68,90701675,0
NIFTYALPHAQUALLOWVOL30,20191104,-,-,-,9877.72,99190928,0
NIFTYALPHAQUALVALLOWVOL30,20191104,-,-,-,7486.69,123969407,0
NIFTY50EQUALWEIGHT,20191104,12436.50,12547.85,12433.75,12472.45,823050457,0
NIFTY100EQUALWEIGHT,20191104,13451.75,13556.95,13424.70,13449.45,1247189596,0
NIFTY100LOWVOL30,20191104,9128.25,9153.15,9095.55,9115.05,110417801,0
NSEDEFTY,20191104,-,-,-,5846.53,-,0
NIFTY50DIVPOINT,20191104,117.35,117.35,117.35,117.35,-,0
NIFTYDIVOPPS50,20191104,2635.20,2653.10,2632.35,2637.20,273968664,0
NIFTYALPHA50,20191104,12861.35,12923.35,12825.35,12841.05,164530869,0
NIFTY50ARBITRAGE,20191104,-,-,-,1868.24,-,0
NIFTY50FUTINDEX,20191104,-,-,-,4052.54,-,0
NIFTY50FUTTRINDEX,20191104,-,-,-,12043.23,-,0
NIFTYHIGHBETA50,20191104,-,-,-,1355.45,1181530337,0
NIFTYLOWVOL50,20191104,-,-,-,10701.98,126784660,0
NIFTY200QUALITY30,20191104,-,-,-,10103.45,-,0
NIFTY50VALUE20,20191104,5538.70,5597.45,5536.50,5559.60,603358028,0
NIFTYGROWSECT15,20191104,6349.85,6371.75,6302.00,6322.70,79607650,0
NIFTY50TR2XLEV,20191104,6661.20,6728.00,6635.80,6675.00,-,0
NIFTY50PR2XLEV,20191104,5124.75,5176.15,5105.20,5135.35,-,0
NIFTY50TR1XINV,20191104,341.85,342.55,340.15,341.50,-,0
NIFTY50PR1XINV,20191104,389.75,390.50,387.75,389.30,-,0
NIFTY-GS-COMPSITE,20191104,2049.19,2049.19,2047.82,2047.06,-,0
NIFTY-GS-4-8YR,20191104,2136.02,2136.02,2135.13,2134.73,-,0
NIFTY-GS-8-13YR,20191104,2015.52,2015.52,2013.95,2013.03,-,0
NIFTY-GS-10YR,20191104,1862.97,1862.97,1860.84,1859.55,-,0
NIFTY-GS-10YR-CLN,20191104,950.91,950.91,949.81,949.15,-,0
NIFTY-GS-11-15YR,20191104,2136.79,2136.79,2134.06,2133.05,-,0
NIFTY-GS-15YRPLUS,20191104,2305.84,2306.78,2305.84,2307.46,-,0
VIX,20191104,15.73,16.37,13.50,15.93,0,0
