<ticker>,<date>,<open>,<high>,<low>,<close>,<volume>,<o/i>
20MICRONS,20191007,38.85,40,38.05,38.2,32552
21STCENMGM,20191007,13.2,13.2,13.2,13.2,6
3IINFOTECH,20191007,2,2,1.95,2,386912
3MINDIA,20191007,19820,19944.95,19571.05,19841.4,604
3PLAND,20191007,6.5,6.55,6.5,6.5,46
5PAISA,20191007,166.2,171.95,161.1,162.8,15667
63MOONS,20191007,114.85,119.8,113.1,117.1,104486
A2ZINFRA,20191007,9.5,9.8,9.45,9.55,68270
AARTIDRUGS,20191007,455.25,459,432.2,456.6,7846
AARTIIND,20191007,762.8,762.8,742.25,753.6,42696
AARVEEDEN,20191007,15.6,16.45,14.2,15.1,5888
AAVAS,20191007,1630.7,1630.7,1585,1599.05,31646
ABAN,20191007,26.8,28.1,25.55,26.4,52598
ABB,20191007,1460.1,1484.95,1442,1465.75,28184
ABBOTINDIA,20191007,10896.6,10950,10600,10662,8334
ABCAPITAL,20191007,78.9,79.7,78.1,78.5,828665
ABFRL,20191007,211.1,212.45,205.85,207.45,301985
ABSLNN50ET,20191007,267.57,267.57,265.7,265.7,12
ACC,20191007,1496,1496.15,1430.15,1435.1,1135461
ACCELYA,20191007,851.55,860,843,854.05,4221
ACE,20191007,74.05,75.4,73.75,74.7,184490
ADANIENT,20191007,138.45,140,135.25,135.8,2701943
ADANIGAS,20191007,127.9,131.95,127.7,130.1,402366
ADANIGREEN,20191007,65.45,68.7,62.6,68.05,4496152
ADANIPORTS,20191007,396,400.75,390.65,395.25,1399825
ADANIPOWER,20191007,59.6,60.2,58.85,59.3,6695582
ADANITRANS,20191007,229,230,222.65,224.65,52474
ADFFOODS,20191007,262.7,269.9,261.1,263.8,23649
ADHUNIKIND,20191007,108.45,113.25,102.65,109.65,137654
ADLABS,20191007,2.9,2.9,2.7,2.7,287822
ADORWELD,20191007,303.5,307,301,302.35,1021
ADROITINFO,20191007,7.9,7.9,7.9,7.9,250
ADSL,20191007,13.75,13.75,12.95,13.05,46778
ADVANIHOTR,20191007,53,53.15,51.55,52.05,4160
ADVENZYMES,20191007,149,151.9,147.65,148.95,29406
AEGISCHEM,20191007,174.8,174.8,160,164.15,257461
AFFLE,20191007,1129,1158.7,1101,1105.7,72633
AGARIND,20191007,114.5,114.5,112,112.05,3420
AGCNET,20191007,115.85,115.85,113.05,113.1,184
AGLSL,20191007,49.15,52.3,48.35,49.85,2548
AGRITECH,20191007,47.7,47.7,45.3,45.8,3803
AGROPHOS,20191007,104.75,106.2,104.65,106.1,547240
AHLEAST,20191007,186.45,186.5,177,177.35,2427
AHLUCONT,20191007,275.55,279.45,265.6,272.2,3224
AHLWEST,20191007,323.9,328.8,305.05,312.65,52080
AIAENG,20191007,1651.25,1689.5,1650.05,1676.6,7060
AIONJSW,20191007,10.2,10.2,9.8,9.95,15205
AIRAN,20191007,13.05,13.05,12.8,13,5544
AJANTPHARM,20191007,1000.15,1000.15,973,984.7,47877
AJMERA,20191007,118,118.65,113.05,113.8,24721
AKSHARCHEM,20191007,211.5,211.5,197,206,1368
AKSHOPTFBR,20191007,6.5,7.05,6.45,7.05,252508
AKZOINDIA,20191007,1854,1915.5,1854,1872.05,3250
ALANKIT,20191007,20.3,21.15,19.7,20.5,104344
ALBERTDAVD,20191007,348.95,348.95,334.15,336.55,1080
ALBK,20191007,27.2,27.6,26.5,26.6,710600
ALCHEM,20191007,0.95,0.95,0.9,0.9,2935
ALEMBICLTD,20191007,45.2,46,43,43.75,80736
ALICON,20191007,342.95,343,331.05,338.8,1594
ALKALI,20191007,46.5,46.5,44.3,45,2525
ALKEM,20191007,1920.5,1949,1916.1,1938.55,23558
ALKYLAMINE,20191007,879.9,879.9,850,860.6,2795
ALLCARGO,20191007,103.2,104,100.05,100.6,115430
ALLSEC,20191007,305.95,305.95,285.95,289.8,4179
ALMONDZ,20191007,9.25,9.25,9.25,9.25,97
ALOKTEXT,20191007,1.55,1.6,1.55,1.6,3085791
ALPA,20191007,15.1,15.4,14.3,14.6,13001
ALPHAGEO,20191007,192,200,184.1,193.7,5135
ALPSINDUS,20191007,0.3,0.3,0.3,0.3,1000
AMARAJABAT,20191007,688.1,693.55,678.55,684.1,197020
AMBER,20191007,880,921.95,875,880.35,10141
AMBIKCO,20191007,936,936,900,903.45,1921
AMBUJACEM,20191007,190.7,190.75,185.25,185.95,2614126
AMDIND,20191007,15.55,16.05,15.2,15.55,3554
AMJLAND,20191007,16.75,16.75,16,16.25,3671
AMRUTANJAN,20191007,333.1,347,328.25,336.5,19030
ANANTRAJ,20191007,30.75,31.1,29,29.1,94075
ANDHRABANK,20191007,17.05,17.05,16.35,16.5,404460
ANDHRACEMT,20191007,2.3,2.4,2.25,2.35,37027
ANDHRSUGAR,20191007,271.3,274,267,268.75,13170
ANIKINDS,20191007,7.35,7.35,6.5,6.75,1038
ANKITMETAL,20191007,0.45,0.55,0.45,0.5,7467
ANSALAPI,20191007,4.3,4.6,4.2,4.2,47901
ANSALHSG,20191007,4.85,5.5,4.15,4.5,61515
ANTGRAPHIC,20191007,0.7,0.75,0.7,0.75,29700
ANUP,20191007,445.1,449.85,440,443.9,12222
APARINDS,20191007,534,534,517.95,521.2,3325
APCL,20191007,144.25,144.25,138.5,140.8,534
APCOTEXIND,20191007,186.05,187.2,174.2,177.65,34972
APEX,20191007,214.1,221.8,211.25,212.2,43907
APLAPOLLO,20191007,1346,1346,1300.15,1315.1,9306
APLLTD,20191007,555.4,555.4,512.85,532.9,36200
APOLLO,20191007,75.5,75.95,68.8,69.6,22543
APOLLOHOSP,20191007,1409.2,1430,1399,1410.65,673596
APOLLOTYRE,20191007,167.5,168.2,163.5,164.35,1684274
APOLSINHOT,20191007,761.05,775.7,732.6,747.75,3017
APTECHT,20191007,151.2,151.5,145.25,146.55,89715
ARCHIDPLY,20191007,26.8,26.95,25.5,25.65,4878
ARCHIES,20191007,19.45,19.5,18.75,18.9,11312
ARCOTECH,20191007,1.8,1.85,1.75,1.85,27480
ARIES,20191007,57.1,59.85,57.05,58.2,19762
ARIHANT,20191007,18.5,18.5,17.2,18.2,293
ARIHANTSUP,20191007,32.5,32.5,32.5,32.5,30004
ARMANFIN,20191007,598.7,598.7,535.2,542.4,17862
AROGRANITE,20191007,40.95,41.9,35.6,37.3,22161
ARROWGREEN,20191007,53.45,53.45,53.45,53.45,1125
ARROWTEX,20191007,10.25,10.25,9.45,9.55,4015
ARSHIYA,20191007,21.3,21.3,20.45,20.5,32573
ARSSINFRA,20191007,21.85,21.85,20,20.25,22280
ARVIND,20191007,45.9,45.9,44.55,44.85,1698375
ARVINDFASN,20191007,416.05,429.05,416.05,424.05,14077
ARVSMART,20191007,84,86.8,84,85.8,4676
ASAHIINDIA,20191007,186.4,186.4,180.1,180.3,8069
ASAHISONG,20191007,134.9,134.95,130,131.15,1511
ASAL,20191007,33,34.3,33,34.2,561
ASHAPURMIN,20191007,34.85,34.85,34.7,34.85,112031
ASHIANA,20191007,104.65,104.7,101.25,103.35,17593
ASHIMASYN,20191007,8.1,8.4,7.6,7.8,6692
ASHOKA,20191007,97.45,98.5,97.05,97.45,82332
ASHOKLEY,20191007,66,66.65,63.5,64.4,36232884
ASIANHOTNR,20191007,101.4,107,101.4,103.05,103
ASIANPAINT,20191007,1724.95,1742.95,1717.85,1725.15,562559
ASIANTILES,20191007,226,226.75,213,215.1,53937
ASPINWALL,20191007,131.5,134.7,131.5,134.6,1064
ASSAMCO,20191007,0.55,0.6,0.55,0.6,97007
ASTEC,20191007,380,387.95,375,382.15,2354
ASTERDM,20191007,122.5,122.5,116,116.15,23592
ASTRAL,20191007,1180,1199,1163.05,1189.9,60754
ASTRAMICRO,20191007,79,79,76.1,77.8,57953
ASTRAZEN,20191007,2196.25,2214.95,2122,2146.95,10868
ASTRON,20191007,104.7,104.7,95.65,98.1,345966
ATFL,20191007,503.95,503.95,480.3,488.8,2051
ATLANTA,20191007,7.2,7.8,7.15,7.5,11690
ATNINTER,20191007,0.45,0.45,0.35,0.45,77556
ATUL,20191007,3992.6,3992.6,3910.05,3966.3,2356
ATULAUTO,20191007,231,231,223.25,224.5,5193
AUBANK,20191007,648.6,654.8,645,652.95,329269
AURIONPRO,20191007,101.45,101.45,92.3,94.05,11403
AUROPHARMA,20191007,560.55,564.35,450.35,459.85,22618778
AUSOMENT,20191007,30.8,30.8,27.05,27.2,771
AUTOAXLES,20191007,871,886.2,865.4,872.05,3888
AUTOIND,20191007,38.9,38.9,34.55,34.8,14553
AUTOLITIND,20191007,19.9,20.85,19.85,20.75,306
AVADHSUGAR,20191007,274,278.5,263.65,265.4,39114
AVANTIFEED,20191007,356.25,361.45,352.15,354.85,139825
AVTNPL,20191007,22.75,23.6,22.25,23,67660
AXISBANK,20191007,660.95,681.9,651.7,673.45,21554138
AXISCADES,20191007,79.1,79.7,77.1,78.25,81262
AXISGOLD,20191007,3358.5,3384,3340,3374.95,280
AXISNIFTY,20191007,1157.5,1159.25,1139.96,1143.8,166
AYMSYNTEX,20191007,29.55,30,29,29.75,5962
BAGFILMS,20191007,1.6,1.6,1.5,1.5,472147
BAJAJ-AUTO,20191007,2859.9,2900.05,2854.95,2892.3,276023
BAJAJCON,20191007,243,245.2,240,242.8,33399
BAJAJELEC,20191007,390,390,372.8,378.4,53840
BAJAJFINSV,20191007,8295,8355,8190,8220,276990
BAJAJHIND,20191007,6.3,6.4,6.15,6.25,443168
BAJAJHLDNG,20191007,3600,3628.05,3536.15,3587.6,13217
BAJFINANCE,20191007,3880,3958.25,3819.45,3900.9,1406152
BALAJITELE,20191007,54.85,54.85,51.75,52.85,8053
BALAMINES,20191007,315,319.55,308.5,311.6,21825
BALAXI,20191007,86,86.6,78.8,86.6,313
BALKRISHNA,20191007,27.25,27.25,25.9,25.9,5369
BALKRISIND,20191007,747.95,747.95,722,725.1,304831
BALLARPUR,20191007,0.55,0.55,0.5,0.55,5271370
BALMLAWRIE,20191007,167,168.4,165,166.15,45804
BALPHARMA,20191007,37,38.6,37,38.3,4814
BALRAMCHIN,20191007,155.8,159.5,153.35,155.4,919602
BANARBEADS,20191007,38,38,35,36.4,1732
BANARISUG,20191007,1150.05,1188,1145,1145,75
BANCOINDIA,20191007,99.8,100.15,97,97.3,30835
BANDHANBNK,20191007,488,488,469.05,479.55,299710
BANG,20191007,22.8,22.8,19,19.65,9374
BANKBARODA,20191007,88.25,89.65,85.75,87.25,32910801
BANKBEES,20191007,2838,2880,2820,2833.34,9127
BANKINDIA,20191007,60.35,60.75,58.8,59.5,6710375
BANSWRAS,20191007,70.4,75.75,66.05,71.05,9688
BARTRONICS,20191007,1.9,1.9,1.9,1.9,1400
BASF,20191007,1010,1010,980,985.85,2464
BASML,20191007,125,125,122.65,123.85,285
BATAINDIA,20191007,1674,1699.4,1652.55,1681.75,633304
BAYERCROP,20191007,3356.6,3356.6,3272.9,3333.45,3825
BBL,20191007,911.25,924.95,888,890.85,4143
BBTC,20191007,1095,1124,1057.2,1079.7,118929
BCG,20191007,3.15,3.3,3.15,3.3,280767
BCP,20191007,9.5,9.8,9.5,9.6,323969
BDL,20191007,295,295,283,285,26294
BEARDSELL,20191007,10.5,11.5,10.3,10.8,438
BEDMUTHA,20191007,11.3,11.8,11.05,11.75,158
BEL,20191007,105.1,106.25,103.5,104.35,6213977
BEML,20191007,949.7,956,931.65,937.15,564238
BEPL,20191007,51,51.3,48,48.6,421472
BERGEPAINT,20191007,424,438.25,422.15,435.35,2482283
BFINVEST,20191007,271,276.05,268.05,274.45,30490
BFUTILITIE,20191007,168.9,169.2,159.25,161.1,209308
BGLOBAL,20191007,1.55,1.6,1.5,1.6,13281
BGRENERGY,20191007,33.3,33.95,32.6,33.3,39576
BHAGERIA,20191007,109.85,109.85,101.5,104,23430
BHAGYANGR,20191007,18.65,19.75,18.5,18.95,5157
BHAGYAPROP,20191007,20.3,20.35,20.3,20.35,51
BHANDARI,20191007,1.2,1.25,1.1,1.25,100276
BHARATFORG,20191007,424,429.4,417,425.25,697196
BHARATGEAR,20191007,61.5,63,58,58.4,6707
BHARATRAS,20191007,5837.95,5960,5837.95,5882.55,725
BHARATWIRE,20191007,27.75,27.75,26.05,26.85,7450
BHARTIARTL,20191007,338,346.75,337.1,341.55,3500384
BHEL,20191007,45.9,46,42.6,42.8,16652132
BIGBLOC,20191007,27.9,27.9,24.05,25.3,342
BIL,20191007,170,170.95,168,168,182
BILENERGY,20191007,0.85,0.95,0.85,0.9,95372
BINDALAGRO,20191007,10.3,10.3,9.9,9.9,5747
BIOCON,20191007,232.55,233.6,226.35,228.6,2548046
BIOFILCHEM,20191007,4.35,4.55,4.35,4.55,378
BIRLACABLE,20191007,49.6,49.7,47.6,47.9,36232
BIRLACORPN,20191007,537.3,543,525,538.75,40947
BIRLAMONEY,20191007,35.85,35.95,34.1,34.2,42171
BKMINDST,20191007,0.9,0.95,0.9,0.95,5463
BLBLIMITED,20191007,3.05,3.3,3.05,3.1,4979
BLISSGVS,20191007,102.85,104.75,98.3,102.1,339441
BLKASHYAP,20191007,9,9.5,8.9,8.9,76738
BLS,20191007,80,80.35,79.35,79.95,114056
BLUECHIP,20191007,0.35,0.35,0.35,0.35,70
BLUECOAST,20191007,2.5,2.5,2.45,2.45,76
BLUEDART,20191007,2335,2351.95,2220,2233.8,4094
BLUESTARCO,20191007,801.95,810,792.95,807.45,44666
BODALCHEM,20191007,74.25,76,72,72.55,104395
BOMDYEING,20191007,72,73.45,66.9,67.9,1393820
BOROSIL,20191007,166.55,169,162,162.7,30113
BOSCHLTD,20191007,13101.2,13178.2,12900,13054,15465
BPCL,20191007,502.05,507.45,475.45,490.65,27449237
BPL,20191007,21.05,22.8,20.1,20.3,79714
BRFL,20191007,4.75,5.15,4.75,5,10376
BRIGADE,20191007,202.05,203.8,191.6,194.05,193466
BRITANNIA,20191007,2857.85,2968.75,2851.45,2953.35,969709
BRNL,20191007,66.95,67,64.55,65.25,6889
BROOKS,20191007,33.3,33.3,32.1,32.35,5312
BSE,20191007,556.1,565,550,552.7,62915
BSELINFRA,20191007,1,1.1,1,1.05,39672
BSL,20191007,26.7,27.6,25.7,25.75,1177
BSLGOLDETF,20191007,3509,3784,3471.15,3538.95,123
BSLNIFTY,20191007,122.1,122.19,121.46,121.46,69
BSOFT,20191007,62.3,63.75,61,61.65,206526
BURNPUR,20191007,1.25,1.3,1.25,1.25,13387
BUTTERFLY,20191007,148.1,152.2,142.6,144.9,30903
BVCL,20191007,10.8,11.5,10.75,11.5,573
BYKE,20191007,20,20.7,18.35,18.5,34473
CADILAHC,20191007,232.25,232.25,223.95,227.95,1530313
CALSOFT,20191007,10.25,10.25,9.65,9.65,10712
CAMLINFINE,20191007,53.55,54.35,52.8,53.05,40485
CANBK,20191007,181.15,182.65,178,179.4,5630108
CANFINHOME,20191007,393,394.95,368.5,380.25,1140672
CANTABIL,20191007,206,206.2,199.9,204.2,26036
CAPACITE,20191007,187.1,194.75,187.1,191.25,22825
CAPLIPOINT,20191007,408.3,414.8,390,392.15,36117
CAPTRUST,20191007,130,130,127.3,127.3,37
CARBORUNIV,20191007,294.05,296.85,285.55,286.9,39894
CAREERP,20191007,89.55,90.9,88,88.85,12022
CARERATING,20191007,520,520,500.55,504.25,24148
CASTEXTECH,20191007,0.4,0.5,0.4,0.4,90620
CASTROLIND,20191007,132.2,132.95,129.7,130.05,777242
CCHHL,20191007,3.65,3.65,3.35,3.45,60810
CCL,20191007,235.25,235.8,220,226.75,43348
CDSL,20191007,204.95,209,201.15,207.85,105347
CEATLTD,20191007,958.25,960.65,922.5,930.45,60161
CEBBCO,20191007,13.6,14.2,13,13.15,29764
CELEBRITY,20191007,5.65,6.15,5.65,5.8,14239
CELESTIAL,20191007,3.25,3.25,3.1,3.1,6690
CENTENKA,20191007,173.9,176.95,166.15,169.65,20584
CENTEXT,20191007,2.95,2.95,2.8,2.85,13331
CENTRALBK,20191007,17.85,18.05,17.35,17.45,334598
CENTRUM,20191007,24.35,24.35,22.2,23.75,123480
CENTUM,20191007,395.1,402.5,386.2,391.65,1419
CENTURYPLY,20191007,166,166.9,155.15,156.5,90631
CENTURYTEX,20191007,869.3,875.95,855.65,862.5,539333
CERA,20191007,2604.9,2622,2525,2530.95,4086
CEREBRAINT,20191007,21.6,22.1,21.35,21.65,184525
CESC,20191007,732.25,742,724.9,731,230056
CESCVENT,20191007,331,354.1,331,342.85,26799
CGCL,20191007,207.1,216,207.1,214.5,333387
CGPOWER,20191007,15.45,15.45,14.1,14.45,1611999
CHALET,20191007,319.45,323,315,319.25,1877
CHAMBLFERT,20191007,150.3,151.15,144.15,145.35,142033
CHEMFAB,20191007,179,181.9,178,178.45,2220
CHENNPETRO,20191007,168.75,169.7,163.5,165.1,193823
CHOLAFIN,20191007,287.2,293.4,278.95,290.5,1353432
CHOLAHLDNG,20191007,476.15,478,463.55,475.15,18726
CHROMATIC,20191007,0.45,0.45,0.45,0.45,8110
CIGNITITEC,20191007,325,326,318,324.2,15913
CIMMCO,20191007,20.8,21.3,20,20.65,8770
CINELINE,20191007,33.2,33.95,31.6,31.9,2083
CINEVISTA,20191007,14.35,14.7,14.2,14.7,74205
CIPLA,20191007,419.95,419.95,405.5,408.25,2564196
CKFSL,20191007,0.6,0.65,0.6,0.6,193397
CLEDUCATE,20191007,82.5,83.4,79.2,79.7,2414
CLNINDIA,20191007,294.55,295.95,287.5,289.35,9821
CMICABLES,20191007,59.2,59.7,57,57.45,2775
CNOVAPETRO,20191007,8.45,8.45,8.45,8.45,189
COALINDIA,20191007,186.95,188.2,183,184.4,6160378
COCHINSHIP,20191007,331.6,334.1,329.5,330.25,27191
COFFEEDAY,20191007,41.5,43.9,41.1,43.9,901271
COLPAL,20191007,1440,1470.65,1434.55,1465.25,502087
COMPINFO,20191007,9.7,10.1,9.65,9.95,43458
COMPUSOFT,20191007,8.1,8.6,7.75,8.05,37158
CONCOR,20191007,601,601,561.05,573.8,3305170
CONFIPET,20191007,28.8,29.35,27.05,27.45,87161
CONSOFINVT,20191007,40.9,40.95,33.9,36,6992
CONTROLPR,20191007,258.45,258.5,236.25,238.45,1074
CORALFINAC,20191007,10.8,12.25,10.5,10.55,8726
CORDSCABLE,20191007,43.1,43.5,41.15,41.75,5292
COROMANDEL,20191007,407,414.7,402.6,408.3,53611
CORPBANK,20191007,14.5,14.5,14.1,14.2,111716
COSMOFILMS,20191007,207.8,209.5,206.5,207.4,5006
COUNCODOS,20191007,2.3,2.3,2.15,2.15,3372
COX&KINGS,20191007,3.2,3.2,3.2,3.2,213762
CPSEETF,20191007,23.63,23.63,23.02,23.06,4298292
CREATIVE,20191007,62.6,65,62.6,65,4903
CREATIVEYE,20191007,1.35,1.35,1.35,1.35,379
CREDITACC,20191007,668.5,680.05,651.75,675.7,34467
CREST,20191007,89,91.25,89,89.45,639
CRISIL,20191007,1320,1320,1295,1304.05,7540
CRMFGETF,20191007,3540,3540,3540,3540,1
CROMPTON,20191007,245,258.5,240.2,254.05,293741
CTE,20191007,26.85,28.9,25.15,26.9,2841
CUB,20191007,218.95,222.9,214.4,221.45,471989
CUBEXTUB,20191007,9.8,10.7,9.8,10.15,683
CUMMINSIND,20191007,550.8,572.8,544.25,561.45,1014021
CUPID,20191007,131.1,131.1,126,127,21493
CYBERMEDIA,20191007,3.4,3.4,3.4,3.4,10
CYBERTECH,20191007,50.45,50.5,48,48.45,22390
CYIENT,20191007,460,462.8,445.95,450.1,266457
DAAWAT,20191007,24.1,24.25,23.05,24,1853745
DABUR,20191007,425.15,433.95,421.5,432.55,1546043
DALBHARAT,20191007,791.6,794.5,776.85,779.8,387620
DALMIASUG,20191007,91,91.7,89.4,89.95,458497
DAMODARIND,20191007,28,28.95,27,28.4,1663
DATAMATICS,20191007,73.05,73.4,70.7,71.1,15805
DBCORP,20191007,138.8,144.9,138.8,143.45,19923
DBL,20191007,387.4,395.5,381.1,382.8,116980
DBREALTY,20191007,7.3,7.4,6.75,6.75,125117
DBSTOCKBRO,20191007,7.85,8.25,7.85,8.25,1001
DCAL,20191007,165,165,159.65,160.5,38013
DCBBANK,20191007,178.25,178.5,175.75,176.9,958649
DCM,20191007,22.65,23.25,21.55,21.55,1529
DCMNVL,20191007,25.5,29.7,25.5,26.65,4661
DCMSHRIRAM,20191007,390.95,395,379.05,383.15,70273
DCW,20191007,15.35,15.35,14.6,14.7,109707
DECCANCE,20191007,355,355,330,333.45,3434
DEEPAKFERT,20191007,92.05,93.8,91.1,91.5,89532
DEEPAKNTR,20191007,299.2,299.2,286.25,288.2,160316
DEEPIND,20191007,97.1,100.35,96.5,97.2,6470
DELTACORP,20191007,152.9,158.6,150,157.3,883590
DEN,20191007,52.2,52.2,47.3,47.9,43836
DENORA,20191007,217.5,217.5,204.1,206.65,1130
DFMFOODS,20191007,242.05,246.9,242,245.65,10611
DGCONTENT,20191007,5.8,6,5.6,5.85,8548
DHAMPURSUG,20191007,224.4,226,214.15,215.15,412054
DHANBANK,20191007,15,15.6,14.8,15.4,148609
DHANUKA,20191007,310,311.65,299,309.05,15827
DHARSUGAR,20191007,7.4,7.75,7.15,7.35,6784
DHFL,20191007,31.5,31.85,28.6,28.95,4328474
DHUNINV,20191007,194.95,206.3,191.5,194.25,281
DIAMONDYD,20191007,869.35,878.55,865,866.9,463
DICIND,20191007,369.65,369.65,331.85,335.8,1675
DIGISPICE,20191007,5.25,5.5,5.2,5.5,4221
DISHTV,20191007,17,17.5,16.45,16.85,35042869
DIVISLAB,20191007,1631,1655.95,1616.55,1646.65,476604
DIXON,20191007,2992,3060,2921,2984.2,16448
DLF,20191007,148,148.05,142.75,143.9,6301348
DLINKINDIA,20191007,87.55,90.45,87.55,88.1,27086
DMART,20191007,1906.3,1909.9,1840,1847.3,334908
DNAMEDIA,20191007,0.35,0.45,0.35,0.35,4454
DOLAT,20191007,57.5,58.7,55.1,57.25,69312
DOLLAR,20191007,196.95,196.95,185,185.85,2838
DONEAR,20191007,30,30.95,28.4,29.95,7214
DPSCLTD,20191007,9.9,10.8,9.9,10.35,18270
DQE,20191007,2.7,2.8,2.7,2.75,52
DREDGECORP,20191007,327.95,329.55,305,309.8,110411
DRREDDY,20191007,2630,2645,2576.25,2616.45,519253
DSSL,20191007,26,27,25.35,26.4,933
DTIL,20191007,165,165,153.95,161.45,2510
DUCON,20191007,5.35,5.35,4.9,4.9,29514
DVL,20191007,67.8,69.65,67.1,67.95,2103
DWARKESH,20191007,24.9,25.5,24.5,24.75,280369
DYNAMATECH,20191007,1251.1,1285.7,1240,1240.75,364
DYNPRO,20191007,121.95,122,117,119.1,6367
EASTSILK,20191007,0.7,0.7,0.7,0.7,2022
ECLERX,20191007,400.1,404.8,397.1,399.05,49541
EDELWEISS,20191007,85,85,76.3,78.45,7023513
EICHERMOT,20191007,17934.95,18153.3,17654.65,18000.6,79460
EIDPARRY,20191007,157,157.4,152,154.85,98438
EIHAHOTELS,20191007,301.95,310,295.1,298.55,2338
EIHOTEL,20191007,172,172.8,166.7,167.55,49955
EIMCOELECO,20191007,290.1,295,281.35,285.75,1416
EKC,20191007,26.45,26.45,25.25,25.55,18014
ELECON,20191007,30.25,30.6,28.8,29.1,31740
ELECTCAST,20191007,14.3,14.4,13.95,14.1,20703
ELECTHERM,20191007,133.15,133.15,123.35,128.5,44649
ELGIEQUIP,20191007,276,280.95,273.25,278.9,12851
ELGIRUBCO,20191007,18.7,18.7,15.8,16.1,7141
EMAMILTD,20191007,308,310.05,297.25,300.35,614234
EMAMIPAP,20191007,87.6,88.95,86.05,88.25,3490
EMAMIREAL,20191007,39.95,41.8,39.1,40.1,31485
EMCO,20191007,0.9,0.9,0.85,0.85,1941
EMKAY,20191007,67.2,69.3,65.45,65.95,8153
EMMBI,20191007,116.1,117.7,115.6,116.4,2914
ENDURANCE,20191007,971,994.5,945.05,954.65,10917
ENERGYDEV,20191007,5.25,5.5,5,5.4,20274
ENGINERSIN,20191007,109.4,111.45,106,106.9,2048369
ENIL,20191007,317.9,317.9,303.05,306.7,802
EON,20191007,14.4,14.4,13.7,14.2,1493
EQ30,20191007,324,331.85,324,331.85,31
EQUITAS,20191007,100,101.85,98.6,100.2,2998645
ERIS,20191007,435.95,435.95,420.55,427.35,12235
EROSMEDIA,20191007,14.8,15.2,14.35,14.45,143830
ESABINDIA,20191007,1252,1252,1210,1215.4,1020
ESCORTS,20191007,600,607.25,587.8,600.7,3015084
ESSARSHPNG,20191007,7.6,7.65,7.1,7.1,7401
ESSELPACK,20191007,114.45,115.75,110.65,114.75,47215
ESTER,20191007,30.25,32.15,29.7,29.85,13105
EUROMULTI,20191007,0.6,0.6,0.6,0.6,10
EUROTEXIND,20191007,12.3,12.3,12.3,12.3,35
EVEREADY,20191007,43.4,43.9,41.4,42.9,161183
EVERESTIND,20191007,320,320,306,308.05,10597
EXCEL,20191007,1,1,1,1,6661
EXCELINDUS,20191007,906.9,907.05,880,883.9,3226
EXIDEIND,20191007,189.1,191.6,185.5,186.2,1272057
EXPLEOSOL,20191007,288.05,299.65,287.85,291.95,521
FACT,20191007,39.1,39.4,38.25,38.6,46448
FAIRCHEM,20191007,480,493.05,475.05,479.75,4392
FCL,20191007,25.85,25.95,25.15,25.4,59267
FCONSUMER,20191007,25.2,25.3,23.8,24.15,1116272
FCSSOFT,20191007,0.25,0.25,0.2,0.25,279352
FDC,20191007,168.7,172,165,167.55,12628
FEDERALBNK,20191007,85.8,86,83.8,84.9,12809772
FEL,20191007,20.4,20.65,19.05,20.05,274467
FELDVR,20191007,24.4,24.4,18.5,19.15,11161
FIEMIND,20191007,332,347,332,338.2,10000
FILATEX,20191007,36.7,36.7,31.95,34.75,448086
FINCABLES,20191007,366,372,363,367,33284
FINEORG,20191007,1735,1749,1673.1,1688.25,5551
FINPIPE,20191007,584.1,595.9,569.1,572,18824
FLEXITUFF,20191007,7.75,7.75,7.75,7.75,2545
FLFL,20191007,412,436.95,407,418.1,40347
FMGOETZE,20191007,537,543.15,525.25,534.25,8069
FMNL,20191007,28,29.4,27.35,29.3,19044
FORCEMOT,20191007,1098.7,1111,1075,1080.95,9958
FORTIS,20191007,140.55,141.95,136.9,138.05,770952
FOSECOIND,20191007,1277,1295,1277,1291.4,191
FRETAIL,20191007,381.5,383.95,376.8,379.4,327771
FSC,20191007,515,517,503.55,506.4,1784
FSL,20191007,45.3,46.75,44.65,45.85,1471614
GABRIEL,20191007,105,106.15,99.6,101.55,75945
GAEL,20191007,155.1,155.15,148,149.85,24566
GAIL,20191007,132,132.7,129,130.2,6694946
GAL,20191007,2.15,2.35,2.05,2.25,19505
GALAXYSURF,20191007,1450,1487.45,1435.9,1451.85,7485
GALLANTT,20191007,27.35,28.75,27,27.25,3597
GALLISPAT,20191007,20.9,20.9,20,20.45,9460
GAMMNINFRA,20191007,0.3,0.3,0.25,0.3,303887
GANDHITUBE,20191007,319.8,328,313,320.75,2361
GANECOS,20191007,242,247.6,240,241.7,2804
GANESHHOUC,20191007,34.55,35.9,32.6,33.35,27805
GANGESSECU,20191007,33,35.1,33,35.1,225
GARDENSILK,20191007,10.05,10.8,9.75,10.65,12553
GARFIBRES,20191007,1195,1195,1152,1182.75,9636
GATI,20191007,59,59,55.1,55.9,253644
GAYAHWS,20191007,0.25,0.25,0.25,0.25,143084
GAYAPROJ,20191007,112.45,112.5,107.4,108.75,119494
GDL,20191007,99.4,100.7,97.1,99.55,91725
GEECEE,20191007,84.35,86.5,84,84.5,503
GENESYS,20191007,76.55,79.4,74.9,77.95,21120
GENUSPAPER,20191007,5.75,5.75,5.2,5.2,117724
GENUSPOWER,20191007,22.1,22.55,22.1,22.2,17547
GEOJITFSL,20191007,26.15,27,26.15,26.35,133887
GEPIL,20191007,762.85,774.95,750.1,755.75,14379
GESHIP,20191007,274.05,295,273,290.8,96759
GET&D,20191007,174.25,176.95,169.15,170.4,16005
GFLLIMITED,20191007,85.5,85.5,78.7,79.3,53875
GFSTEELS,20191007,4.85,4.85,4.85,4.85,434
GHCL,20191007,214.9,214.9,204.55,205.45,30655
GICHSGFIN,20191007,137.5,139.85,132.25,134.5,40096
GICRE,20191007,222.1,227,216.2,218.5,81489
GILLANDERS,20191007,29.1,30.5,27,29.1,3281
GILLETTE,20191007,7075.2,7096.55,7020.05,7037.9,1755
GINNIFILA,20191007,7.7,8.15,7.6,7.75,6264
GIPCL,20191007,68.25,69.1,68,68.15,33548
GKWLIMITED,20191007,795,795,725.05,765.9,29
GLAXO,20191007,1348.95,1349.4,1310.1,1341.65,26183
GLENMARK,20191007,302,308.05,270,285.6,9995055
GLFL,20191007,1.45,1.45,1.45,1.45,5000
GLOBALVECT,20191007,57.7,57.7,54,55.6,1689
GLOBOFFS,20191007,6.45,6.45,6,6.3,3777
GLOBUSSPR,20191007,125,127.1,115.95,119.1,54999
GMBREW,20191007,388.25,402.4,376,384.1,163666
GMDCLTD,20191007,61.6,62.15,57.25,58.05,200583
GMMPFAUDLR,20191007,1504,1518.9,1316.2,1484.35,10889
GMRINFRA,20191007,16.65,16.7,16.3,16.4,10933970
GNA,20191007,233.45,233.45,225.3,226.85,12100
GNFC,20191007,197.8,197.8,190.55,192.55,128692
GOACARBON,20191007,257,257,250.35,250.35,11663
GOCLCORP,20191007,295,295,280.25,282.7,4562
GODFRYPHLP,20191007,951,963.7,930.65,935.85,25574
GODREJAGRO,20191007,474.9,479.55,465.95,473.05,24210
GODREJCP,20191007,670,674.9,665.6,670.65,400986
GODREJIND,20191007,384.8,394.7,382.3,385.65,182814
GODREJPROP,20191007,1007.85,1013.95,985.45,993.25,73992
GOKEX,20191007,86.15,86.65,84.05,84.15,10552
GOKUL,20191007,14.1,14.3,13.65,13.75,3226
GOKULAGRO,20191007,14.25,14.35,13.5,14,4578
GOLDBEES,20191007,3363.5,3377.5,3350.6,3360.35,17032
GOLDENTOBC,20191007,27.5,28,26.15,27.75,2326
GOLDIAM,20191007,129.45,134.9,129,130.4,31675
GOLDSHARE,20191007,3449,3449,3390,3393.6,788
GOLDTECH,20191007,10.15,10.25,9.8,9.8,23393
GOODLUCK,20191007,54.5,54.5,52.5,52.7,14672
GPIL,20191007,131.75,131.8,127.5,128.6,37390
GPPL,20191007,81.55,82.5,80.15,82.1,65324
GPTINFRA,20191007,35,37.9,35,35.4,2432
GRANULES,20191007,105,105.55,102.9,104.05,1094700
GRAPHITE,20191007,283.15,283.75,271.25,273.7,715034
GRASIM,20191007,654.4,654.4,633.6,649,2397704
GRAVITA,20191007,41,42.95,39.5,41,50629
GREAVESCOT,20191007,136.45,138.5,134.8,135.25,95973
GREENLAM,20191007,879.4,879.4,845.5,867.45,14385
GREENPLY,20191007,155.05,157.6,155,155.3,13757
GREENPOWER,20191007,2.2,2.2,2.1,2.2,82995
GRINDWELL,20191007,607.05,607.05,597.8,600,8901
GROBTEA,20191007,285,322.95,269,282.55,112
GRPLTD,20191007,826,1000,826,938.75,188
GRSE,20191007,171.3,175,168.5,172.55,352040
GRUH,20191007,267.6,267.95,256.2,262.8,586803
GSCLCEMENT,20191007,16.9,17.85,16.4,17.45,11928
GSFC,20191007,75.9,76,73.5,74,290415
GSKCONS,20191007,8354,8401,8262.2,8315.05,6656
GSPL,20191007,207.25,208.3,201,205.4,469487
GSS,20191007,27.15,28.5,26.45,27.7,17746
GTL,20191007,1.95,1.95,1.9,1.9,20805
GTLINFRA,20191007,0.6,0.65,0.6,0.65,2041686
GTNIND,20191007,7.1,7.15,6.55,7.1,608
GTNTEX,20191007,7.45,7.45,7.1,7.15,638
GTPL,20191007,69.95,70.5,69.45,70.1,5542
GUFICBIO,20191007,70.5,70.5,68.2,69.65,11020
GUJALKALI,20191007,431,436.35,419,423,29076
GUJAPOLLO,20191007,153.5,158.9,142,143.2,2522
GUJGASLTD,20191007,176.1,179.65,172.5,173.9,278182
GULFOILLUB,20191007,865,865,849.75,855.15,4044
GULFPETRO,20191007,38.1,39.05,37.75,38.05,3914
GULPOLY,20191007,41.1,44.6,40.45,41.7,5683
GVKPIL,20191007,4,4.05,3.85,3.9,1508776
HAL,20191007,700,703.75,689,691.25,8819
HARITASEAT,20191007,410,430,410,413.4,1131
HARRMALAYA,20191007,54.85,55.4,52.45,53.25,44988
HATHWAY,20191007,19.4,19.7,19.15,19.4,138788
HATSUN,20191007,610.1,629.7,610.1,622.55,6589
HAVELLS,20191007,682.2,682.6,660,662.75,1111458
HAVISHA,20191007,0.55,0.55,0.55,0.55,22
HBLPOWER,20191007,18.35,18.35,16.4,17.05,76999
HBSL,20191007,6.85,6.85,6.85,6.85,30
HCC,20191007,8.5,8.5,7.9,8,705452
HCG,20191007,103.15,107.7,103.15,104.2,2610
HCL-INSYS,20191007,7.5,7.6,6.7,6.8,837258
HCLTECH,20191007,1085.75,1091,1068.9,1074.4,955249
HDFC,20191007,1988.5,1996.8,1963.05,1969.3,2730663
HDFCAMC,20191007,2677,2756,2635.6,2691.75,366377
HDFCBANK,20191007,1201.2,1219.85,1181.15,1186.9,11256610
HDFCLIFE,20191007,584.5,584.5,572.05,575.45,3237005
HDFCMFGETF,20191007,3453,3479,3445.15,3450.5,3137
HDFCNIFETF,20191007,1188,1188,1165,1170,3463
HDFCSENETF,20191007,3949.78,3989.32,3939.26,3958.25,88
HDIL,20191007,3.35,3.35,3.35,3.35,109155
HEG,20191007,955,955,914,918.05,244232
HEIDELBERG,20191007,185.5,186.55,182.65,184.75,172459
HERCULES,20191007,84.05,85.6,83.3,83.85,2113
HERITGFOOD,20191007,363.95,368.6,358.05,363.3,43898
HEROMOTOCO,20191007,2649,2684,2606.3,2674,581314
HESTERBIO,20191007,1710.5,1745,1704.85,1717.7,2128
HEXATRADEX,20191007,6.3,6.3,6.3,6.3,473768
HEXAWARE,20191007,365.75,367.25,358,363.85,295809
HFCL,20191007,17.55,17.7,17.4,17.55,626437
HGINFRA,20191007,210.2,217.15,205.9,212.75,31078
HGS,20191007,546,562.15,545,555,2709
HIKAL,20191007,145.25,147.4,142.45,143.45,82902
HIL,20191007,1239.95,1247.9,1220.25,1226.3,3730
HILTON,20191007,9.5,9.5,8.3,8.45,3621
HIMATSEIDE,20191007,144.6,144.6,140,140.9,66467
HINDALCO,20191007,182.25,185.15,181.1,182.3,4525369
HINDCOMPOS,20191007,175,179.95,173,176.6,550
HINDCOPPER,20191007,32.75,33.2,31.5,31.65,830670
HINDMOTORS,20191007,6,6,5.1,5.2,126966
HINDNATGLS,20191007,36,36.1,35.55,35.55,236
HINDOILEXP,20191007,93,94.75,88.8,89.8,166796
HINDPETRO,20191007,316.2,317.85,306.3,307.35,6569663
HINDUJAVEN,20191007,323.8,323.8,310.95,312.7,868
HINDUNILVR,20191007,1943.95,1962.95,1927.65,1940.05,880275
HINDZINC,20191007,208,209.35,204.45,205.45,250265
HIRECT,20191007,150.65,157,150,151.1,7020
HISARMETAL,20191007,48,51.4,47.25,48.35,10728
HITECH,20191007,171,179.35,165,167.9,28530
HITECHCORP,20191007,80.1,84,80.1,82.45,357
HITECHGEAR,20191007,162.75,162.75,146.6,149.3,9346
HMVL,20191007,73.7,78.7,73.2,75.5,7177
HNDFDS,20191007,517.45,536.85,517.45,528.2,763
HNGSNGBEES,20191007,3240,3240,3233,3233,23
HONAUT,20191007,27940,27960.45,27442,27636.8,440
HONDAPOWER,20191007,1106,1106,1064.05,1070.6,757
HOTELEELA,20191007,6.85,7.1,6.85,6.95,81682
HOTELRUGBY,20191007,1.15,1.15,1.15,1.15,10
HOVS,20191007,73.6,75.9,70.65,75.9,3035
HPL,20191007,41.2,42,39.1,39.85,21965
HSCL,20191007,75,75.7,73.3,74.45,274032
HSIL,20191007,40.1,41.55,40,40.15,42134
HTMEDIA,20191007,21.05,21.05,20.35,20.4,86107
HUBTOWN,20191007,13.35,14,13.3,13.35,17168
HUDCO,20191007,33.6,33.6,32.45,32.55,659738
IBMFNIFTY,20191007,127.9,127.9,108,108,1309
IBREALEST,20191007,39,41.75,38.1,41,3136810
IBULHSGFIN,20191007,245.25,247.7,213.5,234.25,31275080
IBULISL,20191007,105.5,105.5,105.5,105.5,51145
IBVENTURES,20191007,107.2,114.5,100.1,100.1,2086288
ICICI500,20191007,146.64,147.61,146.59,146.62,560
ICICIB22,20191007,34.13,34.32,33.75,33.86,337018
ICICIBANK,20191007,415.1,423.5,411.5,416.1,21933703
ICICIBANKN,20191007,280,282.86,277.44,278.16,27981
ICICIBANKP,20191007,155.6,158.2,155.3,155.66,573
ICICIGI,20191007,1180,1184.6,1156,1159.15,208728
ICICIGOLD,20191007,34.5,38.1,34.15,34.5,24484
ICICILIQ,20191007,1000,1000,999.99,999.99,24823
ICICILOVOL,20191007,93.9,94.7,88.11,88.3,1895
ICICIMCAP,20191007,62.7,62.7,59.8,60.61,8635
ICICINF100,20191007,121.11,121.42,119.96,120.48,703
ICICINIFTY,20191007,117.5,119.29,116.7,117.17,98937
ICICINV20,20191007,56.7,60,54.56,54.68,9313
ICICINXT50,20191007,26,27.7,26,26.54,24086
ICICIPRULI,20191007,455,458.9,450,452.5,1130878
ICICISENSX,20191007,404,404,399,399.93,1420
ICIL,20191007,38.7,40.85,38.7,40.1,65894
ICRA,20191007,2725,2725,2621,2625.85,512
IDBI,20191007,30.75,31.05,29.2,29.8,2624464
IDBIGOLD,20191007,3999.95,4000,3505,3575,38
IDEA,20191007,5.1,5.55,5,5.15,101637294
IDFC,20191007,32.3,32.4,31.1,31.2,1259719
IDFCFIRSTB,20191007,38.25,38.6,36.5,37.45,20846366
IDFNIFTYET,20191007,130,130,113.01,113.01,39
IEX,20191007,122.65,123,119.85,121.7,73066
IFBAGRO,20191007,396,415,385.55,392.9,11021
IFBIND,20191007,655.65,658.75,632.95,640.75,5739
IFCI,20191007,6.9,7,6.8,6.8,649430
IFGLEXPOR,20191007,151.75,159.05,151,151.7,442
IGARASHI,20191007,192.05,200,191.95,200,45369
IGL,20191007,348.8,352.7,345.05,350.65,1043897
IGPL,20191007,158,159,146,149.3,12871
IIFL,20191007,126,126,115.5,117,67474
IIFLSEC,20191007,25,29.5,23.5,25.2,456262
IIFLWAM,20191007,1289.8,1299.85,1241.05,1279.4,8424
IITL,20191007,57.05,62.95,57,59.35,303
IMFA,20191007,174.6,176.9,171.5,172.6,6346
IMPAL,20191007,942.5,988,933,966.85,2222
IMPEXFERRO,20191007,0.3,0.35,0.25,0.35,7727
INDBANK,20191007,7.45,7.45,6.8,7,16289
INDHOTEL,20191007,156.6,157,154.2,156.2,1340343
INDIACEM,20191007,79,79.7,79,79.1,715320
INDIAGLYCO,20191007,218.15,219.3,210.45,211.35,36949
INDIAMART,20191007,1900,1930,1872.05,1920.05,15621
INDIANB,20191007,120.35,120.55,117.6,118.8,627746
INDIANCARD,20191007,108.1,108.1,108.1,108.1,106
INDIANHUME,20191007,263,264.45,261.6,262.15,2376
INDIGO,20191007,1805,1821,1771,1795.15,539117
INDLMETER,20191007,17.65,17.65,16.4,17.4,1394
INDNIPPON,20191007,322.6,322.6,318.95,319.95,2772
INDOCO,20191007,141,149,137.95,139.8,24526
INDORAMA,20191007,29.4,29.4,27.6,28.15,8764
INDOSTAR,20191007,215,216.25,207.95,213.3,9321
INDOTECH,20191007,83.85,85.9,82.5,82.55,804
INDOTHAI,20191007,25.1,25.1,22.15,22.15,44412
INDOWIND,20191007,2.7,2.9,2.55,2.85,38680
INDRAMEDCO,20191007,36.05,36.85,36.05,36.55,21020
INDSWFTLAB,20191007,42,42,39.55,41,64440
INDSWFTLTD,20191007,5.5,5.55,5.3,5.4,2251
INDTERRAIN,20191007,75,76,70.5,71.45,5166
INDUSINDBK,20191007,1275,1276,1215,1241.05,5212929
INEOSSTYRO,20191007,628.45,630.05,620.1,622.85,3378
INFIBEAM,20191007,39.6,40,38.9,39.8,2782630
INFOBEAN,20191007,70.95,70.95,60,65.15,107840
INFRABEES,20191007,330,330,318.82,319.62,425
INFRATEL,20191007,246,247.95,244.65,246.05,951115
INFY,20191007,794.85,802,786.1,789.55,3679845
INGERRAND,20191007,615.8,629.95,611,613.65,4571
INOXLEISUR,20191007,328.8,328.8,322.1,323.25,41774
INOXWIND,20191007,31.75,34.5,31.45,32.55,104269
INSECTICID,20191007,588.7,591.9,576.2,578.4,2932
INSPIRISYS,20191007,46.95,48.45,44.95,45,6716
INTEGRA,20191007,0.3,0.3,0.3,0.3,2053
INTELLECT,20191007,184,187.5,176.25,178.65,105477
INTENTECH,20191007,30.4,30.5,29,29.8,2758
INVENTURE,20191007,15.1,15.15,14.9,15.05,18875
IOB,20191007,9.7,9.75,9.45,9.6,284097
IOC,20191007,149.9,150.95,146.8,148.7,14942849
IOLCP,20191007,172.3,175,167.1,168.2,123614
IPAPPM,20191007,321.65,321.65,309.1,313.05,13363
IPCALAB,20191007,901.05,901.05,861.25,875.15,273814
IRB,20191007,70,71,65.65,67.95,601530
IRCON,20191007,363.1,367.5,357,363.45,25269
ISEC,20191007,261.6,268.5,259,264.85,103872
ISFT,20191007,82.5,88.35,82.05,88,581
ISMTLTD,20191007,3.9,3.9,3.55,3.65,22245
ITC,20191007,257.5,258,250.7,251.9,21263568
ITDC,20191007,240.25,249.5,233.1,235.05,45069
ITDCEM,20191007,45.75,45.75,43.05,43.75,138261
ITI,20191007,86,86,81.5,82.05,686861
IVC,20191007,3.5,3.5,3.5,3.5,68706
IVP,20191007,62.9,65.8,60.6,61.05,553
IVZINGOLD,20191007,3494,3494,3432,3483.7,12
IVZINNIFTY,20191007,1207.1,1207.1,1190,1190,12
IZMO,20191007,28.65,31.55,28.65,31.25,7674
J&KBANK,20191007,32.3,32.35,31.65,32.2,498270
JAGRAN,20191007,61.6,62.4,60.2,60.6,55863
JAGSNPHARM,20191007,23.8,24.75,23.8,24.2,5065
JAIBALAJI,20191007,19.75,20.25,19.35,20,9170
JAICORPLTD,20191007,77,77.6,72.75,73.35,537650
JAMNAAUTO,20191007,35.65,35.65,34.55,34.7,376080
JAYAGROGN,20191007,143,144.4,139.05,140.1,3343
JAYBARMARU,20191007,169.8,174,159.2,163.95,145384
JAYNECOIND,20191007,4.4,4.6,4.35,4.35,42063
JAYSREETEA,20191007,48.5,51.65,47.8,49.5,121971
JBCHEPHARM,20191007,365.5,372.3,358.25,362.85,25902
JBFIND,20191007,8.05,8.05,8.05,8.05,4456
JBMA,20191007,171.95,193.9,163.75,187.65,211908
JCHAC,20191007,1924,1924,1856.85,1878.65,2087
JHS,20191007,16.7,16.7,14.7,15.15,59767
JIKIND,20191007,0.2,0.2,0.2,0.2,3190
JINDALPHOT,20191007,15.4,15.8,15.4,15.8,650
JINDALPOLY,20191007,225.7,229.8,223.55,226,8025
JINDALSAW,20191007,80.1,81,79.1,79.6,174650
JINDALSTEL,20191007,93.9,96.3,91.3,93.35,22709072
JINDCOT,20191007,2.2,2.2,2.1,2.15,334
JINDRILL,20191007,76,76,70.2,70.8,2796
JINDWORLD,20191007,55.4,56.5,53.25,53.7,208652
JISLDVREQS,20191007,13.65,14.45,13.15,13.15,32303
JISLJALEQS,20191007,18.55,18.6,16.75,17,2016696
JITFINFRA,20191007,7.6,7.6,7.05,7.05,10284
JIYAECO,20191007,43.8,44.4,42.5,42.8,106956
JKCEMENT,20191007,1027.25,1048,1016.05,1032.6,8703
JKIL,20191007,128.7,131.9,127.05,127.95,107528
JKLAKSHMI,20191007,301,301,284.65,288.25,53804
JKPAPER,20191007,120.05,121.8,114.1,115.2,1445000
JKTYRE,20191007,69.45,69.5,67.9,68.7,649828
JMA,20191007,22.75,23.25,22.6,23.15,2648
JMCPROJECT,20191007,110,110,104.1,105.95,114322
JMFINANCIL,20191007,73,73,69.55,71.05,367918
JMTAUTOLTD,20191007,1.2,1.2,1.15,1.2,83806
JOCIL,20191007,87.05,90.35,80.3,83.4,1477
JPASSOCIAT,20191007,2.3,2.35,2.25,2.35,2990927
JPINFRATEC,20191007,1.15,1.2,1.1,1.1,1569517
JPOLYINVST,20191007,14.4,14.5,14.4,14.5,565
JPPOWER,20191007,1.6,1.65,1.5,1.55,842815
JSL,20191007,33.5,34.3,33,33.1,193175
JSLHISAR,20191007,60.5,62.7,60.4,60.75,58603
JSWENERGY,20191007,58.7,60.6,57.8,60.15,361496
JSWHL,20191007,2767.6,2800,2750,2774.45,1363
JSWSTEEL,20191007,214.9,215.8,207,208,7420654
JTEKTINDIA,20191007,81.75,81.75,76.25,77.4,33543
JUBILANT,20191007,481,488,471.35,474.65,148605
JUBLFOOD,20191007,1280,1322,1271.2,1319.2,972944
JUBLINDS,20191007,103,107.4,98.15,99.25,17207
JUMPNET,20191007,59.2,59.2,55.9,56.55,205550
JUNIORBEES,20191007,282,283,272.55,273.03,137829
JUSTDIAL,20191007,609.5,618.85,590.3,601.85,3452325
JYOTHYLAB,20191007,164.8,165.6,158.95,160.3,28855
KABRAEXTRU,20191007,64.05,64.9,60.95,64.15,7831
KAJARIACER,20191007,560.65,562,543.1,556.45,118743
KAKATCEM,20191007,150.45,155,149.05,149.9,3325
KALPATPOWR,20191007,457.7,457.7,440,441.05,33774
KALYANIFRG,20191007,160,164.8,160,164.7,21
KAMATHOTEL,20191007,37.35,37.75,35.75,36.3,23941
KAMDHENU,20191007,106,108.6,101.9,102.65,4219
KANANIIND,20191007,3.4,3.4,3.3,3.3,92
KANORICHEM,20191007,42,42.65,41,41.6,8374
KANSAINER,20191007,491.4,501,489.05,492.95,61629
KARDA,20191007,175.75,184,172.1,173.15,67205
KARMAENG,20191007,9.35,9.35,8.65,9.25,641
KARURVYSYA,20191007,58.4,59,57,57.3,655187
KAVVERITEL,20191007,2.3,2.3,2.3,2.3,50
KAYA,20191007,369.75,385.6,349.1,352.8,13306
KCP,20191007,65.4,66.95,64.35,64.95,255100
KCPSUGIND,20191007,12.95,12.95,12.55,12.6,28584
KDDL,20191007,420,420,380,382.1,1907
KEC,20191007,267,267,260.35,264.75,97673
KECL,20191007,8.3,8.7,8.2,8.3,27320
KEI,20191007,525,545,525,529.35,100266
KELLTONTEC,20191007,20.05,22.05,19.95,19.95,282082
KENNAMET,20191007,1079.3,1084.95,1057.05,1065.75,806
KERNEX,20191007,28.15,28.15,26.1,26.15,17052
KESARENT,20191007,30.35,32.5,30.15,30.45,1138
KESORAMIND,20191007,50.95,51.4,49,49.1,121195
KGL,20191007,0.25,0.25,0.2,0.25,6218462
KHADIM,20191007,230.05,233.45,220,220.7,9685
KICL,20191007,1635,1697,1552.15,1608.9,244
KILITCH,20191007,124.9,124.9,116.5,121.75,6628
KINGFA,20191007,664.95,669.55,640,640.75,1596
KIOCL,20191007,122.9,122.9,118,118.95,5137
KIRIINDUS,20191007,433.5,454,432.9,450.55,148313
KIRLOSBROS,20191007,153.95,153.95,146.65,147.25,7671
KIRLOSENG,20191007,171,175.4,167.15,171.2,13728
KIRLOSIND,20191007,708.95,722,671.1,685.2,918
KITEX,20191007,89.9,90.95,88.8,89.95,15991
KKCL,20191007,982.45,982.5,953.1,972.5,218
KMSUGAR,20191007,6.65,6.8,6.4,6.45,71414
KNRCON,20191007,217.9,221.65,215.45,218.45,32985
KOHINOOR,20191007,12.8,12.8,12,12.55,20009
KOKUYOCMLN,20191007,63.1,65.25,60.6,61.35,13324
KOLTEPATIL,20191007,250,255.9,236.05,239.55,77562
KOPRAN,20191007,27.95,28,25,25.3,105555
KOTAKBANK,20191007,1563,1593.6,1549.3,1555.65,3045534
KOTAKBKETF,20191007,286.9,289.5,283.3,286.15,284688
KOTAKGOLD,20191007,337.05,344.15,337.05,339.3,35259
KOTAKNIFTY,20191007,116.15,116.7,115.36,115.82,196701
KOTAKNV20,20191007,56.25,56.33,55,55.73,9902
KOTAKPSUBK,20191007,213.65,219.98,212.7,213.86,6022
KOTARISUG,20191007,10.05,10.15,9.6,9.8,25316
KOTHARIPET,20191007,16.3,17.4,15.95,16,1959
KOTHARIPRO,20191007,60,61.25,59,59.05,1636
KPITTECH,20191007,93.25,95.8,92.9,95.35,65780
KPRMILL,20191007,542.75,549,533,541.95,4808
KRBL,20191007,220.9,225.55,216.3,219.1,48662
KREBSBIO,20191007,90,90,82.05,87,705
KRIDHANINF,20191007,7.3,7.6,7.1,7.3,35913
KRISHANA,20191007,54.45,54.45,54,54,500
KSB,20191007,658,665,642,651.85,8642
KSCL,20191007,475,479.95,462.4,467.75,88277
KSERASERA,20191007,0.1,0.15,0.05,0.05,536167
KSK,20191007,0.55,0.55,0.5,0.55,544222
KSL,20191007,186.85,186.85,181.15,182.35,18012
KTIL,20191007,32.75,32.75,30.85,32.25,159
KTKBANK,20191007,71.55,72.4,71.2,71.45,474513
KWALITY,20191007,1.45,1.45,1.45,1.45,124236
L&TFH,20191007,81.6,82,79.5,80.25,11007063
LAKSHVILAS,20191007,28.35,28.35,28.35,28.35,39631
LALPATHLAB,20191007,1368.7,1368.7,1329.1,1340.4,66122
LAMBODHARA,20191007,30.25,31.45,29.2,29.9,2222
LAOPALA,20191007,171.55,176.45,166.6,169.75,27913
LASA,20191007,17,17.85,17,17.2,19256
LAURUSLABS,20191007,355,355,326.05,332.45,41191
LAXMIMACH,20191007,3496,3496,3285,3300.6,4562
LEMONTREE,20191007,56.05,56.55,55.95,56,388477
LGBBROSLTD,20191007,286,286,254.1,260.25,8549
LGBFORGE,20191007,2.45,2.55,2.35,2.35,14381
LIBAS,20191007,55,57.95,55,55.4,1008
LIBERTSHOE,20191007,102.35,105.5,100,101.1,167587
LICHSGFIN,20191007,371.55,375.6,365.2,372.35,1343539
LICNETFGSC,20191007,21,21.4,20.04,20.89,52875
LICNETFN50,20191007,117.34,117.35,114.55,114.76,580
LICNETFSEN,20191007,480,480,430,475,9
LICNFNHGP,20191007,116.7,116.7,115.85,116.1,659
LINCOLN,20191007,150.55,150.55,145.3,146.25,14577
LINCPEN,20191007,171,185,170.6,172.5,414
LINDEINDIA,20191007,519,519,501.15,504.05,8634
LIQUIDBEES,20191007,1000,1000.01,999.9,1000,1142667
LIQUIDETF,20191007,1000.01,1000.01,999.99,1000,5081
LOKESHMACH,20191007,35.55,36.4,35,35.2,5148
LOTUSEYE,20191007,23,23,21.3,21.9,2055
LOVABLE,20191007,61.45,63.9,59.25,59.7,7281
LPDC,20191007,1.7,1.7,1.7,1.7,3130
LSIL,20191007,0.45,0.45,0.4,0.45,735281
LT,20191007,1420,1429,1381.05,1397.85,2192329
LTI,20191007,1501.5,1518,1470.05,1479.95,52064
LTTS,20191007,1592.25,1615.9,1570.25,1603.15,37380
LUMAXIND,20191007,1169.55,1176.45,1140,1148.2,3022
LUMAXTECH,20191007,94,94,84.3,90.45,37753
LUPIN,20191007,689.05,690.85,646.3,667.6,2576192
LUXIND,20191007,1187.6,1187.6,1137.1,1162.3,43460
LYKALABS,20191007,16.25,16.4,15.9,15.95,6464
LYPSAGEMS,20191007,4.4,4.4,4.05,4.35,6461
M&M,20191007,561.1,562.9,546.5,552.95,2367535
M&MFIN,20191007,325,327.8,318,325.7,1420935
M100,20191007,16.8,16.8,16.28,16.34,24062
M50,20191007,108.85,109.79,108.51,109.05,660
MAANALU,20191007,63.85,63.9,61.5,62.3,6460
MADHAV,20191007,26.8,26.8,24.55,24.7,1245
MADHUCON,20191007,3.75,3.9,3.75,3.75,5948
MADRASFERT,20191007,21.15,21.35,20.55,20.65,91256
MAGADSUGAR,20191007,104,105,99.05,100.05,7354
MAGMA,20191007,50.15,50.8,49.25,49.65,60316
MAGNUM,20191007,3.2,3.2,3.2,3.2,11604
MAHABANK,20191007,11.15,11.2,10.9,11,313667
MAHAPEXLTD,20191007,79,84,76.6,83.75,2472
MAHASTEEL,20191007,144.45,144.65,140,144.65,23899
MAHESHWARI,20191007,221.1,221.1,214.3,214.85,13810
MAHINDCIE,20191007,155.5,155.95,148.8,150.6,53913
MAHLIFE,20191007,430.55,435,420,423.8,19525
MAHLOG,20191007,357,359.8,351.6,357,23130
MAHSCOOTER,20191007,4393.95,4590,4310.85,4479.55,8453
MAHSEAMLES,20191007,368.95,369.65,357.2,365.05,17965
MAITHANALL,20191007,468.4,472.9,453.15,457.45,7623
MAJESCO,20191007,441.5,457.4,441.5,445.25,12791
MALUPAPER,20191007,33.1,33.1,33.1,33.1,4409
MAN50ETF,20191007,135,135,112.25,112.95,5141
MANAKALUCO,20191007,4.4,4.8,3.75,4.3,5471
MANAKCOAT,20191007,4.35,4.4,4.05,4.4,4922
MANAKSIA,20191007,32.65,33.05,32,32.1,3621
MANAKSTEEL,20191007,12.3,12.3,10.25,10.65,3332
MANALIPETC,20191007,18.9,19.2,18.4,18.5,133291
MANAPPURAM,20191007,133,134.85,132,132.7,2062979
MANGALAM,20191007,28.7,28.9,26.65,27.5,11078
MANGCHEFER,20191007,33.25,34.75,32.7,33.1,17625
MANGLMCEM,20191007,312,314.95,292,296.5,21124
MANGTIMBER,20191007,6.45,6.45,6.1,6.35,605
MANINDS,20191007,43.15,43.15,40.7,40.8,102249
MANINFRA,20191007,20.7,22.5,20.6,20.75,138718
MANUGRAPH,20191007,14.8,14.8,13.75,14.4,42
MARALOVER,20191007,17.75,19.7,15.65,18.65,8113
MARATHON,20191007,75.95,76,71.55,72.75,700
MARICO,20191007,378.8,381.5,375,379.25,647438
MARKSANS,20191007,13.1,13.15,12.4,12.6,509091
MARUTI,20191007,6674.7,6699,6558.15,6629.85,696713
MASFIN,20191007,680.15,709,680,681.6,7192
MASTEK,20191007,329,334.9,315,316.35,13144
MATRIMONY,20191007,535,549.9,501.95,533.05,861
MAWANASUG,20191007,34.95,35.2,34,34.15,45101
MAXINDIA,20191007,63.95,63.95,62.3,62.95,111327
MAXVIL,20191007,42.7,44.05,42.7,43.55,23970
MAYURUNIQ,20191007,212.35,215,209,211.9,13751
MAZDA,20191007,368.95,368.95,350,356.45,281
MBECL,20191007,4,4.35,3.95,4,16254
MBLINFRA,20191007,5.2,5.65,5.15,5.45,16931
MCDHOLDING,20191007,17,17.5,16.45,17.1,5812
MCDOWELL-N,20191007,618,628.3,612.3,617.3,909608
MCLEODRUSS,20191007,8.1,8.1,7.4,7.4,427849
MCX,20191007,941.9,974.95,927.85,962.25,450162
MEGASOFT,20191007,6.45,6.65,6.4,6.4,8911
MEGH,20191007,49.9,50.2,47.7,47.9,378203
MENONBE,20191007,64,64,59.1,60.25,4441
MEP,20191007,28,28,26.5,26.75,52421
MERCATOR,20191007,1.05,1.05,1.05,1.05,112992
METALFORGE,20191007,5.2,5.3,4.95,5.2,13351
METROPOLIS,20191007,1242.1,1294.95,1225.75,1254.9,19820
MFSL,20191007,406,412.75,398.15,409.1,470499
MGL,20191007,882.4,892.95,870.55,889.85,163593
MHRIL,20191007,215.1,218.5,208.4,209.7,41217
MIC,20191007,0.5,0.55,0.5,0.5,54394
MIDHANI,20191007,123.4,123.9,121.3,122.45,195061
MINDACORP,20191007,88.2,91.7,87.95,88.7,51476
MINDAIND,20191007,333.75,336.95,320.7,335.1,85995
MINDTECK,20191007,33.15,33.8,32.05,33,697
MINDTREE,20191007,715,725.4,704.6,721.2,403984
MIRCELECTR,20191007,6.9,7,6.5,6.7,177585
MIRZAINT,20191007,54.7,55.8,53.6,54.05,234731
MMFL,20191007,382.05,406.9,377,400.05,3195
MMTC,20191007,16.45,16.5,15.45,15.65,622464
MOHITIND,20191007,5.15,5.15,4.65,4.85,1167
MOHOTAIND,20191007,14.65,14.85,13.55,14.55,4772
MOIL,20191007,135,135.9,131.6,132.5,105954
MOLDTECH,20191007,53.45,53.45,51.05,51.75,8268
MOLDTKPAC,20191007,302.9,302.9,292.05,298.5,23355
MONTECARLO,20191007,230.2,239.85,226.1,228.75,3804
MORARJEE,20191007,13.6,13.65,12.65,12.7,3087
MOREPENLAB,20191007,16.15,16.35,15.85,15.9,313847
MOTHERSUMI,20191007,98,99,95.5,98.1,4400898
MOTILALOFS,20191007,617.4,627,599,610.05,31803
MOTOGENFIN,20191007,37.1,37.5,37.1,37.5,9
MPHASIS,20191007,946.7,959.25,935.15,953.45,277972
MPSLTD,20191007,480,492.4,480,485.5,1054
MRF,20191007,60989,61559,60600,61165.1,3561
MRO-TEK,20191007,15.1,15.1,15.1,15.1,200
MRPL,20191007,51.7,51.7,48.7,49.65,651789
MSPL,20191007,5,5.05,5,5,3746
MSTCLTD,20191007,96,96,89.8,90.4,24338
MTEDUCARE,20191007,17.9,18,17.85,17.85,7757
MTNL,20191007,7.45,7.5,6.35,6.4,4021350
MUKANDENGG,20191007,11.8,12.45,10.65,11.15,6069
MUKANDLTD,20191007,30.95,30.95,29.7,29.7,10491
MUKTAARTS,20191007,37.65,38.8,35.5,36.7,10548
MUNJALAU,20191007,38.05,38.5,37.45,38,50787
MUNJALSHOW,20191007,129.05,129.05,125,126.3,5755
MURUDCERA,20191007,16.15,16.15,15.15,15.25,7158
MUTHOOTCAP,20191007,494.8,494.8,470,472.5,5398
MUTHOOTFIN,20191007,666,674.2,660.65,670.25,499850
MVL,20191007,0.05,0.1,0.05,0.1,73433
N100,20191007,534,540.9,534,538.47,7668
NACLIND,20191007,28.9,28.95,27.65,28.5,20229
NAGAROIL,20191007,0.25,0.25,0.2,0.2,46817
NAGREEKCAP,20191007,7.75,8.15,7.7,7.7,947
NAGREEKEXP,20191007,14.7,14.7,13.6,13.7,702
NAHARCAP,20191007,70.05,73,70.05,72,2752
NAHARINDUS,20191007,24,25.75,24,24,1766
NAHARPOLY,20191007,35.2,35.2,33,33.95,814
NAHARSPING,20191007,50.85,50.9,47.65,48.3,6095
NATCOPHARM,20191007,557,570.15,556.1,558.15,76712
NATHBIOGEN,20191007,344.25,347.6,340.6,341.95,2985
NATIONALUM,20191007,43.5,45.35,42.7,44.55,32316833
NATNLSTEEL,20191007,2.05,2.25,2.05,2.05,9787
NAUKRI,20191007,2267,2398.15,2238.2,2334.7,508478
NAVINFLUOR,20191007,696,708.05,686.2,693.4,28162
NAVKARCORP,20191007,33.25,33.85,32.1,32.4,82058
NAVNETEDUL,20191007,105.9,105.9,100.2,103.2,33958
NBCC,20191007,33.3,33.4,31.3,32.5,19135072
NBIFIN,20191007,1369,1369,1339.6,1339.6,6
NBVENTURES,20191007,78.8,78.9,75.75,78.05,29091
NCC,20191007,51.5,51.5,45.4,47.1,27562802
NCLIND,20191007,98.45,100.8,92.05,95.8,88600
NDL,20191007,33.85,33.85,30.2,30.9,11247
NDTV,20191007,29.2,32,29.2,31.9,22131
NECCLTD,20191007,5.2,5.35,4.9,5,13042
NECLIFE,20191007,12.15,12.6,12.15,12.25,50046
NELCAST,20191007,35.65,37,35.3,35.55,30938
NELCO,20191007,227.05,232.45,225.05,226,22067
NEOGEN,20191007,384,384,367.2,371.5,15292
NESCO,20191007,569,570,562.9,566.7,8484
NESTLEIND,20191007,13508.2,13698,13460,13603.35,42763
NETF,20191007,113.67,113.67,112.18,112.18,8
NETWORK18,20191007,20.2,20.5,19.75,20,144804
NEULANDLAB,20191007,494.95,494.95,472.65,474.6,7527
NEWGEN,20191007,270,274,265,266.3,6638
NEXTMEDIA,20191007,9.45,9.8,9.05,9.1,2130
NFL,20191007,24.65,25.05,24.2,24.4,332847
NH,20191007,235,238.9,233.3,235,7824
NHPC,20191007,22.7,23.1,22.6,22.85,1290145
NIACL,20191007,101.65,106.85,100.65,101.95,128915
NIBL,20191007,5.8,6.3,5.8,6.25,1546
NIFTYBEES,20191007,1186.3,1260,1174.05,1175.69,387129
NIITLTD,20191007,92.2,92.55,90,90.15,381137
NIITTECH,20191007,1383.45,1393,1357.2,1384.6,184904
NILAINFRA,20191007,4.1,4.1,4,4.05,78310
NILASPACES,20191007,1.15,1.2,1.1,1.1,81299
NILKAMAL,20191007,1215,1215,1186.85,1193.2,8255
NIPPOBATRY,20191007,464,472.15,462.2,467.3,171
NITCO,20191007,25.25,25.25,22.55,22.9,188712
NITESHEST,20191007,1.6,1.6,1.6,1.6,6402
NITINSPIN,20191007,49,49,47.55,48,14912
NKIND,20191007,33.1,33.1,33.1,33.1,160
NLCINDIA,20191007,54.55,55.25,54,54.1,151725
NMDC,20191007,95.5,95.8,91.15,91.55,6936089
NOCIL,20191007,100.7,100.7,96.5,97.2,391315
NOIDATOLL,20191007,4.25,4.65,4.25,4.25,34920
NPBET,20191007,159.27,160.01,158.11,158.11,30
NRAIL,20191007,232,232.95,221.25,226.3,7397
NRBBEARING,20191007,92.6,95.6,90.4,91.85,27705
NSIL,20191007,801.1,815.95,790,798.15,477
NTL,20191007,0.3,0.35,0.3,0.35,2677
NTPC,20191007,117.45,117.95,114.7,115.95,14111765
NUCLEUS,20191007,316,321,311.5,318.85,7239
OAL,20191007,187.65,192.5,186.05,186.2,2563
OBEROIRLTY,20191007,487.95,494.5,481.2,483.85,100507
OCCL,20191007,1024,1024,998,1002.45,2992
OFSS,20191007,3083.6,3150,3000,3075.15,15024
OIL,20191007,144.65,144.8,143,143.6,875204
OILCOUNTUB,20191007,6.85,7.05,6.55,6.7,4451
OISL,20191007,4,4,4,4,2592
OLECTRA,20191007,195.3,198.4,190,191.1,51975
OMAXAUTO,20191007,38.3,40.15,38.3,38.65,9188
OMAXE,20191007,190.5,191.9,189.75,190,365496
OMKARCHEM,20191007,5.7,5.9,5.55,5.55,12054
OMMETALS,20191007,18.2,18.75,17.5,18.1,13664
ONELIFECAP,20191007,5.25,5.25,5.25,5.25,901
ONEPOINT,20191007,16.25,17,16.25,16.25,831
ONGC,20191007,129.55,129.75,125.4,126.55,9194007
ONMOBILE,20191007,33.05,33.85,32.75,33.25,61227
ONWARDTEC,20191007,63.15,63.95,63.15,63.8,2249
OPTIEMUS,20191007,37,38.25,34.7,34.7,32977
OPTOCIRCUI,20191007,4,4.15,3.8,3.85,97354
ORBTEXP,20191007,95,95,86.15,87.35,2727
ORICONENT,20191007,18.9,20,18.25,18.75,42679
ORIENTABRA,20191007,17.45,17.5,16.25,16.75,35616
ORIENTALTL,20191007,13,14.05,13,13.85,1002
ORIENTBANK,20191007,58.85,58.85,55.5,56.15,612889
ORIENTBELL,20191007,126.5,129.95,125,125.7,3130
ORIENTCEM,20191007,87.75,88.25,85.6,86.2,30648
ORIENTELEC,20191007,162,163.3,156.25,159.5,195314
ORIENTHOT,20191007,37.3,37.35,36.1,36.45,13060
ORIENTLTD,20191007,119,123.5,109.3,110.75,309
ORIENTPPR,20191007,25.65,26,24.55,24.9,602991
ORIENTREF,20191007,208,211.85,203.15,209.4,14221
ORISSAMINE,20191007,866,927,850,870.6,32664
ORTINLABSS,20191007,10.8,10.8,9.85,9.85,16770
OSWALAGRO,20191007,6.1,6.5,5.7,6.3,3665
PAEL,20191007,2.6,2.6,2.6,2.6,200
PAGEIND,20191007,21078,21371.45,20800,21018.15,20988
PAISALO,20191007,413.35,420,410.6,416.55,16441
PALASHSECU,20191007,35.4,35.4,33.6,33.6,22
PALREDTEC,20191007,19.9,19.95,18.65,19.85,765
PANACEABIO,20191007,138.4,140.75,135.25,136,9638
PANAMAPET,20191007,73.45,74.7,70.15,71.7,14204
PAPERPROD,20191007,232.6,235,225.25,227.5,17935
PARABDRUGS,20191007,1.1,1.2,1.1,1.2,100272
PARACABLES,20191007,9,9,8.75,8.8,40804
PARAGMILK,20191007,153,155.45,151.25,153.4,412309
PARSVNATH,20191007,2.6,2.6,2.5,2.5,151434
PATELENG,20191007,10.05,10.2,9.75,9.8,113326
PATINTLOG,20191007,24.4,24.45,22.55,22.6,8769
PATSPINLTD,20191007,6.1,6.1,5.45,5.6,2445
PCJEWELLER,20191007,32.05,32.95,31.6,32,5392210
PDMJEPAPER,20191007,16.7,16.7,16.7,16.7,10755
PDPL,20191007,2.7,2.7,2.6,2.6,1242
PDSMFL,20191007,332,332,319.95,322,2401
PEARLPOLY,20191007,8.75,8.75,8.35,8.35,344
PEL,20191007,1590,1599.95,1467.2,1482.55,2445483
PENIND,20191007,26.3,26.5,25.25,25.5,27308
PENINLAND,20191007,3.7,3.8,3.45,3.5,361324
PERSISTENT,20191007,556.85,585,546.65,575.85,66426
PETRONENGG,20191007,7.45,7.5,7.45,7.5,300
PETRONET,20191007,255.9,259,255.3,256.65,1858005
PFC,20191007,95,96,93,94.65,5883792
PFIZER,20191007,3158.4,3181.05,3109.25,3165.05,9875
PFOCUS,20191007,40.45,45.85,39,43.05,100385
PFS,20191007,12.25,12.4,12.15,12.25,289945
PGEL,20191007,46,46,44,44.25,25776
PGHH,20191007,11410,11568.8,11200,11349.85,3473
PGHL,20191007,4500,4555,4200,4376.4,14595
PGIL,20191007,160.35,167.1,160.35,163.4,1119
PHILIPCARB,20191007,114,114.55,110.3,110.9,313152
PHOENIXLTD,20191007,708,719.4,700.05,716.5,80526
PIDILITIND,20191007,1368,1378.3,1353.1,1366,212755
PIIND,20191007,1270,1300.75,1253.3,1281.55,63812
PILANIINVS,20191007,1985,1985,1897.25,1912.15,2557
PILITA,20191007,4.9,4.9,4.65,4.7,12787
PIONDIST,20191007,147,148.5,136.95,140,20893
PIONEEREMB,20191007,22.5,23.45,21.55,21.9,2727
PIRPHYTO,20191007,20,20,19.95,20,2694
PITTIENG,20191007,39,42.15,38.45,39.65,62265
PKTEA,20191007,122.5,126.85,118,124,345
PLASTIBLEN,20191007,177.95,178.05,171.65,172.35,2341
PNB,20191007,58,58.2,56.95,57.25,19987686
PNBGILTS,20191007,31.05,32.3,30.45,30.8,188239
PNBHOUSING,20191007,577.6,577.6,546.6,550.45,94125
PNC,20191007,13.4,14.2,13.1,13.35,640
PNCINFRA,20191007,176.25,179.5,170.8,176.85,376746
PODDARHOUS,20191007,418,418,390.05,395,215
PODDARMENT,20191007,164.75,179,158.5,159.7,2784
POKARNA,20191007,140,146.05,139.5,142.25,37719
POLYCAB,20191007,672,676.95,664,672.15,58083
POLYMED,20191007,205.05,213.7,201.8,206,1703
POLYPLEX,20191007,424.5,425.7,417.7,421.4,38276
PONNIERODE,20191007,109.3,109.3,107,107,434
POWERGRID,20191007,196.7,197.4,194.4,196.5,6556499
POWERMECH,20191007,710.6,711,651.1,661.75,17561
PPAP,20191007,185.05,193.45,179,190.4,12707
PPL,20191007,69.5,69.75,68.25,68.95,24139
PRABHAT,20191007,76.7,78.45,76.7,77.7,71315
PRADIP,20191007,0.65,0.7,0.65,0.7,700
PRAENG,20191007,6.05,6.35,6,6.2,27207
PRAJIND,20191007,104,105,100.75,102,556915
PRAKASH,20191007,42.4,43.5,41.3,41.75,174389
PRAKASHSTL,20191007,0.25,0.25,0.2,0.2,8975
PRAXIS,20191007,66.15,66.15,60.1,62.65,2123
PRECAM,20191007,28.45,28.45,24.35,24.4,136063
PRECOT,20191007,28,28,25.7,26.15,348
PRECWIRE,20191007,151.05,155,149.05,153.75,3202
PREMEXPLN,20191007,172,172,165,165.35,2910
PREMIER,20191007,2.45,2.45,2.45,2.45,1
PREMIERPOL,20191007,18.6,19.3,18.15,19,221
PRESSMN,20191007,20.75,20.8,20,20.2,3034
PRESTIGE,20191007,268.45,290.1,268.45,274.5,554625
PRICOLLTD,20191007,32.2,34.15,31.2,33.5,62275
PRIMESECU,20191007,34.55,34.55,32.35,32.6,102669
PROSEED,20191007,0.35,0.4,0.35,0.4,3000
PROVOGE,20191007,0.5,0.5,0.45,0.5,126799
PROZONINTU,20191007,15.75,15.9,15.15,15.3,74803
PRSMJOHNSN,20191007,79,80,77,77.3,74204
PSB,20191007,18.2,18.2,17.45,17.65,38599
PSL,20191007,0.65,0.75,0.65,0.65,22355
PSPPROJECT,20191007,524.25,550.75,524.25,549.15,12182
PSUBNKBEES,20191007,256.4,275.5,236,237.43,4268
PTC,20191007,54,54.2,53.2,53.45,430289
PTL,20191007,36,36,35.1,35.9,3967
PUNJABCHEM,20191007,524,524.9,509,516,318
PURVA,20191007,61.3,61.65,58.2,59.1,33323
PVR,20191007,1774.95,1800,1746.3,1792,195560
QGOLDHALF,20191007,1678,1680,1673.05,1675.45,597
QNIFTY,20191007,1147,1148.5,1147,1147.5,8
QUESS,20191007,468.95,469,458,466.45,60593
QUICKHEAL,20191007,121,122.1,115.7,116.2,95047
QUINTEGRA,20191007,0.55,0.55,0.45,0.55,1614
RADAAN,20191007,1.5,1.5,1.25,1.3,4397
RADICO,20191007,301.1,303.8,293.9,295.25,188334
RADIOCITY,20191007,36.6,38.45,36.05,37.1,41254
RAIN,20191007,89.75,90.35,84.8,85.9,490983
RAJESHEXPO,20191007,669.5,677,665.6,670.7,235039
RAJSREESUG,20191007,16.15,16.7,16.15,16.2,4262
RAJTV,20191007,41,41.85,41,41,5721
RALLIS,20191007,165.15,166.55,160.7,162.3,74371
RAMANEWS,20191007,15.3,15.75,14.85,15.3,33072
RAMASTEEL,20191007,55.05,58.5,55,56.55,3039
RAMCOCEM,20191007,721,721,692.85,700.15,567055
RAMCOIND,20191007,177,181.95,175.1,177.9,22884
RAMCOSYS,20191007,166.4,166.4,160.25,161.4,3656
RAMKY,20191007,49.9,49.9,41,42.75,71733
RANASUG,20191007,2.2,2.25,2.1,2.1,124280
RANEENGINE,20191007,256.65,256.65,235.35,243.9,1662
RANEHOLDIN,20191007,898.9,898.95,878,881.45,297
RATNAMANI,20191007,940.25,957.45,930.7,935.7,1800
RAYMOND,20191007,556.4,556.4,540.35,546.6,259836
RBL,20191007,510,510,495.1,498.95,5075
RBLBANK,20191007,304.7,307.1,290.5,302.65,10301440
RCF,20191007,46.45,46.45,44,44.2,684956
RCOM,20191007,0.75,0.75,0.7,0.75,9299232
RECLTD,20191007,124.95,125.3,122.45,122.8,4555743
REDINGTON,20191007,111.45,111.45,107.25,109,97224
REFEX,20191007,59.35,59.35,55.8,55.8,98277
REGENCERAM,20191007,1.7,1.7,1.7,1.7,85
RELAXO,20191007,487,510,485,491.8,142958
RELCAPITAL,20191007,22.85,23.05,22,22.55,3591091
RELCNX100,20191007,116.89,117.14,115.87,116.84,718
RELCONS,20191007,51.56,51.96,51.01,51.47,3009
RELDIVOPP,20191007,29.12,29.14,28.85,28.9,688
RELIANCE,20191007,1308.1,1320.8,1301.7,1310.1,4599818
RELIGARE,20191007,44.2,44.2,43,44.2,299895
RELINFRA,20191007,26.65,26.95,25.2,25.8,2814759
RELNV20,20191007,560,562.36,557.76,558,626
REMSONSIND,20191007,85.25,89.95,84.4,85.3,5970
RENUKA,20191007,6.95,7,6.7,6.85,274004
REPCOHOME,20191007,302.4,303,296.45,297.5,28011
REPRO,20191007,558.65,564.7,550.55,559.45,2503
RESPONIND,20191007,91,91.75,84.8,86.8,167300
RETFMID150,20191007,58.1,58.1,57.3,57.49,58431
REVATHI,20191007,347.3,350.45,347.3,350,68
RGL,20191007,258,258,250,251.5,1591
RHFL,20191007,3.25,3.25,3.25,3.25,53692
RICOAUTO,20191007,40.15,40.85,38.1,38.85,88163
RIIL,20191007,244.7,245.65,236.75,238.95,86964
RITES,20191007,262.95,265,259.4,261.2,208789
RKDL,20191007,6.5,6.5,6.5,6.5,2
RKFORGE,20191007,281,292.95,270.5,276.45,6838
RMCL,20191007,3.9,4.2,3.85,3.95,95863
RML,20191007,268.1,269,261,265.05,1157
RNAM,20191007,274.45,284.9,271,277.45,3239997
RNAVAL,20191007,1.85,1.85,1.75,1.85,2581852
ROHITFERRO,20191007,0.85,0.85,0.8,0.8,808
ROHLTD,20191007,85.4,85.4,79.5,80.45,23666
ROLLT,20191007,2.2,2.2,2.1,2.15,4447
ROLTA,20191007,4.7,4.85,4.55,4.65,82247
ROSSELLIND,20191007,56.65,57,52.2,56.65,11037
RPGLIFE,20191007,192.4,193.9,179.7,183.25,13248
RPOWER,20191007,2.5,2.55,2.35,2.4,10590272
RPPINFRA,20191007,91.2,98,90.6,96.4,20027
RRSLGETF,20191007,24,24,20,20.05,15592
RSSOFTWARE,20191007,18.95,18.95,17.65,17.95,9786
RSWM,20191007,102,102.6,100.1,100.9,4524
RSYSTEMS,20191007,40.05,40.05,38.4,39.6,7463
RTNINFRA,20191007,1.7,1.7,1.65,1.65,20516
RTNPOWER,20191007,1.3,1.4,1.3,1.4,1065588
RUBYMILLS,20191007,197.8,197.8,187.95,187.95,2808
RUCHINFRA,20191007,2.2,2.2,2,2.1,2858
RUCHIRA,20191007,86.2,88.3,84.5,85.4,42617
RUCHISOYA,20191007,3.65,3.7,3.45,3.7,1642869
RUPA,20191007,166.85,169.2,165,165.85,7000
RUSHIL,20191007,134.9,134.95,126.7,132.05,30931
RVNL,20191007,23.3,23.4,22.85,22.9,1986132
SABTN,20191007,2.1,2.1,2.1,2.1,520
SADBHAV,20191007,129.1,132.7,126.85,130.75,155749
SADBHIN,20191007,41.85,43.5,41.8,43.25,8613
SAFARI,20191007,570.05,590,570.05,583.45,926
SAGARDEEP,20191007,47,47,44,46.9,28690
SAGCEM,20191007,591,591,561,565,3231
SAIL,20191007,31.35,32.8,30.15,32.15,41093854
SAKAR,20191007,51.3,51.3,46.75,48.8,17968
SAKHTISUG,20191007,8,8.15,7.75,7.9,16509
SAKSOFT,20191007,250.5,250.5,241,241.55,3928
SAKUMA,20191007,9.35,9.35,8.65,8.65,194276
SALASAR,20191007,104.2,119.9,98.8,112.15,42079
SALONA,20191007,75,75,72,74.5,6
SALSTEEL,20191007,2.85,3.1,2.85,2.9,14272
SALZERELEC,20191007,123.95,124.9,120,121.5,10607
SAMBHAAV,20191007,2.75,2.8,2.5,2.65,13021
SANCO,20191007,17.35,17.75,15.35,16.6,19674
SANDESH,20191007,587.2,599.95,568,587.6,226
SANDHAR,20191007,225.15,237,225.15,230.3,3202
SANGAMIND,20191007,38,38,35.25,35.75,4529
SANGHIIND,20191007,51.75,51.75,48,48.35,29169
SANGHVIFOR,20191007,32.25,33.85,31.85,32.1,11360
SANGHVIMOV,20191007,80.8,82,79.5,79.95,38433
SANGINITA,20191007,113.5,119,112.5,114.35,37808
SANOFI,20191007,5892.8,5918.75,5770,5798.85,5999
SANWARIA,20191007,1.85,1.9,1.85,1.85,1735305
SARDAEN,20191007,147.85,149.95,145.05,145.55,19431
SAREGAMA,20191007,343,354.7,331.3,351.8,5887
SARLAPOLY,20191007,21.9,22,21.25,21.85,29814
SASKEN,20191007,597,603.9,581.5,588.4,9602
SASTASUNDR,20191007,98.2,98.2,91.3,92.8,1651
SATHAISPAT,20191007,5.5,5.5,5.25,5.25,1810
SATIA,20191007,725,747,700,709.45,3134
SATIN,20191007,298.75,299.5,283,288.65,6541
SBIETFQLTY,20191007,98,98,95.43,95.94,1348
SBILIFE,20191007,824,836,821.05,827.9,341633
SBIN,20191007,251.5,253.4,246.85,249.1,39160623
SCAPDVR,20191007,0.55,0.55,0.45,0.5,23744
SCHAEFFLER,20191007,4210,4221.05,4155,4172.3,5084
SCHAND,20191007,63,63.3,61.1,61.1,22282
SCHNEIDER,20191007,75.05,75.05,70.25,70.95,47781
SCI,20191007,42.4,42.4,38.15,39.05,3005176
SDBL,20191007,118.2,121.85,118.15,119.95,3690
SEAMECLTD,20191007,380.95,385,375,379.9,2933
SELAN,20191007,132.35,133.65,131,131.75,10241
SELMCL,20191007,0.6,0.6,0.5,0.55,47164
SEPOWER,20191007,2.2,2.4,2.2,2.4,104
SEQUENT,20191007,68,71.9,68,71,204720
SESHAPAPER,20191007,180,180,175,176.95,12701
SETCO,20191007,14.65,15.9,14.2,14.7,55018
SETF10GILT,20191007,199,199,172.1,180.01,1739
SETFGOLD,20191007,3486.1,3486.1,3402.5,3427.4,1156
SETFNIF50,20191007,116,117,114.21,114.55,152901
SETFNIFBK,20191007,285,286,279,281.75,46485
SETFNN50,20191007,278,292,270.6,270.67,24266
SETUINFRA,20191007,1.75,1.75,1.75,1.75,9193
SEYAIND,20191007,380.2,387,379.9,382.5,13618
SFL,20191007,1263.9,1291.9,1232,1241.2,3205
SGL,20191007,8,8,7.5,7.75,18749
SHAHALLOYS,20191007,9,9.3,8.65,8.9,2185
SHAKTIPUMP,20191007,268.35,268.9,260.2,261.95,13386
SHALBY,20191007,88,88,84.95,85.8,8416
SHALPAINTS,20191007,80.8,82.4,79.65,80.8,18053
SHANKARA,20191007,292.05,296.8,278.7,280.3,41845
SHANTIGEAR,20191007,100.05,100.05,92.55,94.95,9669
SHARDACROP,20191007,285.6,288.95,281.55,283.5,1072
SHARDAMOTR,20191007,922.6,934.8,880.05,898.95,1754
SHARIABEES,20191007,256.65,260,250.69,250.69,125
SHEMAROO,20191007,235.75,249.5,226.1,244.05,13849
SHILPAMED,20191007,273.45,275.8,266,266.9,7799
SHIRPUR-G,20191007,10.5,10.65,9.95,10,22486
SHIVAMAUTO,20191007,22.35,22.35,20.8,20.85,32670
SHIVAMILLS,20191007,29.1,31.9,29.1,29.75,1823
SHIVATEX,20191007,108.5,113.05,105.6,105.9,2116
SHK,20191007,129.5,132,125.55,127.65,16786
SHOPERSTOP,20191007,417.95,426.8,413.85,416.8,4648
SHREDIGCEM,20191007,16.6,16.8,16.2,16.5,64229
SHREECEM,20191007,18240,18240,17727,17826.3,11866
SHREEPUSHK,20191007,100,100.5,96,97.3,18628
SHREERAMA,20191007,3.85,4.05,3.8,3.8,3642
SHRENIK,20191007,40.4,40.65,37.15,40.05,109829
SHREYANIND,20191007,125.15,126.8,118.8,119.45,21814
SHREYAS,20191007,80.9,81.5,75.2,76.35,1816
SHRIPISTON,20191007,779,779,725.1,765,265
SHRIRAMCIT,20191007,1316.1,1357.95,1310,1319.35,2615
SHRIRAMEPC,20191007,11.35,11.35,9.9,10.2,138428
SHYAMCENT,20191007,2.45,2.55,2.35,2.35,14700
SICAGEN,20191007,17.5,17.85,16.55,16.6,8664
SICAL,20191007,27.3,28.35,27,27.5,38622
SIEMENS,20191007,1528,1560,1493.2,1521.4,831879
SIGIND,20191007,21.25,22.3,20.9,21.7,3641
SILINV,20191007,146.05,153,146,146.75,1700
SIMBHALS,20191007,6.3,6.8,6.25,6.7,4702
SIMPLEXINF,20191007,44.1,44.1,40.5,41.25,59119
SINTEX,20191007,1.65,1.65,1.65,1.65,273552
SIRCA,20191007,181.7,192.9,179,180,4095
SIS,20191007,864.95,864.95,836.25,850.3,1448
SITINET,20191007,1.85,1.85,1.8,1.8,130978
SIYSIL,20191007,218.5,220.15,215.1,217,5976
SJVN,20191007,24,24.1,23.75,23.95,754831
SKFINDIA,20191007,2072.85,2119.7,2011.05,2101.45,9687
SKIL,20191007,4.6,4.6,4.4,4.6,7738
SKIPPER,20191007,53.65,53.65,50.1,50.3,33508
SKMEGGPROD,20191007,39.6,41.75,38.3,38.95,37586
SMARTLINK,20191007,73,76,70.1,74,1814
SMLISUZU,20191007,551.05,553.45,533,534.65,3695
SMSLIFE,20191007,305.8,309.9,299.25,305.5,2809
SMSPHARMA,20191007,43.8,43.8,41,41.55,19773
SNOWMAN,20191007,37.1,37.2,34.4,34.7,221598
SOBHA,20191007,441.15,441.9,425.45,431.35,391643
SOLARA,20191007,345.55,382.45,345.55,370.15,22278
SOLARINDS,20191007,1086.6,1100,1080,1089.5,33989
SOMANYCERA,20191007,192.7,192.7,180,182.6,20623
SOMATEX,20191007,2.9,2.9,2.9,2.9,14
SOMICONVEY,20191007,12.15,13.45,11.65,12.4,2195
SONATSOFTW,20191007,305.4,306,290,294.15,178456
SORILINFRA,20191007,107.6,107.6,107.6,107.6,544
SOTL,20191007,885.1,898.9,880.2,888,171
SOUTHBANK,20191007,10,10.55,10,10.35,3482609
SOUTHWEST,20191007,13.9,13.9,13.9,13.9,10
SPAL,20191007,203.9,209.95,202.3,207.95,19106
SPANDANA,20191007,923,943.85,909.1,937.15,33399
SPARC,20191007,122,125.55,115.3,116.35,679482
SPCENET,20191007,1.25,1.25,1.2,1.2,17219
SPECIALITY,20191007,71.3,71.3,66,67.05,8893
SPENCERS,20191007,69,69.25,66.1,67.95,72864
SPENTEX,20191007,0.45,0.45,0.35,0.45,20627
SPIC,20191007,18.25,19.4,18.05,18.7,32951
SPICEJET,20191007,122.7,123.4,118,119.25,732658
SPLIL,20191007,31.95,33,30.05,31,23207
SPMLINFRA,20191007,9.45,9.45,9.25,9.25,9162
SPTL,20191007,3.05,3.05,3.05,3.05,187542
SPYL,20191007,0.2,0.25,0.2,0.2,48647
SREEL,20191007,171.1,175.75,171.1,172.95,1325
SREINFRA,20191007,8.6,8.8,8.5,8.6,320394
SRF,20191007,2670.05,2690.95,2637.55,2650.7,106393
SRHHYPOLTD,20191007,103.9,106.65,100.05,101.15,783
SRIPIPES,20191007,174.7,174.7,170.75,171.15,23327
SRTRANSFIN,20191007,1009.1,1075.45,1009.1,1061.95,1706823
SSWL,20191007,767,780,767,775.85,992
STAMPEDE,20191007,0.75,0.75,0.7,0.7,17832
STAR,20191007,309,318.65,306.35,309.45,1083419
STARCEMENT,20191007,90.05,90.15,88.5,89.4,16789
STARPAPER,20191007,117.2,120.85,113.75,113.75,473992
STCINDIA,20191007,58.85,59,56.5,56.5,78871
STEELCITY,20191007,29.75,29.9,29,29.05,1222
STEELXIND,20191007,10.4,10.95,10.4,10.65,18418
STEL,20191007,77.75,77.75,68,68.2,1448
STERTOOLS,20191007,159.25,169.6,156.55,167.8,8167
STRTECH,20191007,147,147.55,140.6,141.35,551619
SUBCAPCITY,20191007,6.3,6.3,6.3,6.3,2
SUBEX,20191007,5.5,5.5,4.9,5.1,523431
SUBROS,20191007,243.9,250.8,238,241.7,38154
SUDARSCHEM,20191007,364.7,387,359,375.85,132271
SUJANAUNI,20191007,0.15,0.2,0.15,0.15,63948
SUMEETINDS,20191007,1.95,2.05,1.65,2,175621
SUMIT,20191007,18,19.5,16.1,17.9,23291
SUMMITSEC,20191007,474.4,474.85,465.6,466.2,1652
SUNCLAYLTD,20191007,1948.9,1948.9,1800,1859.65,1184
SUNDARAM,20191007,1.45,1.45,1.4,1.4,247690
SUNDARMFIN,20191007,1598,1619.55,1586.55,1612.3,12060
SUNDARMHLD,20191007,71.55,71.6,67.75,68.1,40425
SUNDRMBRAK,20191007,258,265.95,246.3,249.95,534
SUNDRMFAST,20191007,460,465.9,432.95,456.95,52533
SUNFLAG,20191007,27.3,28.25,25.55,26.1,132545
SUNPHARMA,20191007,386.05,387.65,372.6,379.9,5151963
SUNTECK,20191007,405,405,390.1,395.85,107291
SUNTV,20191007,462.9,464.5,449,459.8,1365246
SUPERHOUSE,20191007,83.45,83.45,80.95,82,6945
SUPERSPIN,20191007,3.4,3.6,3.3,3.45,18576
SUPPETRO,20191007,171.05,172.45,167.95,172.05,1912
SUPRAJIT,20191007,175.6,184,173.2,181.3,29402
SUPREMEIND,20191007,1208,1209.8,1162.35,1189.75,31536
SURANASOL,20191007,5.8,5.8,5.4,5.55,16875
SURANAT&P,20191007,3.25,3.7,3.25,3.5,4915
SURYALAXMI,20191007,18.9,18.9,17.8,18,683
SURYAROSNI,20191007,176.05,176.05,162.15,164.75,31600
SUTLEJTEX,20191007,29.45,29.45,26.5,26.95,2833
SUVEN,20191007,266.4,266.4,260.2,261.75,113129
SUZLON,20191007,2.5,2.55,2.45,2.45,6470438
SWANENERGY,20191007,103.15,107.5,103.15,105.7,102916
SWARAJENG,20191007,1184.95,1185,1119.05,1173.5,2243
SWELECTES,20191007,119.7,119.7,114.1,114.85,1488
SWSOLAR,20191007,598.3,607,575,594.4,82652
SYMPHONY,20191007,1290,1315,1277,1285.3,8919
SYNCOM,20191007,0.85,0.9,0.8,0.9,9321
SYNDIBANK,20191007,26.15,26.2,25.1,25.4,550013
SYNGENE,20191007,312.2,312.2,303,306.15,334395
TAINWALCHM,20191007,52.9,52.9,49,49.75,1438
TAJGVK,20191007,172.8,172.8,162.05,163.95,5221
TAKE,20191007,101.15,103.85,100,100.95,67297
TALBROAUTO,20191007,106.35,112.8,105.15,108.85,12796
TALWALKARS,20191007,2.95,2.95,2.95,2.95,17178
TALWGYM,20191007,4.95,4.95,4.75,4.75,2091
TANLA,20191007,48.55,49.1,46.8,47.15,110464
TARMAT,20191007,24.7,27.3,24.7,26.55,1982
TASTYBITE,20191007,9748.1,9999,9700.3,9796.8,804
TATACHEM,20191007,576.85,579.85,568.1,577.05,397181
TATACOFFEE,20191007,74.1,74.2,72.55,72.8,115766
TATACOMM,20191007,371.8,371.8,360,363.45,52922
TATAELXSI,20191007,685.7,691.25,677,680.25,407029
TATAGLOBAL,20191007,267.75,269.1,262.85,265.7,1072461
TATAINVEST,20191007,805,807,796.1,798.8,3940
TATAMETALI,20191007,524.9,524.9,495,507.15,18885
TATAMOTORS,20191007,120.25,120.55,116.35,117.5,35471184
TATAMTRDVR,20191007,53.95,53.95,51.45,51.95,4937529
TATAPOWER,20191007,58.25,59,56.75,58.2,8486582
TATASTEEL,20191007,334.85,338.25,323.5,324.8,12415780
TATASTLBSL,20191007,21.5,21.5,20.5,20.7,398156
TATASTLLP,20191007,384.2,384.2,364.1,366.75,17267
TBZ,20191007,43.4,43.4,40.15,40.7,36932
TCI,20191007,283.7,285.95,278,278.5,18509
TCIDEVELOP,20191007,364.35,364.4,341.8,348.7,284
TCIEXP,20191007,699,699,690,692.85,8850
TCIFINANCE,20191007,9.55,10.35,9.5,9.8,10447
TCNSBRANDS,20191007,704.85,744.75,704.85,715.5,1456
TCPLPACK,20191007,281.05,293.95,275.1,279.35,1066
TCS,20191007,2080,2094.5,2041,2047.7,2177916
TDPOWERSYS,20191007,149.45,150.45,147.15,148.7,53543
TEAMLEASE,20191007,3001.4,3120,2940.15,3028.25,6490
TECHM,20191007,708.15,716.8,700.7,704.8,2578403
TECHNOE,20191007,274.3,284.05,260.05,269.05,30897
TECHNOFAB,20191007,27.1,27.1,27.1,27.1,2612
TEJASNET,20191007,80.65,84.9,80.65,83.4,36744
TERASOFT,20191007,23.5,24.2,22.8,23.25,7783
TEXINFRA,20191007,42,44.8,38.55,39.2,36713
TEXMOPIPES,20191007,15.45,16.15,15.45,15.8,9292
TEXRAIL,20191007,44.2,46.2,43.5,45.65,136935
TFCILTD,20191007,79.9,83.05,78,82.7,326654
TFL,20191007,4,4,3.8,4,4515
TGBHOTELS,20191007,3.9,3.9,3.6,3.65,5259
THANGAMAYL,20191007,340.95,345,331.7,339.1,3003
THEINVEST,20191007,119,119,109.4,110.8,479
THEMISMED,20191007,212.25,222.85,212.25,222.85,1394
THERMAX,20191007,1134.95,1135.4,1102.95,1110.8,21207
THOMASCOOK,20191007,141.5,144.4,139,141.5,106225
THYROCARE,20191007,503.85,512,494.05,500.25,10185
TI,20191007,12.7,13.55,12.65,13.2,61167
TIDEWATER,20191007,4599,4625.05,4565,4578.2,1099
TIIL,20191007,356.4,361.8,340.95,342.8,1189
TIINDIA,20191007,379,387.05,372.65,383.55,10571
TIJARIA,20191007,9.05,9.05,8.5,8.7,5064
TIL,20191007,200.95,200.95,189.25,190,1677
TIMESGTY,20191007,31,31,31,31,20
TIMETECHNO,20191007,55.85,56.9,55.15,56.65,125603
TIMKEN,20191007,784.55,785,763,765.35,15038
TINPLATE,20191007,110.65,112.8,106,106.4,297317
TIPSINDLTD,20191007,70,71,68.25,70.7,763
TIRUMALCHM,20191007,65.75,65.8,60.5,60.9,272055
TITAN,20191007,1255.1,1265.8,1241.3,1259,1100794
TMRVL,20191007,12.75,12.75,11.75,12.15,12058
TNPETRO,20191007,34.95,35.9,34.35,34.95,50906
TNPL,20191007,190.3,191.2,184.3,185.35,44032
TNTELE,20191007,1.35,1.35,1.35,1.35,25
TOKYOPLAST,20191007,53,53.85,53,53,291
TORNTPHARM,20191007,1624.75,1645,1581.65,1613.65,242688
TORNTPOWER,20191007,280,282,275.2,276.85,719279
TPLPLASTEH,20191007,115.05,116,110.2,111.5,3597
TREEHOUSE,20191007,5.75,6.05,5.7,5.95,4627
TREJHARA,20191007,13.8,14.5,13.55,13.7,538
TRENT,20191007,490.9,491.95,478,488.15,44818
TRF,20191007,95.6,95.6,89.1,89.95,12322
TRIDENT,20191007,57.25,57.3,56,56.3,206834
TRIGYN,20191007,47.55,47.55,44.55,44.85,21492
TRIL,20191007,7.3,7.6,7.15,7.2,26196
TRITURBINE,20191007,100,102.6,99.9,101.4,507334
TRIVENI,20191007,64,64.8,62.4,64.15,255737
TTKHLTCARE,20191007,453.4,465,448.5,455.6,1591
TTKPRESTIG,20191007,6030,6150,6015.5,6111.7,3003
TTL,20191007,37.85,37.9,35.65,36.5,572
TTML,20191007,2.7,2.75,2.6,2.75,478421
TV18BRDCST,20191007,23.9,24,22.75,22.85,1104265
TVSELECT,20191007,123.9,123.9,115.05,117.85,10180
TVSMOTOR,20191007,390,400.5,380.7,393.7,2029657
TVSSRICHAK,20191007,1719.95,1789.95,1715.15,1763.05,2187
TVTODAY,20191007,309,314,296,302.4,16560
TVVISION,20191007,1.5,1.5,1.5,1.5,4
TWL,20191007,43.6,44,41.05,41.3,406185
UBL,20191007,1271.4,1275.8,1248,1253.75,114901
UCALFUEL,20191007,117.7,118.5,111,112.5,12227
UCOBANK,20191007,12.5,12.6,12.05,12.15,550043
UFLEX,20191007,211,212.75,206,206.6,28819
UFO,20191007,141,150,137.1,142.2,52276
UGARSUGAR,20191007,12.6,12.6,12.3,12.35,16651
UJAAS,20191007,3.3,3.35,3.1,3.25,52667
UJJIVAN,20191007,311.25,311.25,292.55,296.3,3547930
ULTRACEMCO,20191007,3999,4008.8,3853,3870.4,413509
UMANGDAIRY,20191007,36.65,37.25,35.35,35.5,11544
UMESLTD,20191007,0.9,0.9,0.9,0.9,726
UNICHEMLAB,20191007,177,179.95,176.5,178.85,13208
UNIENTER,20191007,68.75,69.95,68.4,69.05,1411
UNIONBANK,20191007,50.7,50.8,49.15,49.6,8126968
UNIPLY,20191007,46.7,48.4,45.1,47.85,140803
UNITECH,20191007,0.45,0.5,0.4,0.4,5763955
UNITEDBNK,20191007,8.05,8.25,7.75,7.8,369997
UNITEDTEA,20191007,245.05,264.5,245.05,256.9,1289
UNIVCABLES,20191007,150,152.65,138.55,142.15,30657
UPL,20191007,583,592.65,576.5,581.05,1808468
URJA,20191007,1.8,1.85,1.8,1.8,753990
USHAMART,20191007,26.3,27.1,26.25,26.75,152608
UTINEXT50,20191007,288.5,288.5,261,270.88,346
UTINIFTETF,20191007,1229,1229,1180,1180,296
UTISENSETF,20191007,411,411.99,385.15,405.25,208
UTISXN50,20191007,290,321,290,317.93,22
UTTAMSTL,20191007,6.9,7,6.55,6.7,37832
UTTAMSUGAR,20191007,97.7,99.25,94.5,95.2,80632
UVSL,20191007,0.05,0.1,0.05,0.1,2913560
V2RETAIL,20191007,137.55,149,133.15,139.25,72556
VADILALIND,20191007,787.95,817.1,770.15,802.65,31609
VAIBHAVGBL,20191007,822.65,831,816,821.45,4875
VAKRANGEE,20191007,29.45,30.4,27.85,28.35,9489953
VARDHACRLC,20191007,36.8,36.8,35,35.15,10074
VARDMNPOLY,20191007,2.5,2.5,2.4,2.4,416
VARROC,20191007,456,456,426,444.1,18574
VASCONEQ,20191007,12.95,13.1,12.3,12.4,108439
VASWANI,20191007,6.3,6.35,5.6,5.6,11858
VBL,20191007,617,624.8,606,611.4,44875
VEDL,20191007,144,145.7,141.5,142.65,7480593
VENKEYS,20191007,1529.8,1638,1522,1596.45,407113
VENUSREM,20191007,20.7,21.6,20,20.3,14636
VESUVIUS,20191007,987.85,990.8,968,970,783
VETO,20191007,49.75,49.8,47.1,47.95,6808
VGUARD,20191007,223.05,227.75,222.6,226.05,117628
VHL,20191007,1511.55,1540,1502,1509.1,104
VICEROY,20191007,1.35,1.4,1.3,1.35,23107
VIDHIING,20191007,62.35,62.35,59.5,59.7,8625
VIJIFIN,20191007,0.45,0.5,0.45,0.45,72624
VIKASECO,20191007,3.6,3.6,3.5,3.5,93563
VIKASMCORP,20191007,4,4.1,3.8,3.85,128635
VIKASPROP,20191007,3.4,3.4,3.4,3.4,28411
VIKASWSP,20191007,10.8,11,10.45,10.45,327626
VIMTALABS,20191007,104,108.9,102.5,107.85,8480
VINATIORGA,20191007,2116,2165,2089.9,2143.75,14923
VINDHYATEL,20191007,1027.3,1028.25,972.6,975.75,1641
VINYLINDIA,20191007,63,63,61.05,61.95,3409
VIPCLOTHNG,20191007,7.6,7.8,7.05,7.1,135782
VIPIND,20191007,465,470.8,450.55,453.75,105289
VIPULLTD,20191007,32.4,32.4,28.5,29.5,122533
VISAKAIND,20191007,290,292.8,285.05,288.95,15033
VISASTEEL,20191007,4.4,4.6,4.15,4.3,8543
VISESHINFO,20191007,0.1,0.1,0.05,0.05,3195244
VISHAL,20191007,344.95,345,344.8,344.95,10500
VISHNU,20191007,124.95,124.95,118.1,121,4043
VIVIDHA,20191007,0.2,0.25,0.2,0.2,120630
VIVIMEDLAB,20191007,14.7,14.7,13.1,13.45,174563
VLSFINANCE,20191007,55.1,55.5,49.4,50.2,17770
VMART,20191007,1930,1948.05,1875,1912.2,35574
VOLTAMP,20191007,1163.95,1163.95,1130,1150.7,3168
VOLTAS,20191007,656.05,667.75,649.2,664.3,581861
VRLLOG,20191007,271.5,271.85,261.05,263.9,34446
VSSL,20191007,70.85,70.85,67,68.05,2398
VSTIND,20191007,3655,3712,3618.1,3673.6,1926
VSTTILLERS,20191007,1269.9,1298.9,1235,1259.1,6031
VTL,20191007,907.15,919.9,904.1,910.65,5018
WABAG,20191007,264.7,264.7,251,251.85,56920
WABCOINDIA,20191007,6160,6229,6110.15,6179.2,3237
WALCHANNAG,20191007,59.1,60,56.2,57.15,52360
WANBURY,20191007,11.4,11.9,11.4,11.8,103
WATERBASE,20191007,98.95,101.3,97,98.1,38089
WEBELSOLAR,20191007,22,22,20.15,20.3,18224
WEIZFOREX,20191007,276,294.6,276,278,67
WEIZMANIND,20191007,23.95,24.3,23.5,23.6,546
WELCORP,20191007,125,126.4,119.9,121.6,160009
WELENT,20191007,87.25,98.5,87.25,96.5,457015
WELINV,20191007,155,161.4,154.95,158.15,81
WELSPUNIND,20191007,52,52.3,49.8,50.65,177502
WENDT,20191007,2400.05,2550,2400,2524.5,685
WESTLIFE,20191007,300,330.9,295.65,322.95,208803
WHEELS,20191007,614.55,616.95,591.6,610,1850
WHIRLPOOL,20191007,1940.9,2028.5,1930.05,1996.9,206617
WILLAMAGOR,20191007,15.65,15.65,14.6,14.7,9230
WINDMACHIN,20191007,20.4,20.4,19.2,19.3,7712
WINSOME,20191007,0.15,0.15,0.15,0.15,300
WIPL,20191007,78.5,78.5,74.6,74.6,12
WIPRO,20191007,238.05,242.4,236.2,237.05,2223668
WOCKPHARMA,20191007,243.4,245.8,235.4,239.15,664413
WONDERLA,20191007,268.5,278.9,267.2,272.4,22248
WSI,20191007,0.7,0.75,0.7,0.75,4867
WSTCSTPAPR,20191007,245,246.9,240,242,80598
XCHANGING,20191007,56,56,53,53.25,3426
XELPMOC,20191007,65.05,69.7,64,67.05,871
XLENERGY,20191007,0.5,0.5,0.45,0.45,8872
XPROINDIA,20191007,23.55,26.75,23.4,24.65,1797
YESBANK,20191007,45.95,46.8,42.8,45.65,355287494
ZEEL,20191007,214.25,256.5,203.3,251.5,52976308
ZEELEARN,20191007,19.3,19.3,18,18.35,224780
ZEEMEDIA,20191007,9.15,9.15,8.2,8.25,1685521
ZENITHBIR,20191007,0.45,0.5,0.45,0.5,82870
ZENITHEXPO,20191007,40.5,42.9,40,42.85,671
ZENSARTECH,20191007,209.9,209.9,204,204.6,16668
ZENTEC,20191007,61.1,64.4,59.8,62.25,10014
ZICOM,20191007,1,1,0.95,1,3966
ZODIACLOTH,20191007,194.65,197.7,189.2,191.05,709
ZODJRDMKJ,20191007,29.4,34.45,29.4,33.25,1784
ZOTA,20191007,189,189,185,187.05,21715
ZUARI,20191007,87.5,88.2,85.5,86.65,20489
ZUARIGLOB,20191007,62.7,62.7,57.95,58.4,21174
ZYDUSWELL,20191007,1602,1618.25,1550,1551.5,11111
NSENIFTY,20191007,11196.20,11233.85,11112.65,11126.40,733198763,0
NIFTYJUNIOR,20191007,26651.80,26680.45,26256.70,26295.05,323006240,0
NIFTYMIDCAPLIQ15,20191007,3618.35,3625.10,3574.95,3613.45,59719063,0
NSE100,20191007,11320.55,11349.05,11225.30,11239.05,1061142532,0
NIFTY200,20191007,5764.00,5776.85,5718.45,5724.85,1364985417,0
NSE500,20191007,9104.50,9120.30,9031.60,9040.65,1548649686,0
NSEMIDCAP150,20191007,5768.45,5773.60,5710.40,5748.20,308840365,0
MIDCAP50,20191007,4236.95,4241.80,4189.15,4222.00,271703629,0
NSEMIDCAP,20191007,15577.15,15593.50,15410.15,15524.35,303842885,0
NIFTYSMALLCAP250,20191007,-,-,-,4488.40,-,0
NIFTYSMALLCAP50,20191007,-,-,-,2562.80,-,0
NSESMLCAP100,20191007,5428.80,5437.25,5338.95,5349.10,-,0
NIFTYLARGEMIDCAP250,20191007,-,-,-,5516.73,1369982897,0
NIFTYMIDSMALLCAP400,20191007,-,-,-,5298.10,-,0
NIFTYAUTO,20191007,7385.85,7397.00,7296.50,7355.45,86005241,0
BANKNIFTY,20191007,27909.90,28185.15,27568.35,27767.55,554307096,0
NIFTYFINSERVICE,20191007,12648.50,12773.05,12535.00,12589.15,159515192,0
NIFTYFMGC,20191007,30347.15,30527.45,30151.80,30218.10,30123304,0
NSEIT,20191007,15368.15,15472.35,15226.70,15246.75,16359132,0
NIFTYMEDIA,20191007,1669.40,1739.45,1630.50,1729.60,92842675,0
NIFTYMETAL,20191007,2305.70,2316.75,2264.95,2269.95,142416626,0
NIFTYPHARMA,20191007,7396.80,7414.15,7126.55,7148.95,50425883,0
NIFTYPVTBANK,20191007,15622.95,15760.00,15418.40,15554.90,462719975,0
NIFTYPSUBANK,20191007,2179.40,2188.40,2139.60,2150.35,115860677,0
NIFTYREALTY,20191007,248.10,248.40,244.55,245.25,10959733,0
NIFTYCOMMODITIES,20191007,3209.80,3211.70,3158.95,3164.25,238837714,0
NIFTYCONSUMPTION,20191007,4819.95,4843.00,4789.20,4821.50,107220300,0
NIFTYCPSE,20191007,1927.00,1928.60,1895.45,1902.40,77423600,0
NIFTYENERGY,20191007,15468.30,15498.10,15295.00,15331.60,98657840,0
NIFTY100ESG,20191007,-,-,-,2064.42,932118961,0
NIFTY100ENHESG,20191007,-,-,-,2097.40,900797875,0
NIFTYINFRA,20191007,3123.65,3127.35,3090.40,3094.20,165929714,0
NIFTYMNC,20191007,13001.75,13082.85,12929.25,13017.05,156718768,0
NIFTYPSE,20191007,3236.90,3238.95,3176.05,3186.40,211012687,0
NIFTYSMEEMERGE,20191007,-,-,-,1344.73,828150,0
NIFTYSERVSECTOR,20191007,15732.00,15809.50,15620.80,15646.35,624898111,0
NIFTYSHARIAH25,20191007,-,-,-,4192.81,72824022,0
NIFTY50SHARIAH,20191007,-,-,-,2462.60,68682007,0
NIFTY500SHARIAH,20191007,-,-,-,2883.80,264144193,0
NIFTYABGROUP,20191007,-,-,-,2660.44,110146697,0
NIFTYMAHINDRA,20191007,-,-,-,9628.27,6506901,0
NIFTYTATA,20191007,-,-,-,6499.63,69014255,0
NIFTYTATA25CAP,20191007,-,-,-,4421.31,63088920,0
NIFTYABGROUP,20191007,-,-,-,2660.44,110146697,0
NIFTYLIQ15,20191007,3356.75,3356.75,3301.95,3334.80,545174699,0
NIFTY500VALUE50,20191007,-,-,-,3325.98,331926548,0
NIFTYALPHALOWVOL30,20191007,-,-,-,11528.66,129986207,0
NIFTYQUALLOWVOL30,20191007,-,-,-,8151.21,70586918,0
NIFTYALPHAQUALLOWVOL30,20191007,-,-,-,9309.85,74501316,0
NIFTYALPHAQUALVALLOWVOL30,20191007,-,-,-,7073.22,119321044,0
NIFTY50EQUALWEIGHT,20191007,11451.80,11468.55,11346.90,11399.95,733198763,0
NIFTY100EQUALWEIGHT,20191007,12330.90,12337.80,12206.25,12221.25,1061142532,0
NIFTY100LOWVOL30,20191007,8599.80,8620.75,8544.95,8553.30,96946090,0
NSEDEFTY,20191007,-,-,-,5428.13,-,0
NIFTY50DIVPOINT,20191007,96.23,96.23,96.23,96.23,-,0
NIFTYDIVOPPS50,20191007,2529.70,2530.85,2501.75,2505.75,250282898,0
NIFTYALPHA50,20191007,12017.20,12062.40,11920.10,11978.80,112697219,0
NIFTY50ARBITRAGE,20191007,-,-,-,1859.85,-,0
NIFTY50FUTINDEX,20191007,-,-,-,3789.85,-,0
NIFTY50FUTTRINDEX,20191007,-,-,-,11214.39,-,0
NIFTYHIGHBETA50,20191007,-,-,-,1172.57,920683411,0
NIFTYLOWVOL50,20191007,-,-,-,9951.75,105434271,0
NIFTY200QUALITY30,20191007,-,-,-,9492.45,-,0
NIFTY50VALUE20,20191007,5272.15,5273.45,5221.95,5231.75,485666713,0
NIFTYGROWSECT15,20191007,5972.90,6005.90,5916.40,5925.95,114802707,0
NIFTY50TR2XLEV,20191007,5873.95,5912.90,5787.20,5800.80,-,0
NIFTY50PR2XLEV,20191007,4535.45,4565.55,4468.45,4479.00,-,0
NIFTY50TR1XINV,20191007,363.85,366.55,362.65,366.15,-,0
NIFTY50PR1XINV,20191007,414.05,417.15,412.70,416.65,-,0
NIFTY-GS-COMPSITE,20191007,2038.35,2039.64,2036.91,2037.67,-,0
NIFTY-GS-4-8YR,20191007,2123.13,2125.18,2122.63,2123.84,-,0
NIFTY-GS-8-13YR,20191007,2005.19,2006.57,2003.19,2004.03,-,0
NIFTY-GS-10YR,20191007,1848.91,1851.54,1848.56,1850.16,-,0
NIFTY-GS-10YR-CLN,20191007,948.51,949.87,948.32,949.16,-,0
NIFTY-GS-11-15YR,20191007,2130.55,2131.47,2125.63,2126.29,-,0
NIFTY-GS-15YRPLUS,20191007,2297.70,2298.91,2296.82,2296.22,-,0
VIX,20191007,17.58,18.43,16.99,17.83,0,0
