<ticker>,<date>,<open>,<high>,<low>,<close>,<volume>,<o/i>
20MICRONS,20191106,41,41,38.2,38.45,329396
21STCENMGM,20191106,14,14,13.5,13.75,825
3IINFOTECH,20191106,2.05,2.05,1.95,2,743232
3MINDIA,20191106,22518,22550,22250,22517.5,1788
3PLAND,20191106,6.5,6.8,6.5,6.55,57
5PAISA,20191106,171.95,177.35,167.3,171.35,14343
63MOONS,20191106,117.1,123.9,117.1,119.25,128783
A2ZINFRA,20191106,9.95,10.15,9.55,9.65,271455
AARTIDRUGS,20191106,522.8,525.1,505.05,507.4,12973
AARTIIND,20191106,855,855,817,819.05,74497
AARVEEDEN,20191106,14.4,14.4,13.7,13.8,2475
AAVAS,20191106,1470,1524,1431.25,1490.4,188328
ABAN,20191106,32.35,32.35,32.35,32.35,21116
ABB,20191106,1445.55,1468.9,1430,1461.75,55496
ABBOTINDIA,20191106,11870,12000.1,11450,11480.45,11369
ABCAPITAL,20191106,85.5,85.95,83.2,83.5,1616856
ABFRL,20191106,208.95,210.95,203.5,204.3,280830
ABSLBANETF,20191106,323,324.85,300,305.01,255
ABSLNN50ET,20191106,284.56,286.68,284.56,286.4,82
ACC,20191106,1520,1531.2,1501.85,1517.4,885965
ACCELYA,20191106,950.95,976.25,943,951.15,9031
ACE,20191106,84,84.9,83.5,84.35,59232
ADANIENT,20191106,199,209.7,198.6,207.55,6220311
ADANIGAS,20191106,147.2,149.15,146.7,147.7,918476
ADANIGREEN,20191106,90,92.2,89.15,90.3,1188174
ADANIPORTS,20191106,390,394.4,388.5,391,2277683
ADANIPOWER,20191106,69.65,72.15,68.5,71.1,12612507
ADANITRANS,20191106,283.8,285,279.1,282.95,195862
ADFFOODS,20191106,302.45,314.4,293.05,312.25,97746
ADHUNIKIND,20191106,120,120.8,118,118.65,26927
ADLABS,20191106,2.9,2.9,2.9,2.9,11267
ADORWELD,20191106,310.3,318.95,310,315,1651
ADROITINFO,20191106,8.05,8.05,7.55,8.05,4047
ADSL,20191106,14.8,15.5,14.45,15.15,44540
ADVANIHOTR,20191106,57.15,57.3,56.3,56.8,3076
ADVENZYMES,20191106,185,186,175.05,176.95,102258
AEGISCHEM,20191106,166.8,170.5,165.1,166.2,217610
AFFLE,20191106,1385,1443.9,1360.25,1373,90442
AGARIND,20191106,118.9,119,115.95,117.1,2030
AGCNET,20191106,110,118,110,111.35,2517
AGRITECH,20191106,48.5,48.5,46.3,46.85,15453
AGROPHOS,20191106,118.45,119.05,118.45,118.55,645388
AHLEAST,20191106,184,184,180,181.85,2189
AHLUCONT,20191106,303.45,307.5,290.9,300.25,13955
AHLWEST,20191106,280,288,266.3,271.9,339
AIAENG,20191106,1742.95,1818,1678.05,1684.5,80122
AIONJSW,20191106,9.8,10.1,9.8,9.95,130432
AIRAN,20191106,13.1,13.1,11.95,12,48991
AJANTPHARM,20191106,1026.25,1035,995,1011.95,378744
AJMERA,20191106,128,133,125.1,130.2,287541
AKASH,20191106,64,64.15,61,62.45,3459
AKSHARCHEM,20191106,210,216,203.1,212.7,1650
AKSHOPTFBR,20191106,7.75,7.9,7.65,7.8,268419
AKZOINDIA,20191106,2229.75,2245,2201.55,2224.3,40652
ALANKIT,20191106,17.9,17.9,16.35,16.4,112791
ALBERTDAVD,20191106,405.2,410.05,403,405.6,2973
ALBK,20191106,27.5,27.5,26.6,26.8,585978
ALCHEM,20191106,0.85,0.85,0.85,0.85,321
ALEMBICLTD,20191106,50.45,51,49.55,49.8,194312
ALICON,20191106,389.8,389.8,382,386.35,825
ALKALI,20191106,53,54,50.6,51.75,24447
ALKEM,20191106,2042,2079,2039.6,2058.45,71197
ALKYLAMINE,20191106,893,987.6,883.7,952.5,144843
ALLCARGO,20191106,106.95,108.45,104.6,106.1,136962
ALLSEC,20191106,291,294.9,273.2,284.05,5864
ALMONDZ,20191106,9.55,10.4,9.55,9.8,122
ALOKTEXT,20191106,1.7,1.7,1.7,1.7,213275
ALPA,20191106,16.95,18.95,16.5,17.25,22855
ALPHAGEO,20191106,188,191.2,185.3,186.85,4317
ALPSINDUS,20191106,0.45,0.5,0.45,0.45,1397
AMARAJABAT,20191106,661.45,666.95,653,660.8,280082
AMBER,20191106,998.85,998.85,970,975.15,12773
AMBIKCO,20191106,905,905,890.05,899.75,2958
AMBUJACEM,20191106,201.95,203.75,199.9,202.25,1636076
AMDIND,20191106,17.05,19.2,17.05,18.8,27337
AMJLAND,20191106,18.25,19.05,18.2,18.95,6228
AMRUTANJAN,20191106,460.9,466.9,453.75,460.6,47822
ANANTRAJ,20191106,31.7,33.8,31.5,33.6,492373
ANDHRABANK,20191106,18.2,18.55,17.8,18.3,621572
ANDHRACEMT,20191106,2.55,2.65,2.55,2.65,13298
ANDHRSUGAR,20191106,283.3,290.55,279.6,283.9,50788
ANIKINDS,20191106,8.6,8.6,7.85,8.6,8453
ANKITMETAL,20191106,0.5,0.5,0.45,0.5,6768
ANSALAPI,20191106,5,5.05,4.7,5.05,70766
ANSALHSG,20191106,5.45,6.35,5.4,6.35,216119
ANTGRAPHIC,20191106,0.7,0.7,0.65,0.65,8450
ANUP,20191106,474,475,468,472.25,6798
APARINDS,20191106,526.85,550,526.85,549.2,7260
APCL,20191106,157,160.45,154,157.2,10810
APCOTEXIND,20191106,165.85,168.45,165.85,166.25,17152
APEX,20191106,230,240,230,233.15,256823
APLAPOLLO,20191106,1500,1511.75,1457,1470.1,8093
APLLTD,20191106,583.5,589.4,569.9,577.3,251852
APOLLO,20191106,87.8,89.3,82.2,83.55,58748
APOLLOHOSP,20191106,1416,1429.95,1402.05,1413.9,604579
APOLLOTYRE,20191106,178,178.6,167.15,168.5,6895790
APOLSINHOT,20191106,782.1,794,775,789.2,695
APTECHT,20191106,178.7,181.4,174.25,175.4,269053
ARCHIDPLY,20191106,27.4,29.25,26.8,28.85,22224
ARCHIES,20191106,18.75,19.5,18.6,19.2,27181
ARCOTECH,20191106,1.95,1.95,1.95,1.95,5712
ARIES,20191106,64.25,65.95,64.1,64.8,15471
ARIHANT,20191106,17.7,20.8,17.7,19.3,1737
ARIHANTSUP,20191106,26.2,26.55,25.15,25.3,153498
ARMANFIN,20191106,572,581,542.35,574.25,7520
AROGRANITE,20191106,41,42.5,40.45,41.05,5365
ARROWGREEN,20191106,51.2,52.85,50.8,51.15,6078
ARROWTEX,20191106,9.65,10.55,9.6,10.2,4333
ARSHIYA,20191106,17.55,18.25,17.05,18.25,23478
ARSSINFRA,20191106,24.3,26.2,24.3,25.25,9711
ARVIND,20191106,52.8,52.9,51,51.25,777911
ARVINDFASN,20191106,439.9,442.4,431.8,438.6,10804
ARVSMART,20191106,103.55,104,100.05,101.1,6954
ASAHIINDIA,20191106,204.55,211.15,202.55,203.65,6475
ASAHISONG,20191106,154.7,156.9,150.1,151.25,3632
ASAL,20191106,34,35.5,33.25,34,19145
ASHAPURMIN,20191106,31.85,31.85,30,30.35,15501
ASHIANA,20191106,103.95,103.95,97.35,99.7,81483
ASHIMASYN,20191106,7.9,8.1,7.7,7.8,30977
ASHOKA,20191106,97.15,99.95,95.9,97.3,330539
ASHOKLEY,20191106,74.5,77.45,74.4,76.8,22004305
ASIANHOTNR,20191106,103.95,103.95,99.05,100,814
ASIANPAINT,20191106,1789,1815,1780.6,1797.6,1136777
ASIANTILES,20191106,225,233.7,225,231.3,29965
ASPINWALL,20191106,148,149,138.05,144.35,1264
ASTEC,20191106,358.4,364.7,352.2,357.25,9239
ASTERDM,20191106,143.9,143.9,137.6,138.6,59210
ASTRAL,20191106,1065,1071,1042.15,1049.95,131730
ASTRAMICRO,20191106,76,77.75,75.8,76.65,31107
ASTRAZEN,20191106,2585.55,2630.05,2505,2519.8,15889
ASTRON,20191106,39.4,43.5,39.4,43.2,3530175
ATFL,20191106,634.95,634.95,608,612.05,5802
ATLANTA,20191106,6.9,7.25,6.65,7,12509
ATUL,20191106,4256,4265.6,4212,4225.95,5117
ATULAUTO,20191106,220.5,227.9,220.5,222.25,9842
AUBANK,20191106,674.9,677.7,656,666.55,117694
AURIONPRO,20191106,75.45,78.35,75.4,77.7,2872
AUROPHARMA,20191106,475,479.75,442.3,450.9,8240447
AUSOMENT,20191106,28.5,29.4,27,29,1135
AUTOAXLES,20191106,851,903,845,848.35,44739
AUTOIND,20191106,24.9,25,23,24.3,13234
AUTOLITIND,20191106,23.9,23.9,22.05,23.4,11102
AVADHSUGAR,20191106,305,314.9,261.15,273.65,378951
AVANTIFEED,20191106,463.75,498,463.2,487.65,1831889
AVTNPL,20191106,24.35,24.7,23.95,24.3,14073
AXISBANK,20191106,736.95,750.9,728.75,747.25,7821243
AXISCADES,20191106,69.2,70.1,67,68.9,117418
AXISGOLD,20191106,3388.85,3388.85,3350,3360.4,1129
AXISNIFTY,20191106,1228.64,1241.22,1228.16,1229.57,103
AYMSYNTEX,20191106,32.05,34.3,31.75,31.75,6961
BAGFILMS,20191106,1.9,1.9,1.85,1.9,62755
BAJAJ-AUTO,20191106,3244,3271.5,3214.75,3248.3,348652
BAJAJCON,20191106,253,264.3,249,259.15,430923
BAJAJELEC,20191106,384.9,391.1,348,353.15,856051
BAJAJFINSV,20191106,8800,8875,8721.05,8772.85,320303
BAJAJHIND,20191106,6.85,7.1,6.85,6.9,1456894
BAJAJHLDNG,20191106,3738.25,3760,3700,3728.7,12845
BAJFINANCE,20191106,4260,4280,4176.65,4188.15,2076695
BALAJITELE,20191106,54.15,57.7,53.05,56.85,194919
BALAMINES,20191106,334,337,327.2,335.25,33039
BALAXI,20191106,77.1,80.7,77.1,79.5,158
BALKRISHNA,20191106,19.2,19.2,18.3,18.8,11488
BALKRISIND,20191106,862.25,876,849,869.5,401496
BALLARPUR,20191106,0.6,0.6,0.55,0.55,4055089
BALMLAWRIE,20191106,198.6,202,196.55,197.45,72310
BALPHARMA,20191106,47.75,50,47.1,47.3,68854
BALRAMCHIN,20191106,160.1,162,155,155.6,1569223
BANARBEADS,20191106,34.3,34.95,34.3,34.4,526
BANARISUG,20191106,1196.05,1249.9,1184.95,1201.5,1189
BANCOINDIA,20191106,112.7,114.65,111.15,112.15,46712
BANDHANBNK,20191106,587.95,587.95,569.55,582.5,1558506
BANG,20191106,17.65,18.3,16.5,17.7,10473
BANKBARODA,20191106,101.7,101.9,98.75,99.45,30831213
BANKBEES,20191106,3130,3130,3062.25,3120.09,16824
BANKINDIA,20191106,70.3,70.9,68.65,69.95,12651773
BANSWRAS,20191106,69.6,69.6,67.4,68.95,5153
BARTRONICS,20191106,1.5,1.5,1.5,1.5,9815
BASF,20191106,1018.95,1029,1000,1003.7,21565
BASML,20191106,147,147,139,140,4996
BATAINDIA,20191106,1708,1727.65,1688.05,1710.05,628817
BAYERCROP,20191106,3709.75,3709.75,3587.35,3615.25,3471
BBL,20191106,898.6,912,889.95,905.45,11840
BBTC,20191106,1199.9,1208,1180.35,1186.25,100314
BCG,20191106,3.05,3.1,2.85,3.05,376012
BCP,20191106,8.25,8.25,8.25,8.25,6877
BDL,20191106,320.5,328.8,315.5,318.05,34556
BEARDSELL,20191106,11.9,12.15,10.95,11.75,4385
BEDMUTHA,20191106,11,11.85,10.8,11.65,25358
BEL,20191106,112.45,112.5,108.15,109.4,16807674
BEML,20191106,969.2,984.5,967.8,970.75,321141
BEPL,20191106,51.9,53.55,51.3,52.15,570934
BERGEPAINT,20191106,499,506,493.35,495.65,3155342
BFINVEST,20191106,327.1,333.85,316.7,320.05,85767
BFUTILITIE,20191106,300.5,308,291,293.9,189683
BGLOBAL,20191106,1.9,2.1,1.9,1.9,16200
BGRENERGY,20191106,33.8,33.9,32.85,33.2,67845
BHAGERIA,20191106,111.05,112.9,107.55,108.5,12255
BHAGYANGR,20191106,19,19.05,18.6,18.95,11592
BHAGYAPROP,20191106,20,20.5,19.55,20.4,103
BHANDARI,20191106,1.25,1.25,1.1,1.15,118791
BHARATFORG,20191106,463,468.35,454,464.35,1028386
BHARATGEAR,20191106,82,82.05,75.05,81.7,45165
BHARATRAS,20191106,6049,6110,5951,6000.95,1061
BHARATWIRE,20191106,31.1,32.05,30.9,31.15,13826
BHARTIARTL,20191106,385,385.4,370.25,371.45,8181919
BHEL,20191106,56.25,57.1,55.4,55.55,18504336
BIGBLOC,20191106,23.9,24.8,22.25,23.65,593
BIL,20191106,165.4,165.4,150.2,156.9,6382
BILENERGY,20191106,1.3,1.3,1.3,1.3,24579
BINDALAGRO,20191106,11.25,11.3,11.1,11.2,10579
BIOCON,20191106,256.2,262.25,255.1,260.75,3790931
BIOFILCHEM,20191106,4.6,4.7,4.4,4.5,4132
BIRLACABLE,20191106,84.45,90,77.9,79,584800
BIRLACORPN,20191106,652,652,625,628.45,437655
BIRLAMONEY,20191106,36.3,36.3,35.6,35.75,36100
BKMINDST,20191106,0.8,0.85,0.8,0.8,67128
BLBLIMITED,20191106,3.6,3.9,3.55,3.7,7809
BLISSGVS,20191106,144.6,145.65,141,142.3,66798
BLKASHYAP,20191106,9.3,9.75,9.3,9.75,30127
BLS,20191106,65.5,68.85,65.5,68.3,13397
BLUEBLENDS,20191106,0.7,0.7,0.7,0.7,875
BLUEDART,20191106,2303.95,2329,2281.05,2284.6,3626
BLUESTARCO,20191106,799.95,804.75,780.5,794.05,36860
BODALCHEM,20191106,76.25,77.8,75.2,76.35,123900
BOMDYEING,20191106,83.6,85.5,83.1,83.75,1637736
BOROSIL,20191106,168.6,173.5,167.85,172.05,43524
BOSCHLTD,20191106,15650,15789,14880,15298.85,50078
BPCL,20191106,518,525.25,516.1,523.9,3805931
BPL,20191106,19.2,20.25,18.9,19.1,63833
BRFL,20191106,4.3,4.3,4.15,4.3,20541
BRIGADE,20191106,208.4,214,203.1,205.45,190423
BRITANNIA,20191106,3239.85,3257.85,3191,3227.85,347320
BRNL,20191106,65.8,65.8,60.5,62.55,14238
BROOKS,20191106,34.75,34.9,33.1,33.7,18296
BSE,20191106,540,547.7,535.85,536.95,48209
BSELINFRA,20191106,1,1.05,1,1.05,13672
BSL,20191106,25.8,26.5,25.45,26,4126
BSLGOLDETF,20191106,3521.05,3593,3521.05,3531,7
BSLNIFTY,20191106,129,130.99,129,130.7,238
BSOFT,20191106,66.9,66.9,63.55,63.8,207497
BURNPUR,20191106,1.25,1.25,1.15,1.25,48238
BUTTERFLY,20191106,192.55,199,187.55,189.95,53420
BVCL,20191106,11,11,10.1,10.5,11203
BYKE,20191106,20.45,21.2,20.2,20.95,20379
CADILAHC,20191106,237.2,245.3,237.2,239.85,776113
CALSOFT,20191106,16.65,17.3,16.65,16.65,15645
CAMLINFINE,20191106,65.35,66.5,64,64.1,155827
CANBK,20191106,206.8,214.5,202.25,210.9,18828663
CANFINHOME,20191106,416.3,420.25,410,411.35,223363
CANTABIL,20191106,210,211,205,209.9,21637
CAPACITE,20191106,220.15,224.9,216.8,218.35,21655
CAPLIPOINT,20191106,386,397.95,386,392,38943
CAPTRUST,20191106,77.1,79.95,77.1,79,192
CARBORUNIV,20191106,316,317,307.05,309.15,78680
CAREERP,20191106,126,127,121.9,123.65,26471
CARERATING,20191106,528.1,536.7,526.15,534.75,235524
CASTEXTECH,20191106,0.65,0.65,0.65,0.65,44010
CASTROLIND,20191106,151.65,155,150.75,153.9,1005213
CCHHL,20191106,3.4,3.55,3.4,3.4,12260
CCL,20191106,205.05,206.65,201.5,203.05,101837
CDSL,20191106,231.8,231.8,221.55,222.7,402445
CEATLTD,20191106,1009.9,1010,993,998.3,55841
CEBBCO,20191106,13.7,13.85,13.55,13.65,15640
CELEBRITY,20191106,6,6,5.75,5.85,6313
CELESTIAL,20191106,3.45,3.6,3.45,3.6,20462
CENTENKA,20191106,185.15,185.15,179,180.7,14108
CENTEXT,20191106,2.85,3,2.8,2.9,47897
CENTRALBK,20191106,22.2,22.2,20.7,21.3,1241563
CENTRUM,20191106,21.6,21.6,19.8,20.3,297385
CENTUM,20191106,398.05,398.05,390.2,394.2,2718
CENTURYPLY,20191106,165.65,170.95,164,164.8,419163
CENTURYTEX,20191106,394.4,401,390.6,399.4,1097207
CERA,20191106,2637,2661,2542.4,2550.2,15649
CEREBRAINT,20191106,22.5,22.6,21.15,22.1,126241
CESC,20191106,806,806.95,773.55,779.8,450993
CESCVENT,20191106,344.05,352.95,332.05,338.3,22465
CGCL,20191106,224.05,224.45,218.35,220.1,384026
CGPOWER,20191106,16,16,15.6,16,1367763
CHALET,20191106,325,337.9,321.85,329.65,3389
CHAMBLFERT,20191106,164.4,165.8,159.55,164,156851
CHEMFAB,20191106,174,177.95,170.8,173.2,990
CHENNPETRO,20191106,157.7,157.7,155,155.5,60529
CHOLAFIN,20191106,316.5,316.5,294.2,302.4,5052093
CHOLAHLDNG,20191106,480,480,467.25,468.75,30565
CHROMATIC,20191106,0.5,0.5,0.5,0.5,2301
CIGNITITEC,20191106,292.9,295,281,286.45,71157
CIMMCO,20191106,20.1,21.75,20.05,20.3,79356
CINELINE,20191106,34,34.4,32.3,32.9,13122
CINEVISTA,20191106,11.8,12,11.35,11.95,14782
CIPLA,20191106,469.05,487.95,464.25,480.85,17751556
CKFSL,20191106,0.35,0.45,0.35,0.45,1248170
CLEDUCATE,20191106,79.95,80,79.3,80,9162
CLNINDIA,20191106,279.9,287.25,276.25,277.95,58315
CMICABLES,20191106,68.4,73.35,67.7,73.15,94359
CNOVAPETRO,20191106,9,9.15,8.05,8.15,712
COALINDIA,20191106,211.4,214.85,211.15,212.4,4344694
COCHINSHIP,20191106,408,408,399,400.7,68001
COFFEEDAY,20191106,37.05,37.05,37.05,37.05,49019
COLPAL,20191106,1523.1,1557,1508.15,1547.3,759900
COMPINFO,20191106,8.8,9,8.55,8.65,114647
COMPUSOFT,20191106,8.75,8.75,8.2,8.55,41330
CONCOR,20191106,577.5,585,573,580.4,1184456
CONFIPET,20191106,27.25,27.8,26.7,27.2,92803
CONSOFINVT,20191106,36.85,38,36.5,36.5,220
CONTROLPR,20191106,283,285.4,276.95,279.2,3778
CORALFINAC,20191106,13.45,13.45,12.45,12.75,6363
CORDSCABLE,20191106,44.15,45.25,43.1,44.4,3356
COROMANDEL,20191106,461.75,472.5,458.3,469.1,103672
CORPBANK,20191106,17.25,18.75,17.25,18.45,2989524
COSMOFILMS,20191106,218.45,224,215,221.45,7769
COUNCODOS,20191106,1.75,1.75,1.7,1.75,9617
COX&KINGS,20191106,1.55,1.55,1.55,1.55,388293
CPSEETF,20191106,24.94,24.99,24.64,24.7,3086476
CREATIVE,20191106,66,67,66,67,5831
CREDITACC,20191106,706.2,721.7,685,694.5,165180
CREST,20191106,101,103.45,100.2,102.2,485
CRISIL,20191106,1487.1,1505,1487.1,1500,120060
CRMFGETF,20191106,3599.95,3599.95,3599.95,3599.95,5
CROMPTON,20191106,249.15,253.3,246.95,248.95,660503
CTE,20191106,27.6,29.5,26.8,27.95,5852
CUB,20191106,207.45,209.5,204.7,205.4,394748
CUBEXTUB,20191106,13.2,14.2,13.1,14.05,4845
CUMMINSIND,20191106,549,554,542.2,551.3,562286
CUPID,20191106,205.45,209.35,200.3,204.1,63084
CURATECH,20191106,1.5,1.5,1.5,1.5,6040
CYBERMEDIA,20191106,3,3,3,3,301
CYBERTECH,20191106,50.3,50.3,48.6,49.3,20307
CYIENT,20191106,401.15,404.5,380,387.6,558783
DAAWAT,20191106,24.8,25.35,24.65,24.85,402737
DABUR,20191106,484.5,487.7,473.5,476.55,3883468
DALBHARAT,20191106,827.85,838.45,819.95,821.15,169716
DALMIASUG,20191106,92.55,94.8,90.75,91.55,176251
DAMODARIND,20191106,30.85,30.85,27.1,28.9,134
DATAMATICS,20191106,77.5,78.15,75.9,76.2,24433
DBCORP,20191106,147.1,147.1,144.5,146.05,14226
DBL,20191106,426,435,416,418,227738
DBREALTY,20191106,7.95,8.1,7.6,8.05,480415
DBSTOCKBRO,20191106,9,9,9,9,85
DCAL,20191106,123.85,126.75,121,122.15,310642
DCBBANK,20191106,183.75,185.25,181.5,184.6,767733
DCM,20191106,22,22,20.35,21,1772
DCMNVL,20191106,31.55,31.55,27.5,29,27
DCMSHRIRAM,20191106,364.7,367.2,360.15,363.65,67866
DCW,20191106,15.5,15.85,15.3,15.35,121616
DECCANCE,20191106,358.4,358.95,348.6,350.4,6085
DEEPAKFERT,20191106,111.8,111.9,106.1,106.8,210505
DEEPAKNTR,20191106,363.5,364.95,344.7,350,833360
DEEPIND,20191106,105.05,106.5,103.05,103.85,5179
DELTACORP,20191106,193.9,204,192.6,201.6,1393237
DELTAMAGNT,20191106,37.45,37.75,36,36,361
DEN,20191106,45,45.7,43.45,43.8,45790
DENORA,20191106,208.9,209,202.2,203.85,2371
DFMFOODS,20191106,247.9,247.9,246.1,247,11254
DGCONTENT,20191106,4.5,4.5,4.35,4.35,4405
DHAMPURSUG,20191106,214.05,222.9,205.75,209.5,719100
DHANBANK,20191106,15.05,15.15,14.45,14.5,879072
DHANUKA,20191106,308.05,313.9,305,307.9,9564
DHARSUGAR,20191106,8,8.3,7.7,8,11129
DHFL,20191106,21.15,21.15,21.15,21.15,299073
DHUNINV,20191106,217,218.65,209.1,213.9,952
DIAMONDYD,20191106,929.95,941.05,925.95,940.25,1426
DICIND,20191106,330,338,323.05,331,304
DIGISPICE,20191106,6.9,7,6.85,6.95,2250
DISHTV,20191106,14.5,15.1,13.9,14.1,46345799
DIVISLAB,20191106,1651,1721.95,1641.7,1705.35,1000255
DIXON,20191106,2974.95,2975.05,2785.4,2811.35,16171
DLF,20191106,186.55,194.2,185.8,191.5,15940992
DLINKINDIA,20191106,97.1,97.2,95.55,96.1,13548
DMART,20191106,1975,1994.9,1962.3,1978.85,227132
DNAMEDIA,20191106,0.3,0.4,0.3,0.35,20106
DOLAT,20191106,80.35,83,76,76.85,155279
DOLLAR,20191106,178.35,180.15,178,178.75,1849
DONEAR,20191106,31,33.35,30.9,31.65,13480
DPSCLTD,20191106,9.45,9.5,9.1,9.5,5871
DQE,20191106,2.35,2.35,2.25,2.35,4325
DREDGECORP,20191106,344.9,351.2,336,343.35,169240
DRREDDY,20191106,2820.1,2880,2820.1,2862.7,900469
DSSL,20191106,25.9,25.9,24.2,25.3,5427
DTIL,20191106,164,166.2,160,164.95,9816
DUCON,20191106,6.15,6.15,6.15,6.15,48326
DVL,20191106,72.95,72.95,70.65,71.6,2045
DWARKESH,20191106,27.85,28.25,26.75,26.95,845436
DYNAMATECH,20191106,1156.3,1188,1130,1185.95,1253
DYNPRO,20191106,142,142,136.3,141.05,5490
EASTSILK,20191106,0.5,0.55,0.5,0.55,583
EBANK,20191106,3201,3201,3201,3201,1
ECLERX,20191106,442.9,444.95,427,437.7,8750
EDELWEISS,20191106,95.6,100.6,94.85,100.6,2298975
EICHERMOT,20191106,21370,21750,21034.15,21605.55,144445
EIDPARRY,20191106,165.8,172,165.8,169.5,247966
EIHAHOTELS,20191106,320.05,328,316,318.8,3089
EIHOTEL,20191106,159.1,164.9,155.75,159.7,656339
EIMCOELECO,20191106,304.95,305,294,300.35,785
EKC,20191106,27,27.7,26.45,26.6,90022
ELECON,20191106,36.2,39,36.2,38.25,53196
ELECTCAST,20191106,13.3,13.3,13.15,13.3,45629
ELECTHERM,20191106,145,148.35,140.65,143.75,4199
ELGIEQUIP,20191106,277.9,284,275,281.1,14042
ELGIRUBCO,20191106,17.65,17.65,15.9,16.95,9317
EMAMILTD,20191106,329.5,333,320.15,326.7,377140
EMAMIPAP,20191106,76,76,73.05,75.25,2074
EMAMIREAL,20191106,42.75,46.5,42.75,44.5,19070
EMCO,20191106,0.7,0.8,0.7,0.7,14082
EMKAY,20191106,77,79.4,76.05,77.65,22355
EMMBI,20191106,114.2,116.85,113,113.1,8782
ENDURANCE,20191106,1119.95,1119.95,1100,1113.5,27747
ENERGYDEV,20191106,5.05,5.4,5,5.3,63465
ENGINERSIN,20191106,115.5,116.7,111.85,112.75,1474514
ENIL,20191106,260,262.9,248.55,250.65,144280
EON,20191106,18.2,18.75,17.65,18.75,37386
EQ30,20191106,305,351.13,305,349.75,19
EQUITAS,20191106,99.15,100,98.1,99.1,1472409
ERIS,20191106,412.95,417.95,405.6,406.8,47250
EROSMEDIA,20191106,15.9,15.9,14.9,15.4,123875
ESABINDIA,20191106,1293.8,1329,1287.1,1308.4,1955
ESCORTS,20191106,657.8,662.45,651,655.45,1215811
ESSARSHPNG,20191106,7.2,7.7,7.15,7.6,7698
ESSELPACK,20191106,112,118.5,112,117.4,92952
ESTER,20191106,37.05,37.05,34.5,35.85,62007
EUROMULTI,20191106,0.45,0.45,0.35,0.35,37280
EUROTEXIND,20191106,13.15,13.15,13,13,360
EVEREADY,20191106,54.1,56.2,53.05,54.45,174226
EVERESTIND,20191106,294.9,297,289.05,294.5,24992
EXCEL,20191106,1,1.1,1,1.05,80378
EXCELINDUS,20191106,974.5,980,956,961.35,8077
EXIDEIND,20191106,188.7,194,184.1,186.45,5834021
EXPLEOSOL,20191106,272,294,272,281.9,5149
FACT,20191106,40.15,40.3,39.45,39.55,75612
FAIRCHEM,20191106,480.05,492.85,471.55,481.55,11620
FCL,20191106,27.7,27.85,26.8,27,82627
FCONSUMER,20191106,26.65,27.15,26.1,26.2,625462
FCSSOFT,20191106,0.2,0.25,0.2,0.2,424618
FDC,20191106,176.15,185.05,174.15,176.6,44343
FEDERALBNK,20191106,84.6,86,83.5,84.5,15554318
FEL,20191106,27.4,27.45,25,25.15,399998
FELDVR,20191106,26.95,26.95,24.2,24.85,18095
FIEMIND,20191106,385.65,386.5,374,383,6330
FILATEX,20191106,39.25,40,38.2,38.35,137971
FINCABLES,20191106,385,385,373.1,378.1,37414
FINEORG,20191106,1928,1949.9,1906.25,1918.15,4511
FINPIPE,20191106,590,590,579,580.6,19342
FLEXITUFF,20191106,4.3,4.3,4.1,4.3,15542
FLFL,20191106,408.75,408.75,396.05,398.1,16753
FLUOROCHEM,20191106,625,640,584.4,619.55,40890
FMGOETZE,20191106,545.4,545.4,540.45,541.7,1436
FMNL,20191106,35.7,35.8,33.45,33.5,17341
FORCEMOT,20191106,1149,1149,1121,1125.2,20476
FORTIS,20191106,145.9,147.7,142.2,146.8,1140714
FOSECOIND,20191106,1375.15,1375.15,1350,1353.85,358
FRETAIL,20191106,376,376.05,356.95,359.15,564202
FSC,20191106,470,489,465,479.3,9178
FSL,20191106,49.65,49.65,45.35,45.8,4684751
GABRIEL,20191106,121.2,137,120.5,131.75,1584561
GAEL,20191106,136.45,140,131,132.7,27810
GAIL,20191106,137.3,139.2,136.05,136.7,6194082
GAL,20191106,1.8,1.85,1.75,1.8,7242
GALAXYSURF,20191106,1461,1499,1461,1490.1,9956
GALLANTT,20191106,26,27.3,25.3,26.05,11783
GALLISPAT,20191106,19.85,19.85,19,19.2,2074
GAMMNINFRA,20191106,0.3,0.3,0.25,0.3,636214
GANDHITUBE,20191106,299.9,299.9,295.1,296.05,1408
GANECOS,20191106,273,278,270,271.2,2028
GANESHHOUC,20191106,35.3,37.75,34.15,36.3,69189
GANGESSECU,20191106,39.95,39.95,36,36.55,245
GARDENSILK,20191106,11.1,11.4,10.9,11.1,18191
GARFIBRES,20191106,1214.95,1214.95,1198.95,1205.6,2976
GATI,20191106,60.2,63.25,59.6,61.25,611638
GAYAHWS,20191106,0.3,0.3,0.25,0.25,277749
GAYAPROJ,20191106,115.9,115.9,111,113.8,33075
GDL,20191106,90.6,93.9,88.5,89.15,283246
GEECEE,20191106,98.9,99,95,95.35,1553
GENESYS,20191106,81.1,81.1,76.55,77.3,5824
GENUSPAPER,20191106,5.1,5.1,5,5.05,31199
GENUSPOWER,20191106,24.9,25.25,24.5,24.8,45881
GEOJITFSL,20191106,29.8,29.8,28.6,28.9,80656
GEPIL,20191106,703.65,710,688.7,691.7,11828
GESHIP,20191106,290.4,294,290.4,292.2,85284
GET&D,20191106,186,186,168.5,170.7,235991
GFLLIMITED,20191106,82.95,82.95,80.1,81.25,18787
GHCL,20191106,213.6,216,209.65,211.85,64403
GICHSGFIN,20191106,163.3,167.7,161.5,162.25,103929
GICRE,20191106,277.25,290,275.35,285.6,720189
GILLANDERS,20191106,29.7,29.7,27.05,28.2,1418
GILLETTE,20191106,7720.05,7782,7591,7614.85,10726
GINNIFILA,20191106,10.4,10.4,9.95,10.05,47754
GIPCL,20191106,71.55,72.05,71.1,71.85,38455
GKWLIMITED,20191106,712.1,739.95,712.05,729.5,100
GLAXO,20191106,1619.8,1640,1604,1616.2,45067
GLENMARK,20191106,315.5,317.95,299.05,301.3,2341017
GLOBALVECT,20191106,57.8,57.8,54.7,57.05,6821
GLOBOFFS,20191106,6,6.05,5.8,5.85,1715
GLOBUSSPR,20191106,129.2,141.8,128.25,137.9,694639
GMBREW,20191106,403,427.7,393.85,421.75,94496
GMDCLTD,20191106,63.35,64.9,62.7,63.1,144299
GMMPFAUDLR,20191106,1442,1459.9,1431.55,1435.75,7575
GMRINFRA,20191106,20.75,22.7,20.5,22.1,50302773
GNA,20191106,279.45,286,274.1,276.35,44550
GNFC,20191106,202.35,209,199.2,203.9,572736
GOACARBON,20191106,224,224,217,218.55,9046
GOCLCORP,20191106,288.65,289.95,277.85,286.4,3790
GODFRYPHLP,20191106,1101.1,1128.9,1092.35,1118.9,57276
GODREJAGRO,20191106,499,500.05,489,492.1,115982
GODREJCP,20191106,724,758,719.3,741.55,3447075
GODREJIND,20191106,421.5,434,417.8,425.4,217770
GODREJPROP,20191106,970,997,966,985.8,444216
GOKEX,20191106,86.8,88.55,86,86.5,38175
GOKUL,20191106,11.05,11.25,10.7,11.2,20198
GOKULAGRO,20191106,13.1,13.3,12.5,13.05,2125
GOLDBEES,20191106,3404.35,3404.35,3373.25,3386.2,14977
GOLDENTOBC,20191106,27.1,30.55,27.1,30.1,1176
GOLDIAM,20191106,142,142.25,138.65,140,64690
GOLDSHARE,20191106,3419.1,3419.1,3381.6,3401.8,1084
GOLDTECH,20191106,9.2,10.5,9.2,10,11979
GOODLUCK,20191106,56,57.2,54,55,5848
GPIL,20191106,155.75,157.9,153.8,155.45,32707
GPPL,20191106,88.9,88.95,86.35,88.5,891400
GPTINFRA,20191106,38.55,42.9,37.1,40.1,58993
GRANULES,20191106,123,123,118,118.9,874285
GRAPHITE,20191106,295.7,305.6,295.5,297.9,1809069
GRASIM,20191106,770,782.6,761,773.25,1903692
GRAVITA,20191106,40.25,43.9,40.25,42.9,79290
GREAVESCOT,20191106,134,134,130.05,130.5,175676
GREENLAM,20191106,910,930,885.55,912.3,2257
GREENPANEL,20191106,35.9,35.9,28.35,33.2,138583
GREENPLY,20191106,163,167,160,160.25,99305
GREENPOWER,20191106,1.5,1.5,1.45,1.5,769189
GRINDWELL,20191106,605,606.5,590.4,593.2,43790
GROBTEA,20191106,315,315,281.05,312.8,31
GRPLTD,20191106,900,929.95,877,879.8,104
GRSE,20191106,230.8,233.3,220.1,223.65,387227
GSCLCEMENT,20191106,19.7,20,19.6,19.65,17875
GSFC,20191106,80.4,80.45,77.8,78.25,273436
GSKCONS,20191106,9219,9274.85,9151.25,9256.2,5625
GSPL,20191106,221.95,222.4,214.2,219.7,306529
GSS,20191106,35,35,33.65,33.65,10873
GTL,20191106,1.4,1.4,1.35,1.4,60081
GTLINFRA,20191106,0.45,0.45,0.4,0.4,3391475
GTNIND,20191106,6.25,6.25,5.65,5.8,7988
GTNTEX,20191106,6.65,6.65,6.65,6.65,22
GTPL,20191106,72.7,73.4,71,71.4,12930
GUFICBIO,20191106,70.15,71.1,70,70.2,12661
GUJALKALI,20191106,466.25,469.65,454,455.95,28064
GUJAPOLLO,20191106,139.25,139.25,125.1,130.05,3563
GUJGASLTD,20191106,210,215,194.1,195.75,4090492
GULFOILLUB,20191106,873.05,878,856,856.75,2154
GULFPETRO,20191106,40.35,41.75,39.5,39.8,14392
GULPOLY,20191106,43.95,43.95,41.05,41.95,3815
GVKPIL,20191106,5.55,5.55,5.05,5.25,11078460
HAL,20191106,782.75,786.9,772.4,778.65,7529
HARITASEAT,20191106,462.55,469.55,456.35,462.2,3093
HARRMALAYA,20191106,48.4,48.4,47.7,47.9,31966
HATHWAY,20191106,21.85,21.9,21.25,21.35,111346
HATSUN,20191106,609,610,590.5,602.45,2836
HAVELLS,20191106,687.1,693.9,675.25,689.25,828409
HAVISHA,20191106,0.65,0.7,0.6,0.65,17084
HBLPOWER,20191106,17.25,17.35,17.05,17.15,84284
HBSL,20191106,7.1,7.1,7.1,7.1,1
HCC,20191106,8.65,8.9,8,8.55,4108351
HCG,20191106,114.2,117.5,112.05,113.7,3965
HCL-INSYS,20191106,8,8,7.3,7.75,728874
HCLTECH,20191106,1160,1160.05,1141.2,1148.35,2288329
HDFC,20191106,2188,2228,2162,2220.6,4225289
HDFCAMC,20191106,3007.75,3012.85,2924.45,2933.95,736147
HDFCBANK,20191106,1242.45,1259,1228.05,1256.65,6065168
HDFCLIFE,20191106,584,590.9,580.1,584.95,3840924
HDFCMFGETF,20191106,3474.5,3474.5,3440.6,3456.05,4129
HDFCNIFETF,20191106,1244.7,1255,1244,1251.22,1638
HDFCSENETF,20191106,4250,4260,4225,4243.74,62
HDIL,20191106,1.85,1.85,1.8,1.85,1371409
HEG,20191106,1015,1044.8,1005,1013.25,489651
HEIDELBERG,20191106,199,204.9,198,201.95,781453
HERCULES,20191106,95.05,97,92.95,94.25,12508
HERITGFOOD,20191106,336.2,340,334,338.1,58335
HEROMOTOCO,20191106,2660,2696.9,2641,2678.35,601239
HESTERBIO,20191106,1660,1736.05,1555,1682.6,30620
HEXATRADEX,20191106,11.9,12,11.85,11.85,9070
HEXAWARE,20191106,340,344.45,338.2,341.3,859298
HFCL,20191106,17.4,17.5,17.15,17.25,771526
HGINFRA,20191106,187.9,188,184,184.75,13102
HGS,20191106,595,610.1,590,604.55,11888
HIKAL,20191106,119.75,119.75,115,115.95,253757
HIL,20191106,1149.85,1172.35,1121,1128.4,10811
HILTON,20191106,11.2,11.2,11.2,11.2,22751
HIMATSEIDE,20191106,147.25,153.8,145.55,150.1,186819
HINDALCO,20191106,199,203.65,197.65,201.5,13028120
HINDCOMPOS,20191106,178,180.5,175,178.75,3504
HINDCOPPER,20191106,42,42.3,41,41.15,844678
HINDMOTORS,20191106,5.55,5.65,5.4,5.55,139149
HINDNATGLS,20191106,34.25,35.5,34.25,35.1,1493
HINDOILEXP,20191106,101.75,102.25,98.15,98.95,506367
HINDPETRO,20191106,311,316.5,310.3,313.95,2595028
HINDSYNTEX,20191106,3,3,3,3,50
HINDUJAVEN,20191106,320,329.85,320,328.25,1146
HINDUNILVR,20191106,2166,2184,2155,2179.45,1093243
HINDZINC,20191106,208.25,209.2,205.8,208.2,1292053
HIRECT,20191106,189.35,190.75,180.9,181.3,16454
HISARMETAL,20191106,57,57.35,55,56.5,2177
HITECH,20191106,165.95,165.95,157.35,159.5,1909
HITECHCORP,20191106,86,90.75,84,88.2,794
HITECHGEAR,20191106,188,192.85,183.2,188.75,3925
HMVL,20191106,83,84.5,78.2,79.65,29163
HNDFDS,20191106,610.05,645.6,610.05,635.75,1486
HNGSNGBEES,20191106,3260,3756.89,3220.01,3602.02,432
HONAUT,20191106,28390,28499,28150,28263.25,551
HONDAPOWER,20191106,1127.85,1176,1120.25,1158.4,16679
HOTELEELA,20191106,7.15,7.7,7.15,7.55,179390
HOVS,20191106,62.75,62.8,59,60,3859
HPL,20191106,42.05,43.05,41.2,42.35,16253
HSCL,20191106,73.95,74.8,73.3,73.6,324848
HSIL,20191106,53.65,53.65,50.55,51.2,275332
HTMEDIA,20191106,17.1,17.1,16,16.35,1186108
HUBTOWN,20191106,14.45,15,13.75,14.35,31789
HUDCO,20191106,40,42.75,39.5,41.7,3512661
IBMFNIFTY,20191106,118.8,119.5,115.4,119.33,974
IBREALEST,20191106,66.45,66.9,65.55,66.9,2113421
IBULHSGFIN,20191106,227.3,238.6,216.1,219.4,47692066
IBULISL,20191106,77,77,77,77,14606
IBVENTURES,20191106,122.45,122.45,122.45,122.45,87326
ICICI500,20191106,156.23,158.05,156.23,156.99,1084
ICICIB22,20191106,36.49,36.49,36.11,36.31,549514
ICICIBANK,20191106,467.15,483.9,464.75,480.7,24922680
ICICIBANKN,20191106,303.54,307.32,300.72,306.09,19497
ICICIBANKP,20191106,164.89,169.54,164.7,169.54,14421
ICICIGI,20191106,1312,1318.55,1282.5,1290.35,289836
ICICIGOLD,20191106,35.25,35.25,34.05,34.8,12979
ICICILIQ,20191106,999.95,1000,999.95,999.99,23339
ICICILOVOL,20191106,95.7,95.7,93,94.17,56519
ICICIMCAP,20191106,65.9,65.9,63.8,64.06,7129
ICICINF100,20191106,129,129.86,128.2,129.86,1790
ICICINIFTY,20191106,125.9,126.48,124.01,125.88,45676
ICICINV20,20191106,58.9,58.9,57.83,58.15,3012
ICICINXT50,20191106,29.1,29.1,28.51,28.69,13914
ICICIPRULI,20191106,510.5,521.7,507.05,520.05,2762005
ICICISENSX,20191106,431,439,425,430,344
ICIL,20191106,49,53.5,47.75,52,394462
ICRA,20191106,2837.8,2840,2702.6,2763.7,524
IDBI,20191106,33.75,34.25,32.85,33.6,2479150
IDEA,20191106,4.1,4.15,3.8,3.85,168131372
IDFC,20191106,35,35.25,33.65,33.9,1205916
IDFCFIRSTB,20191106,43,43.1,42.05,42.5,11827351
IDFNIFTYET,20191106,123.89,124,123.87,123.95,12
IEX,20191106,144.7,149.8,138.9,144.7,1302428
IFBAGRO,20191106,431,437.95,415.1,417.9,12819
IFBIND,20191106,733.35,742.9,725.05,735.05,10038
IFCI,20191106,8.2,8.35,8.05,8.1,1544340
IFGLEXPOR,20191106,153.2,153.95,149.1,151.15,1875
IGARASHI,20191106,240.2,251.8,239,245.15,84400
IGL,20191106,389.3,392.55,384.45,391.15,1144021
IGPL,20191106,150.25,152.2,142,149.85,28334
IIFL,20191106,121.1,122,118.45,120.55,99718
IIFLSEC,20191106,29.95,29.95,27.55,27.55,173284
IIFLWAM,20191106,1334,1334,1275,1289.85,7020
IITL,20191106,64,64,61.15,61.15,4
IMFA,20191106,190,192.45,185,187.15,25731
IMPAL,20191106,651,660.95,636,638.15,963
IMPEXFERRO,20191106,0.3,0.3,0.3,0.3,2825
INDBANK,20191106,8.4,8.4,8,8.1,15714
INDHOTEL,20191106,151.35,152.15,149.5,151.3,615467
INDIACEM,20191106,85,87.75,83,84.75,1890926
INDIAGLYCO,20191106,244.7,244.7,232.8,233.9,200486
INDIAMART,20191106,1779,1822,1728,1735.3,43537
INDIANB,20191106,129,129.9,127,128.4,866478
INDIANCARD,20191106,95.5,105,95.5,103,255
INDIANHUME,20191106,260.1,262.45,259,259.6,8266
INDIGO,20191106,1474,1494.75,1451.05,1468.65,1114009
INDLMETER,20191106,20.3,20.3,20.3,20.3,671
INDNIPPON,20191106,333.55,336.5,328.55,335,4020
INDOCO,20191106,160.45,160.5,153,154.6,28028
INDORAMA,20191106,29.45,30.9,28,28.45,53687
INDOSTAR,20191106,205.15,205.15,195.9,198.2,38952
INDOTECH,20191106,91.05,96,90.25,93.25,1104
INDOTHAI,20191106,23.6,24.75,23.6,23.7,2947
INDOWIND,20191106,2.7,3.05,2.7,2.9,29921
INDRAMEDCO,20191106,41.45,42.8,41.45,42.2,245977
INDSWFTLAB,20191106,31,31.35,29.7,30.6,87426
INDSWFTLTD,20191106,3.9,3.9,3.65,3.7,9133
INDTERRAIN,20191106,76.05,76.05,74,74.9,353
INDUSINDBK,20191106,1321.25,1353.6,1310,1343,3214840
INEOSSTYRO,20191106,658.85,666.2,658.1,663.05,5053
INFIBEAM,20191106,45.1,47,44.85,46.1,1773735
INFOBEAN,20191106,66.7,67.85,65,67.05,662
INFRABEES,20191106,337.98,341.79,336.74,337.98,239
INFRATEL,20191106,222,223.95,216.2,221.15,13269159
INFY,20191106,695.8,721.5,692,712.3,21372589
INGERRAND,20191106,620.15,628.9,618.35,621.25,15859
INOXLEISUR,20191106,374,380,361.1,363.95,187306
INOXWIND,20191106,35.85,36.5,34.3,35.5,165331
INSECTICID,20191106,558.3,567.2,555.2,563.75,4318
INSPIRISYS,20191106,46.05,48,43.15,46.65,2588
INTEGRA,20191106,0.25,0.25,0.25,0.25,55
INTELLECT,20191106,145.3,159,141.6,154.35,1981104
INTENTECH,20191106,33.45,33.45,30.7,31.1,8000
INVENTURE,20191106,14.7,14.7,13.5,13.55,23052
IOB,20191106,10.1,10.5,10.1,10.25,1467646
IOC,20191106,137.35,138.15,135.3,135.6,10621064
IOLCP,20191106,203.5,206.7,200.25,201.45,243977
IPAPPM,20191106,318,318,290,309.9,27165
IPCALAB,20191106,997.95,1025,991.85,1011.15,82767
IRB,20191106,75.35,75.7,73.05,73.75,896058
IRCON,20191106,415.9,415.9,398.9,400.6,92052
IRCTC,20191106,885,895,881,884.3,990090
ISEC,20191106,307,308.55,295.25,298.15,195778
ISFT,20191106,87,89.9,84.95,89.9,2408
ISMTLTD,20191106,4.25,4.25,4.05,4.15,15416
ITC,20191106,262.95,263.8,260,261.35,8857419
ITDC,20191106,356.8,373.9,350,359.95,176389
ITDCEM,20191106,57.3,60.05,57.3,57.3,782449
ITI,20191106,89.15,90.7,88,88.9,723394
IVC,20191106,4,4.1,3.8,3.85,233746
IVP,20191106,67.5,67.95,64.7,67.95,300
IVZINGOLD,20191106,3545,3545,3499.95,3499.95,10
IZMO,20191106,30.7,31.45,29.7,30.05,5820
J&KBANK,20191106,32.3,32.35,31.4,31.65,613704
JAGRAN,20191106,55.8,56.7,52,54.65,356779
JAGSNPHARM,20191106,28.3,28.9,26.7,27.8,70913
JAIBALAJI,20191106,19.05,20.25,19,19.2,2680
JAICORPLTD,20191106,95.5,99.35,93.7,97,7246790
JAINSTUDIO,20191106,1.9,1.95,1.85,1.85,1021
JAMNAAUTO,20191106,45.3,46.5,45,45.45,991073
JASH,20191106,113.1,118.65,113.1,117.15,1158
JAYAGROGN,20191106,135.5,136.9,133.95,134.75,4627
JAYBARMARU,20191106,223.7,223.7,216,217.75,96843
JAYNECOIND,20191106,3.7,3.85,3.65,3.85,4960
JAYSREETEA,20191106,50.05,50.2,49.5,49.7,23470
JBCHEPHARM,20191106,368,368.7,359.5,363.7,50382
JBFIND,20191106,7.25,7.6,7.15,7.2,20568
JBMA,20191106,226.65,232,221.7,230,65108
JCHAC,20191106,2016.1,2044.75,1965,1999.95,13350
JHS,20191106,16.75,18.7,16.1,18.3,118790
JIKIND,20191106,0.3,0.35,0.25,0.3,33444
JINDALPHOT,20191106,14.6,14.6,13.3,14,5762
JINDALPOLY,20191106,222.5,224.05,220.1,223.05,8856
JINDALSAW,20191106,86.8,87.95,86,86.5,390638
JINDALSTEL,20191106,130,142.25,128.75,134.7,54187219
JINDCOT,20191106,1.65,1.65,1.6,1.6,22017
JINDRILL,20191106,83.05,83.95,80.5,82.4,17684
JINDWORLD,20191106,57.85,63.7,56.7,62.15,166155
JISLDVREQS,20191106,10.55,11,10.5,10.75,37834
JISLJALEQS,20191106,15,15.5,15,15.05,3185072
JITFINFRA,20191106,6.6,6.7,6.55,6.6,2051
JIYAECO,20191106,39.25,40.2,38.55,39.3,176811
JKCEMENT,20191106,1135.4,1148.8,1123.75,1139.55,19694
JKIL,20191106,152,152,148.65,149.95,97929
JKLAKSHMI,20191106,311.5,311.5,303.1,306.65,98263
JKPAPER,20191106,118.95,121.65,118,120.1,648447
JKTYRE,20191106,72.35,76.5,71.75,72.35,1075264
JMA,20191106,25.9,25.9,24.3,24.3,380
JMCPROJECT,20191106,117,117,113,114.75,126881
JMFINANCIL,20191106,82.8,83.85,80.7,81.95,278831
JMTAUTOLTD,20191106,1.3,1.3,1.3,1.3,6311
JOCIL,20191106,100,102.9,97.6,100.4,4140
JPASSOCIAT,20191106,2.3,2.3,2.1,2.1,13564112
JPINFRATEC,20191106,1.25,1.3,1.25,1.3,1762631
JPOLYINVST,20191106,11.45,11.45,10.6,11.05,5234
JPPOWER,20191106,1.1,1.15,1.1,1.1,1582995
JSL,20191106,36,36.4,35.45,35.85,347258
JSLHISAR,20191106,71.45,72.9,69.65,70.65,89138
JSWENERGY,20191106,73,77,72,75.1,1944970
JSWHL,20191106,2560,2599.9,2550,2571.75,703
JSWSTEEL,20191106,245.95,251.3,244.3,248.25,7121343
JTEKTINDIA,20191106,90.6,92.75,90,90.25,54157
JUBILANT,20191106,542,544.15,532.15,534.85,105894
JUBLFOOD,20191106,1571,1578,1548.8,1557.75,478733
JUBLINDS,20191106,113.5,113.5,110.95,112.5,10875
JUMPNET,20191106,70.15,70.4,68.1,69.85,360395
JUNIORBEES,20191106,294,296.76,293.01,296.64,55924
JUSTDIAL,20191106,570.95,574.75,561.5,564.7,1231888
JYOTHYLAB,20191106,177,177.7,167.5,170.05,728300
KABRAEXTRU,20191106,70.85,71,69.1,69.3,4421
KAJARIACER,20191106,541.9,542.6,523.55,530,497872
KAKATCEM,20191106,167.55,179,159.1,162.15,76615
KALPATPOWR,20191106,442.95,445,437.05,438.75,100949
KALYANIFRG,20191106,173.95,173.95,170,170.95,179
KAMATHOTEL,20191106,37.8,37.8,36.55,36.8,43539
KAMDHENU,20191106,107.25,111.25,107.25,108.1,20041
KANANIIND,20191106,3.05,3.05,2.75,2.75,2571
KANORICHEM,20191106,45.3,45.3,44.2,44.6,6636
KANSAINER,20191106,532,535,519.6,532,100864
KARDA,20191106,152,163,150.5,160.85,109592
KARMAENG,20191106,9.9,10.45,9.3,9.95,1807
KARURVYSYA,20191106,59.15,60.1,58.4,59.25,1189334
KAUSHALYA,20191106,0.5,0.55,0.45,0.45,12250
KAYA,20191106,414.9,414.9,397.45,406.65,5212
KCP,20191106,67.45,69.1,67,68.4,48145
KCPSUGIND,20191106,14,14.6,13.85,14,484657
KDDL,20191106,354.95,364,345,349.4,1666
KEC,20191106,270.95,270.95,265.7,267.6,196798
KECL,20191106,13.45,13.45,13.45,13.45,13552
KEI,20191106,546,546,522.1,525.5,180141
KELLTONTEC,20191106,17.65,18.2,17.4,17.5,76228
KENNAMET,20191106,1123.65,1130.95,1093.6,1109.15,4398
KERNEX,20191106,24.15,24.15,21.95,22.35,1626
KESARENT,20191106,39,41,38.1,38.25,15027
KESORAMIND,20191106,62.1,63.5,61.05,61.35,738938
KEYFINSERV,20191106,27.3,27.3,27,27,445
KGL,20191106,0.35,0.4,0.35,0.4,552147
KHADIM,20191106,247.9,249.25,243.1,243.75,12635
KHAITANLTD,20191106,17.25,18.95,17.2,18.9,1541
KICL,20191106,1672,1675,1638.05,1651.4,1134
KILITCH,20191106,132.95,135.75,128.65,131.9,10395
KINGFA,20191106,679.15,683.95,671.15,671.3,1222
KIOCL,20191106,128.2,130,126,127.85,27972
KIRIINDUS,20191106,399.2,404.45,392,393.8,60916
KIRLOSBROS,20191106,148.05,148.5,146.05,147.65,5132
KIRLOSENG,20191106,167.05,169.85,166.15,167.15,17323
KIRLOSIND,20191106,655.75,659.5,640.05,644.35,1556
KITEX,20191106,86.95,94.7,85.15,91.3,175330
KKCL,20191106,975.15,999,975,985.55,286
KMSUGAR,20191106,6.7,6.9,6.6,6.65,61973
KNRCON,20191106,241.9,244.05,236,241.25,101007
KOHINOOR,20191106,10.4,10.4,10.35,10.4,7921
KOKUYOCMLN,20191106,75.5,79.5,74.85,79.15,30516
KOLTEPATIL,20191106,257.3,262.9,255,256.7,58651
KOPRAN,20191106,30.7,30.7,29.25,29.65,36909
KOTAKBANK,20191106,1556.45,1587.95,1541,1571.05,2247235
KOTAKBKETF,20191106,309,314.28,307.07,313.55,28848
KOTAKGOLD,20191106,337.15,341.45,337.15,339.35,56166
KOTAKNIFTY,20191106,123,124,122.56,123.59,41912
KOTAKNV20,20191106,59.1,59.45,57.2,59.4,18402
KOTAKPSUBK,20191106,250.7,254.8,244.7,250.37,11542
KOTARISUG,20191106,10.5,10.65,10.2,10.45,40066
KOTHARIPET,20191106,17.1,17.1,16.7,17.1,5699
KOTHARIPRO,20191106,61.9,63.25,61.35,61.55,4149
KPITTECH,20191106,92.1,92.3,89.15,89.8,135661
KPRMILL,20191106,647,659.95,642,656.05,5240
KRBL,20191106,212.15,216,209.3,210.4,97409
KREBSBIO,20191106,88,92,88,90.25,230
KRIDHANINF,20191106,4.9,4.9,4.9,4.9,12329
KRISHANA,20191106,53.05,53.05,53.05,53.05,185
KSB,20191106,715,738,692.95,722.3,21775
KSCL,20191106,531.8,541.6,528.5,535.3,123458
KSERASERA,20191106,0.1,0.1,0.05,0.1,469718
KSK,20191106,0.65,0.7,0.6,0.7,807142
KSL,20191106,210.1,227.75,210.1,224.85,229355
KTIL,20191106,34.6,34.6,30.85,32.05,3218
KTKBANK,20191106,77.5,79,77.1,78.1,410723
KUANTUM,20191106,499.95,499.95,470,470,49
KWALITY,20191106,2.9,2.9,2.9,2.9,327328
L&TFH,20191106,95.3,96.9,94.15,95.85,6173175
LAKSHVILAS,20191106,18.6,18.6,17.2,18.6,8858889
LALPATHLAB,20191106,1460,1502.7,1460,1487.35,91183
LAMBODHARA,20191106,31,31,29.9,30.3,9093
LAOPALA,20191106,165.7,168.7,163.85,165.05,10793
LASA,20191106,18.8,18.95,18.15,18.9,16107
LAURUSLABS,20191106,369.95,378.95,368,370.75,60963
LAXMIMACH,20191106,3495,3543.15,3451.1,3459.7,7157
LEMONTREE,20191106,62.25,62.25,59,59.25,544106
LFIC,20191106,55.95,55.95,46.55,55.25,971
LGBBROSLTD,20191106,297.55,299.9,292,296.95,4154
LGBFORGE,20191106,2.4,2.5,2.35,2.45,24219
LIBAS,20191106,51.75,51.95,51.25,51.9,57200
LIBERTSHOE,20191106,122,123,120,121.5,85157
LICHSGFIN,20191106,421.4,430,419.85,425.7,1946934
LICNETFGSC,20191106,21.49,21.49,20.81,21.39,1392
LICNETFN50,20191106,123,124.9,123,123,66
LICNETFSEN,20191106,500.5,500.5,500.5,500.5,1
LICNFNHGP,20191106,125,136,124.15,124.15,202
LINCOLN,20191106,159.25,162.95,158.05,159.25,10970
LINCPEN,20191106,207.05,209.7,187.95,205.2,11528
LINDEINDIA,20191106,560.1,563.95,551.15,553.15,4814
LIQUIDBEES,20191106,1000,1000.01,999.99,1000,614458
LIQUIDETF,20191106,999.99,1000.01,999.99,999.99,50519
LOKESHMACH,20191106,36.4,37.35,34.5,37.1,68149
LOTUSEYE,20191106,20.4,20.95,20,20.9,576
LOVABLE,20191106,71.4,71.4,68.05,69.55,8825
LPDC,20191106,1.85,1.85,1.75,1.75,937
LSIL,20191106,0.5,0.6,0.5,0.55,1226893
LT,20191106,1440,1466.95,1437.75,1453.05,2434431
LTI,20191106,1661,1661,1638.7,1645.15,29011
LTTS,20191106,1502.9,1510.75,1445,1452.8,137922
LUMAXIND,20191106,1252,1278,1250.05,1260.35,1342
LUMAXTECH,20191106,101,104.7,100.8,102.25,20431
LUPIN,20191106,757.75,787.6,740.2,771.45,4844748
LUXIND,20191106,1218,1236,1194.85,1211.9,47975
LYKALABS,20191106,17.35,17.4,16.75,17,5658
LYPSAGEMS,20191106,4.3,4.4,4.05,4.25,5894
M&M,20191106,590.25,590.3,577.1,579.8,2763550
M&MFIN,20191106,349.9,352.85,342.65,345.3,711807
M100,20191106,17.6,17.6,17.25,17.3,77695
M50,20191106,115.88,117.65,115.88,117.41,1358
MAANALU,20191106,64,66,64,64.45,2497
MADHAV,20191106,23.95,25,22.4,23.3,8116
MADHUCON,20191106,4.4,4.55,4.25,4.4,26209
MADRASFERT,20191106,20.45,20.65,20.25,20.45,115920
MAGADSUGAR,20191106,115.4,118.25,108.1,109.25,54475
MAGMA,20191106,53.7,53.7,48.6,49.2,68839
MAGNUM,20191106,3.75,3.75,3.65,3.75,290
MAHABANK,20191106,12.5,12.5,11.9,12.15,690370
MAHAPEXLTD,20191106,78.75,83,78.75,78.85,1553
MAHASTEEL,20191106,156.5,159.95,150.35,152.05,17310
MAHESHWARI,20191106,242.95,242.95,237,240.5,19628
MAHINDCIE,20191106,153.55,154.35,149.85,150.7,427807
MAHLIFE,20191106,402.85,411.75,396.45,399.45,60681
MAHLOG,20191106,384,384,370,375.8,262591
MAHSCOOTER,20191106,4706.55,4877,4620.3,4810.55,8054
MAHSEAMLES,20191106,375.35,377.9,365.25,372,2835
MAITHANALL,20191106,460,465,450.4,459.3,14912
MAJESCO,20191106,418,427,415,422.95,18654
MALUPAPER,20191106,24.9,24.9,24.1,24.45,14246
MAN50ETF,20191106,120.5,121.8,120.35,121.8,12029
MANAKALUCO,20191106,4.7,5.25,4.6,4.95,27606
MANAKCOAT,20191106,3.9,4.2,3.9,4.1,1272
MANAKSIA,20191106,38.3,38.8,37.15,38.2,13289
MANAKSTEEL,20191106,11.65,11.65,10.5,10.6,3924
MANALIPETC,20191106,18.3,18.5,17.85,18.35,154476
MANAPPURAM,20191106,166,169.15,161.65,167.65,3490732
MANGALAM,20191106,34.1,36.15,34.1,34.15,21068
MANGCHEFER,20191106,29.55,29.55,28.8,29.05,35393
MANGLMCEM,20191106,320.65,323,317.65,318.55,13135
MANGTIMBER,20191106,5.5,5.5,5.3,5.3,19728
MANINDS,20191106,45.75,45.75,44.55,45.4,21368
MANINFRA,20191106,26.25,27,25.3,26.15,181202
MANUGRAPH,20191106,15.5,15.9,15.35,15.35,1110
MARALOVER,20191106,26.25,26.3,22.85,22.85,25566
MARATHON,20191106,80.95,84,78.2,82.45,17973
MARICO,20191106,368,368.5,360.9,367.8,1293956
MARKSANS,20191106,14.95,15.15,14.6,14.75,802179
MARUTI,20191106,7395,7415,7295,7311.15,923041
MASFIN,20191106,702.15,724,690,713.85,5783
MASTEK,20191106,335,335,325,327.8,14146
MATRIMONY,20191106,513.5,515.05,499.1,502.25,3685
MAWANASUG,20191106,36.3,36.75,34.5,34.95,172436
MAXINDIA,20191106,79.5,79.7,75.05,75.5,235319
MAXVIL,20191106,38.9,38.95,38,38.55,23377
MAYURUNIQ,20191106,222.5,222.6,211.2,214.05,10540
MAZDA,20191106,358,363.9,352,354.8,15013
MBAPL,20191106,75,75,73,73,225
MBECL,20191106,3.9,3.9,3.75,3.9,3635
MBLINFRA,20191106,5.75,5.75,5.25,5.25,47985
MCDHOLDING,20191106,18.2,18.95,18,18.5,24634
MCDOWELL-N,20191106,626.55,642.45,623.5,639.7,1282547
MCLEODRUSS,20191106,7.45,7.55,7.05,7.15,182012
MCX,20191106,1146.1,1147.15,1107,1117.45,634311
MEGASOFT,20191106,7.4,7.4,6.6,6.95,21399
MEGH,20191106,56.35,59.25,56.1,58.55,4085963
MELSTAR,20191106,0.85,0.85,0.85,0.85,150
MENONBE,20191106,58.9,59.5,57.5,57.85,5734
MEP,20191106,33.75,35.4,32,34.25,281731
MERCATOR,20191106,1.2,1.2,1.1,1.2,1809443
METALFORGE,20191106,8.95,8.95,8.15,8.95,60500
METROPOLIS,20191106,1488,1488,1395,1404.85,21503
MFSL,20191106,428.5,443.45,423.65,438.7,1136020
MGL,20191106,960.45,980,960,976,350120
MHRIL,20191106,249,253,236.7,238.6,126065
MIC,20191106,0.7,0.75,0.65,0.75,95692
MIDHANI,20191106,168.35,170.3,162.05,165.7,772061
MINDACORP,20191106,102,102.65,97.05,98.35,332322
MINDAIND,20191106,368.8,368.8,358.5,365.6,70527
MINDTECK,20191106,32.85,32.85,32.2,32.4,3213
MINDTREE,20191106,708.95,710.35,704,705.1,228752
MIRCELECTR,20191106,8,8.5,7.95,8.35,238077
MIRZAINT,20191106,59.35,59.8,58.8,59.3,83582
MMFL,20191106,400.8,407.9,391.25,397.1,3509
MMTC,20191106,19.4,19.4,18.75,18.9,856927
MODIRUBBER,20191106,42.35,44.45,42.35,42.35,335
MOHITIND,20191106,5.2,5.2,5.15,5.15,290
MOHOTAIND,20191106,9.45,9.45,8.7,8.7,23260
MOIL,20191106,142.85,144.25,141.25,142.25,184825
MOLDTECH,20191106,52.55,52.55,49.2,49.85,16310
MOLDTKPAC,20191106,306.95,307,294.7,299.65,34073
MONTECARLO,20191106,232.05,237.2,232.05,234.2,6871
MORARJEE,20191106,15.4,15.7,13.6,15.1,11681
MOREPENLAB,20191106,17,17.3,16.9,17,375959
MOTHERSUMI,20191106,125.55,132.5,124.8,131.8,20052401
MOTILALOFS,20191106,663.05,684.3,659.3,668.45,123647
MOTOGENFIN,20191106,34.2,36.85,34.2,35.65,752
MPHASIS,20191106,915,920.45,908.1,915.15,63133
MPSLTD,20191106,530,532,490.15,521.65,42097
MRF,20191106,63880,64163.15,63365.05,63637.75,3245
MRO-TEK,20191106,30.3,30.3,28.15,29.95,423
MRPL,20191106,50.5,51.5,49.75,50.7,525964
MSPL,20191106,5.95,5.95,5.5,5.7,4442
MSTCLTD,20191106,124.4,126.8,120,122.9,585325
MTEDUCARE,20191106,25.7,25.75,23.4,23.4,52203
MTNL,20191106,9.25,9.25,9.25,9.25,204475
MUKANDENGG,20191106,12.35,12.35,11.8,12.1,1723
MUKANDLTD,20191106,34.1,35,34,34,11454
MUKTAARTS,20191106,40.05,40.15,39.6,39.9,4624
MUNJALAU,20191106,45.2,47.9,44.6,45.9,203038
MUNJALSHOW,20191106,140,140,135.4,136.1,13785
MURUDCERA,20191106,15.7,17.9,15.7,16.5,157489
MUTHOOTCAP,20191106,478,488.1,463.8,471.1,39821
MUTHOOTFIN,20191106,700.55,704.3,678.6,690.15,713743
MVL,20191106,0.1,0.1,0.05,0.1,527749
N100,20191106,574.8,574.9,572.12,574.6,39324
NACLIND,20191106,27.75,28.95,27.75,28.65,9487
NAGAFERT,20191106,3.65,3.65,3.5,3.65,104538
NAGAROIL,20191106,0.25,0.25,0.2,0.25,169453
NAGREEKCAP,20191106,6.8,7,6.8,7,28
NAGREEKEXP,20191106,14.65,15.7,14.65,14.75,1478
NAHARCAP,20191106,73.55,75.5,73.45,74.55,1845
NAHARINDUS,20191106,26.3,27.5,26.3,27.3,3620
NAHARPOLY,20191106,34.5,34.95,34.25,34.7,150
NAHARSPING,20191106,52.05,53,51.65,52.95,2273
NATCOPHARM,20191106,586.35,591.8,577.15,581.1,74763
NATHBIOGEN,20191106,329,336.2,329,332.2,7057
NATIONALUM,20191106,46.75,47.1,46.05,46.65,4588579
NATNLSTEEL,20191106,1.8,1.9,1.8,1.9,15771
NAUKRI,20191106,2494,2570.35,2474.2,2524.1,143394
NAVINFLUOR,20191106,860,879.95,840.15,847.55,32998
NAVKARCORP,20191106,35.6,35.95,33.3,34.15,121183
NAVNETEDUL,20191106,100.7,101.4,99.55,99.95,28488
NBCC,20191106,37.3,38.95,37.25,38.4,16057915
NBIFIN,20191106,1498,1510,1377.6,1473.85,1475
NBVENTURES,20191106,72.25,72.7,72,72.15,37445
NCC,20191106,57.3,57.85,55.55,55.95,21440277
NCLIND,20191106,93.5,94.5,91,91.3,118463
NDGL,20191106,574.95,574.95,560,568.65,204
NDL,20191106,34.3,36,34.15,35,11845
NDTV,20191106,33.9,33.9,31.7,31.95,17167
NECCLTD,20191106,5.55,5.55,5.15,5.25,6138
NECLIFE,20191106,14.3,14.9,14.1,14.45,84974
NELCAST,20191106,44,44.9,43.35,44.05,51932
NELCO,20191106,243,250.5,242,249.3,46103
NEOGEN,20191106,379,381.95,374.5,377.9,8114
NESCO,20191106,560.2,570,559.65,561.9,6744
NESTLEIND,20191106,14675,14821,14588.65,14649.65,78659
NETF,20191106,120.61,121.83,120.61,121.83,24
NETFCONSUM,20191106,54.64,54.84,54.12,54.42,1658
NETFDIVOPP,20191106,30.24,30.32,30.19,30.23,1025
NETFLTGILT,20191106,20.09,20.12,20.09,20.12,2905
NETFMID150,20191106,61.28,62.49,61.28,61.64,119583
NETFNIF100,20191106,124.38,125.41,123.19,124.42,68
NETFNV20,20191106,590,594.56,587.84,593.97,748
NETWORK18,20191106,22.7,23.8,22.7,23.6,124856
NEULANDLAB,20191106,495,501.1,490,492.35,9209
NEWGEN,20191106,181.5,188.25,181.5,186.15,30438
NEXTMEDIA,20191106,10.4,12,10.4,10.75,35633
NFL,20191106,28.95,28.95,27.3,27.6,893404
NH,20191106,288.7,289.95,277.65,280.2,71453
NHPC,20191106,23.8,23.85,23.3,23.45,2445951
NIACL,20191106,157,161.85,153.1,158.05,536666
NIBL,20191106,7.95,7.95,7.25,7.7,5594
NIFTYBEES,20191106,1264,1268.8,1255,1264.75,34510
NIFTYEES,20191106,15480,15480,15150.45,15200,5
NIITLTD,20191106,97.2,98.45,97,97.9,236210
NIITTECH,20191106,1559.35,1576.5,1547.45,1566.4,91192
NILAINFRA,20191106,4.85,5,4.8,4.9,64942
NILASPACES,20191106,1.3,1.35,1.3,1.35,60465
NILKAMAL,20191106,1232.2,1250,1220,1227.55,10045
NIPPOBATRY,20191106,448,453.95,443,451.25,230
NITCO,20191106,23.05,24.6,23.05,24.1,500204
NITINSPIN,20191106,55,57.6,53.55,56.6,20312
NKIND,20191106,27.25,27.25,25.9,26,632
NLCINDIA,20191106,56.25,57.5,55.15,56.1,1382246
NMDC,20191106,112.3,114.95,110.5,113.45,4859630
NOCIL,20191106,111.05,112.5,104.4,107.35,1621082
NOIDATOLL,20191106,4.05,4.2,4,4.15,7165
NPBET,20191106,164,171,164,170,94
NRAIL,20191106,226,231,226,228.5,5054
NRBBEARING,20191106,105.25,107.05,104.1,105,36800
NSIL,20191106,835,859.95,833.95,836.65,410
NTL,20191106,0.3,0.4,0.3,0.35,11013
NTPC,20191106,120.1,121.75,119.95,120.65,5317553
NUCLEUS,20191106,305.6,306.95,302.2,303.85,12319
OAL,20191106,192,199.95,192,196.4,477
OBEROIRLTY,20191106,504,514.95,498,505,505760
OCCL,20191106,994.95,1009.8,990,996.15,4105
OFSS,20191106,3112.1,3150,3109.8,3132.4,6307
OIL,20191106,169.5,171.9,167.65,169.85,469291
OILCOUNTUB,20191106,6.6,6.8,6.2,6.55,17264
OISL,20191106,4.3,4.5,4.15,4.5,41475
OLECTRA,20191106,191.25,192.85,187,189.5,26499
OMAXAUTO,20191106,50.4,50.45,47,49,9782
OMAXE,20191106,186.5,186.9,184.85,185.55,711224
OMKARCHEM,20191106,5,5.05,4.85,4.85,13248
OMMETALS,20191106,21.15,21.15,19.45,20.75,34811
ONELIFECAP,20191106,6,6,6,6,100
ONEPOINT,20191106,11.65,14.2,11.15,11.65,5177
ONGC,20191106,146.35,148,143.85,144.65,6207456
ONMOBILE,20191106,36.6,40.2,35.8,39.1,710884
ONWARDTEC,20191106,65.5,67.75,63.1,67.3,10599
OPTIEMUS,20191106,46.4,46.4,46.4,46.4,769
OPTOCIRCUI,20191106,4.1,4.25,4.05,4.2,388452
ORBTEXP,20191106,90.15,92,90,90.7,2388
ORICONENT,20191106,20.8,20.8,19.85,20.05,94163
ORIENTABRA,20191106,19.9,20.15,19.5,19.85,29855
ORIENTALTL,20191106,13.6,13.7,13.25,13.25,8206
ORIENTBANK,20191106,54.4,54.9,53.2,53.95,842245
ORIENTBELL,20191106,128,142,126,131.35,137547
ORIENTCEM,20191106,81.8,83.65,81,81.5,215749
ORIENTELEC,20191106,195.7,195.7,185.75,187.3,234317
ORIENTHOT,20191106,36.05,36.95,35.5,36.6,20579
ORIENTLTD,20191106,105.95,108.9,98.2,100.55,911
ORIENTPPR,20191106,27.2,27.7,26.7,27.2,192081
ORIENTREF,20191106,226.9,226.9,216.25,218.25,14217
ORISSAMINE,20191106,1214.9,1449.65,1193.75,1393.45,281247
ORTINLABSS,20191106,11.15,11.2,10,10.05,15548
OSWALAGRO,20191106,6.05,6.1,5.7,5.8,9234
PAEL,20191106,4.05,4.05,3.8,3.8,21347
PAGEIND,20191106,24000,24120,23737.1,23896.65,15894
PAISALO,20191106,454.35,466.9,453.8,459.65,13827
PALASHSECU,20191106,30.15,33.8,30.15,31.05,651
PALREDTEC,20191106,21,22.4,20.5,21.7,9237
PANACEABIO,20191106,137,140,135.15,136.45,20394
PANAMAPET,20191106,67.85,72.2,65.5,69.5,30875
PAPERPROD,20191106,245.1,250.05,245.1,249.25,9098
PARABDRUGS,20191106,1.25,1.25,1.25,1.25,2641
PARACABLES,20191106,9.1,9.45,8.9,9,43156
PARAGMILK,20191106,137.95,139.35,136.5,137.9,147747
PARSVNATH,20191106,2.5,2.5,2.4,2.45,392445
PATELENG,20191106,17.65,17.65,17.65,17.65,108736
PATINTLOG,20191106,22.3,24.4,22.3,22.85,11451
PATSPINLTD,20191106,6.25,6.4,5.95,6.35,681
PCJEWELLER,20191106,32.4,36.3,31.85,34.95,30882414
PDMJEPAPER,20191106,17.25,17.3,16.1,16.35,54013
PDPL,20191106,2.75,2.75,2.55,2.55,349
PDSMFL,20191106,317,320,316,320,762
PEARLPOLY,20191106,9.7,10,9.55,10,7194
PEL,20191106,1714.8,1748.15,1692,1736,1115056
PENIND,20191106,27.9,28.3,27.25,27.4,110465
PENINLAND,20191106,4.7,4.95,4.5,4.8,319883
PERSISTENT,20191106,597.9,602.5,587.5,602,46359
PETRONENGG,20191106,6.7,6.7,6.3,6.55,897
PETRONET,20191106,287,289,284.6,288.25,1786788
PFC,20191106,110.25,111.95,109.05,111,6655768
PFIZER,20191106,4035,4084,3999,4006.95,14625
PFOCUS,20191106,65.7,74.9,63.25,72.1,208287
PFS,20191106,13.35,13.6,13.2,13.3,319422
PGEL,20191106,43.85,43.85,41,41.15,44903
PGHH,20191106,11873.95,12039.95,11700,11755.4,2713
PGHL,20191106,4698.95,4810,4656.2,4719.1,13513
PGIL,20191106,154,170,150.05,166.6,5914
PHILIPCARB,20191106,121,124.5,121,122.3,594405
PHOENIXLTD,20191106,708.9,715.45,694.55,700,139305
PIDILITIND,20191106,1396.8,1397.4,1368.6,1371.1,485868
PIIND,20191106,1389.8,1404.75,1383,1387.95,73779
PILANIINVS,20191106,1845,1845,1790,1794.7,2459
PILITA,20191106,5.35,5.75,5.3,5.6,72162
PIONDIST,20191106,129.8,136.7,128.9,136.7,16515
PIONEEREMB,20191106,28.75,28.85,27.9,28.15,3559
PIRPHYTO,20191106,22,23.1,22,22.15,2204
PITTIENG,20191106,42.9,43,41.55,42.15,15819
PKTEA,20191106,131.15,139.7,131.05,132,412
PLASTIBLEN,20191106,177,177,172,173.9,1195
PNB,20191106,64.45,65.1,63.3,64.25,33999037
PNBGILTS,20191106,30.2,30.2,29.55,29.75,142626
PNBHOUSING,20191106,570.5,577.95,548.3,557.15,681301
PNC,20191106,14.5,14.5,13.65,13.75,571
PNCINFRA,20191106,170.05,173.95,166,170.1,175200
PODDARHOUS,20191106,403,403,380,385.75,128
PODDARMENT,20191106,174.45,178.4,172.4,175.65,933
POKARNA,20191106,171.85,172.9,166.7,170.05,12250
POLYCAB,20191106,856,874.6,843.5,854.35,146288
POLYMED,20191106,207.9,207.9,202,203.95,75307
POLYPLEX,20191106,494.7,503,487.85,497.1,50498
PONNIERODE,20191106,123.5,128,115.5,125.8,8625
POWERGRID,20191106,195.4,196.5,194.7,195.1,5165670
POWERMECH,20191106,696.85,696.9,663,664.5,3451
PPAP,20191106,188.9,188.95,182,183.1,10700
PPL,20191106,78.2,81.9,78.2,79.55,33353
PRABHAT,20191106,87.15,87.95,86.6,86.95,15201
PRADIP,20191106,0.65,0.65,0.55,0.55,2110
PRAENG,20191106,7.05,7.9,7.05,7.6,27346
PRAJIND,20191106,114.7,116.85,112.25,112.75,2838650
PRAKASH,20191106,51.9,53.4,51,51.35,401785
PRAKASHSTL,20191106,0.2,0.2,0.15,0.2,25851
PRAXIS,20191106,61.05,64,61.05,62.65,2638
PRECAM,20191106,36.4,37.45,31.85,32.1,141781
PRECOT,20191106,34.75,34.75,28.25,29.8,1451
PRECWIRE,20191106,191.95,193.3,186.4,187.85,9027
PREMEXPLN,20191106,167.05,169.3,165.55,167.35,3409
PREMIER,20191106,2.3,2.4,2.2,2.2,910
PREMIERPOL,20191106,18.5,18.6,18.5,18.55,417
PRESSMN,20191106,21,21.55,20.75,21.35,12576
PRESTIGE,20191106,310,316,302.5,307.65,949191
PRICOLLTD,20191106,34.6,35.7,33.95,34.25,83411
PRIMESECU,20191106,49.6,49.8,46.05,47.45,22970
PROSEED,20191106,0.25,0.3,0.25,0.3,50893
PROVOGE,20191106,0.9,0.9,0.9,0.9,22731
PROZONINTU,20191106,21.45,21.8,20.65,21.65,35936
PRSMJOHNSN,20191106,77.5,77.5,71.5,72.4,436907
PSB,20191106,20.25,20.25,19.55,19.6,70675
PSL,20191106,0.55,0.65,0.55,0.65,13517
PSPPROJECT,20191106,541,554.35,535.05,540.6,27765
PSUBNKBEES,20191106,277,279.39,268.95,277.07,5644
PTC,20191106,57.45,57.9,56.45,57.15,778125
PTL,20191106,37,38,37,37.55,8821
PUNJABCHEM,20191106,531,547.55,526,540.8,1333
PURVA,20191106,65.5,66,64.2,64.55,175597
PVR,20191106,1771,1777,1750,1753.8,240731
QGOLDHALF,20191106,1682,1687.7,1680,1686.65,682
QNIFTY,20191106,1223.5,1230,1220.5,1230,37
QUESS,20191106,510,515,505.3,510.15,144413
QUICKHEAL,20191106,128,146.8,126.55,143.5,1690517
RADAAN,20191106,1.2,1.3,1.2,1.3,300
RADICO,20191106,328,332.45,307.65,313.75,1174434
RADIOCITY,20191106,30.45,30.9,29.05,30.4,48825
RAIN,20191106,99.95,103.8,97.25,101.5,805943
RAJESHEXPO,20191106,675.5,676.7,667,669,323122
RAJSREESUG,20191106,18,18.25,17.05,17.25,13952
RAJTV,20191106,44,44,41.5,42,9041
RALLIS,20191106,169.7,171.1,167.55,168.25,119198
RAMANEWS,20191106,15.65,16.25,15.5,15.5,21258
RAMASTEEL,20191106,47.9,48.65,47.15,47.5,2175
RAMCOCEM,20191106,791.8,807,786.15,802.65,720969
RAMCOIND,20191106,188.8,193.2,187.25,188.9,25430
RAMCOSYS,20191106,159.9,160.05,151.8,152.3,70146
RAMKY,20191106,47.55,48,47.4,47.55,24768
RANASUG,20191106,2.65,2.75,2.6,2.65,265780
RANEENGINE,20191106,209.05,219,208.5,210.8,3283
RANEHOLDIN,20191106,885.4,890,877.5,879.35,1683
RATNAMANI,20191106,948,954.45,928.9,930.65,9086
RAYMOND,20191106,600.9,635,598.1,627.9,949562
RBL,20191106,508.6,518.9,507.9,514.25,5352
RBLBANK,20191106,298,307.8,296.4,304.7,9234744
RCF,20191106,52.4,53.85,52.05,53.15,924060
RCOM,20191106,0.7,0.75,0.65,0.7,15570433
RECLTD,20191106,135.8,139,134.4,137.7,3709150
REDINGTON,20191106,122.2,123,111.2,114.15,441460
REFEX,20191106,45.8,47,44.9,44.9,82279
RELAXO,20191106,564.3,574.9,564.3,570.8,135150
RELCAPITAL,20191106,22.8,23.4,22.25,23.4,2790030
RELIANCE,20191106,1442.7,1446.45,1428.5,1434.9,6686289
RELIGARE,20191106,53.9,54.95,52.6,54.95,509162
RELINFRA,20191106,42.4,42.45,41,42.45,1651762
REMSONSIND,20191106,91.8,91.8,82.2,84.9,20544
RENUKA,20191106,8.05,8.25,7.9,7.95,897305
REPCOHOME,20191106,297,302.7,294.1,296.05,30587
REPRO,20191106,631.55,654.9,631.55,641.1,6140
RESPONIND,20191106,92,94.35,91.2,92.55,144951
REVATHI,20191106,379.4,380,360.15,364.1,624
RGL,20191106,257.75,257.75,250.9,251.7,1251
RHFL,20191106,5.75,5.75,5.75,5.75,30843
RICOAUTO,20191106,49.5,52.5,48.05,49.5,881082
RIIL,20191106,288.5,307,288.5,299,1144484
RITES,20191106,284,286.5,281.25,281.9,188790
RKDL,20191106,6.3,6.3,5.75,6,1055
RKFORGE,20191106,295,302,291,297.1,32237
RMCL,20191106,3.9,3.95,3.8,3.95,207212
RML,20191106,261,264.9,256.25,257.1,4992
RNAM,20191106,334,339.5,331.45,334.85,1590398
RNAVAL,20191106,4.05,4.05,4.05,4.05,280682
ROHITFERRO,20191106,0.65,0.65,0.65,0.65,1005
ROHLTD,20191106,83.15,84,81.5,82.3,23153
ROLLT,20191106,2,2.2,2,2.15,7000
ROLTA,20191106,5.05,5.3,5,5.15,85226
ROSSELLIND,20191106,63,66.35,62.05,62.95,3424
RPGLIFE,20191106,296.15,315,296.15,302.8,195326
RPOWER,20191106,4.2,4.4,3.9,4.4,29752639
RPPINFRA,20191106,90.05,90.8,88,89.3,982
RSSOFTWARE,20191106,23.05,23.05,21.15,21.75,20415
RSWM,20191106,104.85,106.2,103.35,104.5,5926
RSYSTEMS,20191106,49.7,50.6,48.4,49.6,8902
RTNINFRA,20191106,1.5,1.5,1.5,1.5,50820
RTNPOWER,20191106,1.65,1.7,1.6,1.65,820184
RUBYMILLS,20191106,184.5,184.5,172.65,181.75,1014
RUCHINFRA,20191106,1.95,1.95,1.95,1.95,2906
RUCHIRA,20191106,79.25,82,78.8,80.05,39128
RUCHISOYA,20191106,3.75,3.75,3.65,3.75,513515
RUPA,20191106,183.4,187.7,178.15,179.5,15977
RUSHIL,20191106,95.2,100.45,95.15,98.55,14315
RVNL,20191106,24.05,24.05,23.8,23.85,4713743
SABTN,20191106,1.55,1.6,1.5,1.55,8685
SADBHAV,20191106,131.8,132.85,128.85,130.05,18738
SADBHIN,20191106,41.5,43.25,40.5,41,2199
SAFARI,20191106,574.05,574.85,563.3,564.7,1132
SAGARDEEP,20191106,58.9,59.7,56.05,59.65,11597
SAGCEM,20191106,576.35,599.4,575.05,586.1,5256
SAIL,20191106,38.85,39.7,38.6,39.3,25722198
SAKAR,20191106,51.95,52.45,51.5,52.4,12531
SAKHTISUG,20191106,8.95,9,8.45,8.85,37895
SAKSOFT,20191106,240,244.9,237.2,240.5,7967
SAKUMA,20191106,7.05,7.1,7,7.05,36436
SALASAR,20191106,112,131.45,110.95,129.9,178091
SALONA,20191106,65.05,72,65,69.85,513
SALSTEEL,20191106,2.5,2.6,2.5,2.5,5380
SALZERELEC,20191106,124.25,125.35,123.1,124.4,3211
SAMBHAAV,20191106,3.1,3.6,3.1,3.25,116598
SANCO,20191106,15.7,16.25,15.6,15.6,13651
SANDESH,20191106,610,649,599.2,611.9,391
SANDHAR,20191106,236.15,243,236.1,240.6,12324
SANGAMIND,20191106,44.5,52.85,44.1,50.35,60151
SANGHIIND,20191106,43.95,44.3,43.5,44,58998
SANGHVIMOV,20191106,74.7,75,73.1,73.5,17107
SANGINITA,20191106,146.5,148.95,144,147,166091
SANOFI,20191106,6638,6650,6480,6501.75,5132
SANWARIA,20191106,2.05,2.1,2,2.05,5307825
SARDAEN,20191106,189.7,199,185.7,195.5,90745
SAREGAMA,20191106,397.6,413.7,397.05,400.25,7404
SARLAPOLY,20191106,20.45,20.6,19.95,20.15,57945
SASKEN,20191106,638.65,654.9,623,639.65,44905
SASTASUNDR,20191106,87,89.85,87,89.25,1280
SATHAISPAT,20191106,3.15,3.3,3,3,32050
SATIA,20191106,80.9,88,77.5,78.3,53239
SATIN,20191106,232,249.7,226,236.2,289956
SBIETFQLTY,20191106,101.3,102.25,101,101.94,1217
SBILIFE,20191106,974.45,980,941.55,968.95,1420970
SBIN,20191106,318.95,318.95,314,317.55,32157080
SCAPDVR,20191106,0.4,0.45,0.4,0.45,22820
SCHAEFFLER,20191106,4258.4,4268.65,4150,4160.25,11691
SCHAND,20191106,71.7,72,66.2,67.3,26158
SCHNEIDER,20191106,76.45,77.7,73,73.8,73569
SCI,20191106,58.55,60.5,58,58.3,2725319
SDBL,20191106,119.8,122,117.1,120.6,3762
SEAMECLTD,20191106,389.9,428,389.9,421.1,22672
SELAN,20191106,147,148.95,144.3,145.65,22361
SELMCL,20191106,0.75,0.8,0.7,0.75,223807
SEPOWER,20191106,3.35,3.5,3,3,14309
SEQUENT,20191106,74.7,74.7,70.7,71.4,186902
SESHAPAPER,20191106,180.6,180.95,177.3,178,16007
SETCO,20191106,15.2,15.75,15,15.3,78212
SETF10GILT,20191106,191,191,191,191,23
SETFGOLD,20191106,3468.95,3474.4,3450,3456.8,1218
SETFNIF50,20191106,122.68,123.5,121.95,123.05,55839
SETFNIFBK,20191106,307,309.7,303,308.81,58850
SETFNN50,20191106,291.75,294.34,290.3,293.46,16318
SETUINFRA,20191106,1.4,1.5,1.4,1.45,16484
SEYAIND,20191106,219.95,219.95,195,198.55,11892
SFL,20191106,1242.85,1255,1240.1,1249.65,2775
SGL,20191106,8,8.25,7.75,8,4491
SHAHALLOYS,20191106,8.85,9,8.5,8.85,2868
SHAKTIPUMP,20191106,263.7,263.7,258,258.35,13595
SHALBY,20191106,115,117.35,112.65,114.4,29384
SHALPAINTS,20191106,98.7,102.95,97.1,98,87686
SHANKARA,20191106,358.6,368,352.5,354.3,28421
SHANTIGEAR,20191106,102,102,99,101.1,5616
SHARDACROP,20191106,270.35,282,270.35,277.75,3205
SHARDAMOTR,20191106,1089.75,1119,1084.95,1104.5,1197
SHARIABEES,20191106,262.61,263,261.9,262.2,1121
SHEMAROO,20191106,182.95,182.95,175,179.6,7372
SHILPAMED,20191106,303.9,325.65,301,311.2,27156
SHIRPUR-G,20191106,6.7,6.7,6.7,6.7,72306
SHIVAMAUTO,20191106,26.4,26.75,25.45,26.05,121253
SHIVAMILLS,20191106,35.7,37,34.55,34.8,2211
SHIVATEX,20191106,119,119,112,114.9,1360
SHK,20191106,126.8,129.8,120.45,126.25,86445
SHOPERSTOP,20191106,370,370.95,366,367.8,4670
SHREDIGCEM,20191106,21.7,22.3,21.35,21.8,237827
SHREECEM,20191106,19830,19913.1,19601,19801,18853
SHREEPUSHK,20191106,98.35,104,95.8,100.9,36133
SHREERAMA,20191106,3.95,3.95,3.75,3.95,15882
SHRENIK,20191106,58.5,58.7,56.5,57.7,50050
SHREYANIND,20191106,120.9,123.95,120.05,121.55,5049
SHREYAS,20191106,83.35,83.4,78,81.4,10095
SHRIPISTON,20191106,778,778,720.2,722.6,21762
SHRIRAMCIT,20191106,1344,1344.7,1325.8,1337.2,111797
SHRIRAMEPC,20191106,7.35,7.35,7.1,7.1,360052
SHYAMCENT,20191106,2.75,2.85,2.65,2.85,6638
SICAGEN,20191106,18.7,19.15,18.3,19.05,11186
SICAL,20191106,22.55,22.55,22.55,22.55,10247
SIEMENS,20191106,1680,1708.95,1660.1,1682.75,589679
SIGIND,20191106,22.6,23.45,22.6,23,26497
SIL,20191106,11.2,11.65,10.65,11.65,744
SILINV,20191106,147,147,141.05,142.1,3368
SIMBHALS,20191106,7,7,6.5,6.85,3291
SIMPLEXINF,20191106,56.4,57.6,55.1,55.8,219625
SINTEX,20191106,0.65,0.65,0.65,0.65,1954461
SIRCA,20191106,182.4,182.4,172,175.7,7062
SIS,20191106,897.7,904.75,876.25,887.3,2290
SITINET,20191106,1.8,1.8,1.8,1.8,13621
SIYSIL,20191106,255.6,255.6,230,236.4,16202
SJVN,20191106,24.5,24.65,24.35,24.5,1705368
SKFINDIA,20191106,2151.05,2169,2143.05,2160.1,6828
SKIL,20191106,4.85,4.85,4.75,4.8,2400
SKIPPER,20191106,59.45,59.45,58,58.8,39675
SKMEGGPROD,20191106,43.8,43.8,40.3,41.5,30732
SMARTLINK,20191106,83,88.95,83,87.25,2869
SMLISUZU,20191106,562,562,542,558.9,4808
SMSLIFE,20191106,308,309.6,297.15,309.6,4616
SMSPHARMA,20191106,40.1,41.5,40.1,40.7,60572
SNOWMAN,20191106,38,43.85,37.1,39.4,1561283
SOBHA,20191106,418.45,438.6,418.4,433.35,448060
SOLARA,20191106,419.85,425,413.25,417.5,9698
SOLARINDS,20191106,1060.1,1069.35,1039.65,1059.1,20935
SOMANYCERA,20191106,182.7,184.4,178,179.4,62097
SOMATEX,20191106,2.9,3,2.9,3,260
SOMICONVEY,20191106,14.5,15,14.5,14.65,481
SONATSOFTW,20191106,315.8,315.8,310.5,312.95,127820
SORILINFRA,20191106,109,110.7,108,110.7,21770
SOTL,20191106,945,954.95,945,948,286
SOUTHBANK,20191106,10.95,11.15,10.8,11,3925694
SOUTHWEST,20191106,16.95,17.3,16.5,17.3,49526
SPAL,20191106,203.3,218,200,217.1,15962
SPANDANA,20191106,1172,1264,1159.3,1240.95,145556
SPARC,20191106,151,159.8,148.55,152.9,4259828
SPCENET,20191106,1.05,1.05,0.95,0.95,93971
SPECIALITY,20191106,79.2,80,77.3,78.65,15710
SPENCERS,20191106,71.55,72.05,70.15,70.75,76113
SPENTEX,20191106,0.3,0.35,0.3,0.35,5667
SPIC,20191106,21.2,21.2,20.7,20.75,22110
SPICEJET,20191106,116.9,116.9,114.3,115,598557
SPLIL,20191106,30.8,31.25,30,30.2,21766
SPMLINFRA,20191106,11.8,11.8,11.8,11.8,32858
SPTL,20191106,1.45,1.45,1.45,1.45,422269
SPYL,20191106,0.25,0.3,0.25,0.3,32496
SREEL,20191106,175.85,175.85,170.3,172.25,2735
SREINFRA,20191106,9.5,9.5,9.5,9.5,122264
SRF,20191106,2955,3128.35,2931.6,3067.1,1433435
SRHHYPOLTD,20191106,101.45,105.85,101.45,103.3,3290
SRIPIPES,20191106,174.65,175.85,171.4,172.2,104513
SRTRANSFIN,20191106,1137.15,1152.65,1130,1139.45,984275
SSWL,20191106,764.65,777,764.1,770.05,4124
STAMPEDE,20191106,0.7,0.7,0.65,0.65,31854
STAR,20191106,399,404.5,391.5,393.55,433624
STARCEMENT,20191106,96.5,104.95,94.8,96.65,82527
STARPAPER,20191106,105.95,108.55,104.3,105.95,60270
STCINDIA,20191106,66,68.3,66,66.5,53480
STEELCITY,20191106,29.05,32.9,29.05,31.95,1098
STEELXIND,20191106,11.6,12.25,11.4,11.65,3254
STEL,20191106,71.45,71.45,70,70.9,4143
STERTOOLS,20191106,190,197.45,180.55,192.7,9962
STINDIA,20191106,6.05,6.05,6.05,6.05,75
STRTECH,20191106,131.95,133.2,130.25,131.2,656896
SUBEX,20191106,5.5,5.5,5.3,5.35,251311
SUBROS,20191106,250,250.1,244,245.1,11761
SUDARSCHEM,20191106,404,404.5,392,393.8,135783
SUJANAUNI,20191106,0.15,0.2,0.15,0.2,224081
SUMEETINDS,20191106,2.2,2.2,1.95,2.2,309342
SUMIT,20191106,21,21,20.5,21,1430
SUMMITSEC,20191106,460,460,445.2,448.95,1801
SUNCLAYLTD,20191106,2186.05,2199.4,2106.65,2179.8,2044
SUNDARAM,20191106,1.4,1.4,1.3,1.35,331372
SUNDARMFIN,20191106,1585,1600.1,1572.15,1597,83994
SUNDARMHLD,20191106,68,70.2,67.65,68.05,31527
SUNDRMBRAK,20191106,246,249.7,243,247.2,2183
SUNDRMFAST,20191106,462.6,465.8,455.45,464.2,29651
SUNFLAG,20191106,27.6,28.05,27.1,27.25,83620
SUNPHARMA,20191106,432.4,452.9,422.1,427.9,15917528
SUNTECK,20191106,439.95,451.35,435,440.3,144793
SUNTV,20191106,521.7,530.85,520.55,524.45,851007
SUPERHOUSE,20191106,92.65,92.65,90.15,91.85,827
SUPERSPIN,20191106,4.2,4.45,4.1,4.2,30598
SUPPETRO,20191106,174.3,176.7,169,169.95,23518
SUPRAJIT,20191106,181.3,188.8,180.3,182.45,29384
SUPREMEIND,20191106,1163,1163,1115.5,1137.95,20850
SURANASOL,20191106,6.1,6.1,5.85,5.9,11530
SURANAT&P,20191106,3.45,3.5,3.4,3.5,6134
SURYALAXMI,20191106,17.95,18.9,16.9,17.9,4380
SURYAROSNI,20191106,178.7,182.8,177.8,179.95,30812
SUTLEJTEX,20191106,30.25,30.7,29.6,30.3,11394
SUVEN,20191106,277,289,275,285.9,263272
SUZLON,20191106,2.85,2.95,2.8,2.85,9723020
SWANENERGY,20191106,103.8,104,102.25,102.9,87154
SWARAJENG,20191106,1145.4,1145.4,1100,1106.55,6328
SWELECTES,20191106,118,122,116.5,116.95,5797
SWSOLAR,20191106,555.5,559.95,548,558.35,32251
SYMPHONY,20191106,1270.1,1276.65,1250,1252.45,6382
SYNCOM,20191106,0.95,1,0.9,0.95,15850
SYNDIBANK,20191106,28.9,29.2,28.3,29,735324
SYNGENE,20191106,331.9,333.2,325.1,327.8,438536
TAINWALCHM,20191106,53.9,53.9,51.15,51.8,686
TAJGVK,20191106,173.95,186.6,166.35,179.35,466003
TAKE,20191106,113.5,114.3,111,112.35,144934
TALBROAUTO,20191106,120.9,126.65,117.65,121.05,11430
TALWALKARS,20191106,4.65,4.65,4.65,4.65,3304
TALWGYM,20191106,4.7,4.7,4.7,4.7,3753
TANLA,20191106,45,46.3,44.6,45.3,106970
TARAPUR,20191106,4.2,4.2,4.2,4.2,160
TARMAT,20191106,24.65,25.55,24.25,25.3,7476
TASTYBITE,20191106,10410,10500,10100.25,10311.85,256
TATACHEM,20191106,637,650.8,635,643.55,583987
TATACOFFEE,20191106,83.55,84,82.3,82.75,144537
TATACOMM,20191106,360,365,355.55,358.65,31880
TATAELXSI,20191106,810,823.3,807.6,810.2,426033
TATAGLOBAL,20191106,300,305.8,299,299.9,3708046
TATAINVEST,20191106,830.05,842.45,825,835.4,14148
TATAMETALI,20191106,604.9,612.05,595,606.9,42042
TATAMOTORS,20191106,172,176.35,170.5,174.5,28923778
TATAMTRDVR,20191106,80.35,81.7,79.2,80.35,4973920
TATAPOWER,20191106,58.7,59.25,57.9,58.9,8233444
TATASTEEL,20191106,402,408.9,398.7,404.45,17935147
TATASTLBSL,20191106,25.55,25.85,25.25,25.7,595778
TATASTLLP,20191106,404.9,411,403.3,405.95,13617
TBZ,20191106,44.9,45.9,43.6,43.75,183705
TCI,20191106,284.65,293,282,288.15,25301
TCIDEVELOP,20191106,340.05,374.45,340.05,350,35
TCIEXP,20191106,797,804,765.1,770.3,26293
TCIFINANCE,20191106,8.95,9.35,8.5,9.05,4896
TCNSBRANDS,20191106,745.05,749.95,725,735.35,2981
TCPLPACK,20191106,278.05,284.4,271.35,281.95,4100
TCS,20191106,2200,2210.8,2179,2188.5,2540719
TDPOWERSYS,20191106,146.05,149,145.5,147.55,5423
TEAMLEASE,20191106,2824.1,2888.25,2765.95,2844.35,6933
TECHIN,20191106,3.05,3.35,3.05,3.1,824
TECHM,20191106,784,784,767.6,771.9,9486591
TECHNOE,20191106,274.75,284,265.2,277.3,6202
TECHNOFAB,20191106,24,24,24,24,1854
TEJASNET,20191106,79.8,83.95,76.6,79.65,115711
TERASOFT,20191106,27.35,27.35,25.65,26.75,10566
TEXINFRA,20191106,44.05,45.85,43.85,44.75,16360
TEXMOPIPES,20191106,15.95,16.1,15.8,15.85,21778
TEXRAIL,20191106,44.7,44.75,43.55,43.75,117331
TFCILTD,20191106,81.65,81.75,76.35,79.25,64911
TFL,20191106,3.8,4.2,3.7,3.85,5993
TGBHOTELS,20191106,3.5,3.65,3.5,3.5,49197
THANGAMAYL,20191106,351.1,356.05,341.4,350,7129
THEINVEST,20191106,132.05,132.05,126.5,126.55,1449
THEMISMED,20191106,273.1,299,273.1,297.5,2703
THERMAX,20191106,1149.95,1149.95,1124,1128.8,17991
THOMASCOOK,20191106,129.1,129.35,123.5,125.95,310524
THYROCARE,20191106,569.05,596.8,555.5,588.25,54910
TI,20191106,13.4,13.8,13.3,13.4,22958
TIDEWATER,20191106,4904.05,4988.4,4904.05,4930.95,704
TIIL,20191106,346.1,350.05,335,340.6,3344
TIINDIA,20191106,451.7,451.7,439.05,445.65,210900
TIJARIA,20191106,8.9,8.9,8.55,8.7,1106
TIL,20191106,197,202.45,193.5,198.15,1487
TIMESGTY,20191106,35.4,35.4,31,35,581
TIMETECHNO,20191106,66.5,66.75,64.6,64.85,198910
TIMKEN,20191106,870,898.95,859.1,875.1,62101
TINPLATE,20191106,122,123.4,120.85,121.95,226484
TIPSINDLTD,20191106,70,74,69.1,70.9,1395
TIRUMALCHM,20191106,66.85,69.8,66.1,67.6,458534
TITAN,20191106,1165,1199,1150,1156.1,18294122
TMRVL,20191106,18.2,18.2,17.35,18.2,17824
TNPETRO,20191106,36,36.85,35.65,35.9,28571
TNPL,20191106,194.75,194.75,188.5,190.05,100077
TNTELE,20191106,1.25,1.3,1.25,1.3,2235
TOKYOPLAST,20191106,78.2,80,75.5,78.15,9763
TORNTPHARM,20191106,1802.8,1835,1802,1815.8,106179
TORNTPOWER,20191106,288.95,299,283.55,291,6581062
TPLPLASTEH,20191106,125.25,132.7,125.25,129.85,494
TREEHOUSE,20191106,5.7,6.05,5.7,5.85,39931
TREJHARA,20191106,15.15,16,15.15,16,3891
TRENT,20191106,555,557.15,535,537.7,173245
TRF,20191106,111.75,112.9,108.05,108.75,21043
TRIDENT,20191106,66.2,67.4,65.8,65.95,1309720
TRIGYN,20191106,52.45,53.5,52.2,52.5,15457
TRIL,20191106,7.7,7.8,7.5,7.55,126020
TRITURBINE,20191106,104.9,106.5,100.5,102.45,51136
TRIVENI,20191106,69,69.9,66.55,67.05,887552
TTKHLTCARE,20191106,510,514.4,490,496.35,1145
TTKPRESTIG,20191106,6249.7,6249.7,6119,6132.95,3437
TTL,20191106,43,44,42.5,43.4,1125
TTML,20191106,2.7,2.7,2.6,2.65,184549
TV18BRDCST,20191106,24.2,24.75,23.8,23.9,1465897
TVSELECT,20191106,126.05,131,123.3,126.25,15174
TVSMOTOR,20191106,458.85,464.1,454.55,460.7,1168437
TVSSRICHAK,20191106,1877.75,1883.9,1857.65,1876.95,1612
TVTODAY,20191106,297.5,299.25,288.2,296.85,36922
TVVISION,20191106,1.45,1.45,1.35,1.35,302
TWL,20191106,45.45,45.95,44.2,44.7,2766972
UBL,20191106,1215.2,1277.05,1194.2,1257.45,3227234
UCALFUEL,20191106,129.4,129.4,126.85,127.8,6385
UCOBANK,20191106,13.85,13.9,13.1,13.75,671820
UFLEX,20191106,203.1,207.95,203.05,204.85,25360
UFO,20191106,141.4,141.4,131.1,138.3,70025
UGARSUGAR,20191106,14.35,14.4,13.6,13.75,403492
UJAAS,20191106,3.2,3.3,3.2,3.25,48222
UJJIVAN,20191106,280.4,281,274.5,277.35,1425824
ULTRACEMCO,20191106,4160,4176.9,4116.05,4135.65,417808
UMANGDAIRY,20191106,39.45,39.45,38.1,39,4158
UNICHEMLAB,20191106,173.6,173.6,164.9,165.8,67198
UNIENTER,20191106,68,69,67,68.75,1662
UNIONBANK,20191106,57.05,58.05,56.2,57.3,8444342
UNIPLY,20191106,21.9,21.9,21.9,21.9,208240
UNITECH,20191106,0.55,0.6,0.55,0.55,8004495
UNITEDBNK,20191106,9.45,9.5,9.1,9.2,571830
UNITEDTEA,20191106,263.1,283.05,262.5,277.2,213
UNIVCABLES,20191106,189.85,190.85,180.1,182.95,41380
UPL,20191106,611,615,603.85,606.6,2513814
URJA,20191106,1.7,1.7,1.7,1.7,191540
USHAMART,20191106,30.5,31.1,30.4,30.55,311848
UTINEXT50,20191106,292,293,284.1,287.16,180
UTINIFTETF,20191106,1260.8,1268.95,1260.74,1264.86,92
UTISENSETF,20191106,426,429.49,421,425,313
UTISXN50,20191106,312.95,312.95,304.05,304.05,119
UTTAMSTL,20191106,8.95,9,8.1,8.35,170427
UTTAMSUGAR,20191106,113.5,113.85,104.1,105.55,534002
UVSL,20191106,0.05,0.1,0.05,0.05,3508677
V2RETAIL,20191106,119.7,119.7,113.65,114.2,29278
VADILALIND,20191106,766.5,777,752.55,757,13830
VAIBHAVGBL,20191106,793,809.95,793,801.25,5202
VAKRANGEE,20191106,40.15,41.5,39.1,40.3,4781223
VARDHACRLC,20191106,36.2,36.25,35.65,35.7,8236
VARDMNPOLY,20191106,1.75,1.75,1.7,1.7,4305
VARROC,20191106,485,492.95,484.9,486.8,6543
VASCONEQ,20191106,13.9,14.95,13.75,14.6,341876
VASWANI,20191106,4.9,5.3,4.75,5.15,6124
VBL,20191106,706.5,783.8,702.1,755.1,2731934
VEDL,20191106,157,161.15,156.7,157.95,12911295
VENKEYS,20191106,1729,1808.9,1725,1782.45,302260
VENUSREM,20191106,25.5,25.85,24.3,24.9,70563
VESUVIUS,20191106,985.15,1010.95,981,1008.1,12879
VETO,20191106,49.75,49.75,46,47.05,31314
VGUARD,20191106,246.85,249.95,242.5,243.5,284335
VHL,20191106,1440,1465,1435,1465,297
VICEROY,20191106,1.5,1.5,1.4,1.5,84028
VIDHIING,20191106,65.95,66.1,63.4,65.75,11543
VIJIFIN,20191106,0.45,0.45,0.4,0.45,53937
VIKASECO,20191106,2.9,3.1,2.8,3.1,1168323
VIKASMCORP,20191106,3.9,3.9,3.6,3.9,345170
VIKASPROP,20191106,4.1,4.1,4.1,4.1,2442
VIKASWSP,20191106,10.1,10.3,9.9,9.95,181898
VIMTALABS,20191106,116,117.5,112.15,116.35,12192
VINATIORGA,20191106,2159.4,2175,2085.35,2092.05,43825
VINDHYATEL,20191106,929.95,940,891.35,915.7,5224
VINYLINDIA,20191106,64.85,66,64.5,64.6,9684
VIPCLOTHNG,20191106,7.3,7.3,7,7.05,120777
VIPIND,20191106,466,467.5,453.5,455.45,200354
VIPULLTD,20191106,27.5,27.55,26.5,26.55,93242
VISAKAIND,20191106,265.35,270.45,262,262.8,29713
VISASTEEL,20191106,6.25,6.25,5.75,6,16020
VISESHINFO,20191106,0.1,0.1,0.05,0.05,918644
VISHAL,20191106,321.9,321.9,319,319,46615
VISHNU,20191106,138.75,158,125.15,138.15,4708
VISHWARAJ,20191106,72.75,83.8,72.5,82.3,468993
VIVIDHA,20191106,0.15,0.2,0.15,0.15,63601
VIVIMEDLAB,20191106,14.25,14.8,13.4,13.75,106810
VLSFINANCE,20191106,55.6,57.7,55.1,55.25,15379
VMART,20191106,1858.85,1858.85,1735,1748.65,22121
VOLTAMP,20191106,1088.8,1088.8,1019,1030.95,18651
VOLTAS,20191106,678,689.65,670.1,673.1,1918668
VRLLOG,20191106,266.85,269.55,263.75,265.15,25244
VSSL,20191106,69.95,70.9,67.3,70.65,1498
VSTIND,20191106,3910,4053.45,3910,3997.05,26035
VSTTILLERS,20191106,1260.1,1297.7,1260.1,1286.15,5768
VTL,20191106,978.8,978.8,886.05,889.65,9535
WABAG,20191106,186,187.95,180,181.55,110522
WABCOINDIA,20191106,6156.95,6174.8,6145,6158.95,5841
WALCHANNAG,20191106,66.7,71.45,66.7,68.95,1380614
WANBURY,20191106,12.95,13.55,12.6,13.55,2909
WATERBASE,20191106,108.75,128.75,108.75,128.75,741668
WEBELSOLAR,20191106,26.95,26.95,26.95,26.95,52947
WEIZFOREX,20191106,279.4,288.95,270,279.55,1229
WEIZMANIND,20191106,24.2,25,22.65,23.3,2305
WELCORP,20191106,137.9,142.4,137.15,139.95,2018800
WELENT,20191106,87.05,89.95,86.25,87.75,179585
WELINV,20191106,220,230,201.3,204.05,1526
WELSPUNIND,20191106,55.5,58.25,55.1,56.9,541370
WENDT,20191106,3150,3160,3106.2,3130.2,120
WESTLIFE,20191106,354.05,400,348.8,391.1,159074
WHEELS,20191106,662,662,610.5,620.55,5187
WHIRLPOOL,20191106,2145,2178.9,2120,2132.65,41466
WILLAMAGOR,20191106,15.45,16.45,15.25,15.25,5099
WINDMACHIN,20191106,20.1,21.8,20,20.7,17376
WIPL,20191106,58.5,58.5,58.5,58.5,12
WIPRO,20191106,259,259.45,256.05,256.85,1627619
WOCKPHARMA,20191106,295.9,312,295.1,300.7,1353164
WONDERLA,20191106,285.8,285.8,276.1,278.15,14579
WSI,20191106,0.85,0.9,0.85,0.9,505
WSTCSTPAPR,20191106,229,233.8,228,229.35,62254
XCHANGING,20191106,55.1,56.9,54.3,54.5,28901
XELPMOC,20191106,69.7,75,65.35,73.7,2327
XLENERGY,20191106,0.4,0.45,0.35,0.45,28030
XPROINDIA,20191106,26.9,26.9,23.5,24.15,16271
YESBANK,20191106,68.55,71.15,67.55,68.7,226082900
ZEEL,20191106,285.15,303.9,282.75,285.8,28483062
ZEELEARN,20191106,21.6,22.1,21,21.95,70971
ZEEMEDIA,20191106,6.15,6.15,6.15,6.15,250957
ZENITHBIR,20191106,0.7,0.7,0.6,0.7,39871
ZENITHEXPO,20191106,35.25,47.9,35.25,41.25,2540
ZENSARTECH,20191106,190.95,192,186.05,187.2,35986
ZENTEC,20191106,66.05,68.1,66,66.15,67686
ZICOM,20191106,1.3,1.3,1.25,1.3,43580
ZODIACLOTH,20191106,194.95,194.95,188,190.85,913
ZODJRDMKJ,20191106,38.75,38.75,34.75,35.8,9193
ZOTA,20191106,188.45,188.5,184.3,184.95,23336
ZUARI,20191106,93.25,96.9,92.85,94.6,38967
ZUARIGLOB,20191106,61.95,61.95,59,60.1,14165
ZYDUSWELL,20191106,1673,1679.15,1635.05,1669.8,4645
NSENIFTY,20191106,11911.50,12002.90,11850.25,11966.05,603351290,0
NIFTYJUNIOR,20191106,28449.60,28613.10,28292.60,28534.20,421184653,0
NIFTYMIDCAPLIQ15,20191106,3895.45,3919.75,3869.60,3886.30,52204220,0
NSE100,20191106,12051.60,12139.60,11991.05,12104.20,1029509863,0
NIFTY200,20191106,6140.55,6182.65,6110.90,6164.05,1402093472,0
NSE500,20191106,9694.85,9750.55,9646.10,9721.35,1691221588,0
NSEMIDCAP150,20191106,6165.65,6175.60,6136.80,6150.60,394508914,0
MIDCAP50,20191106,4595.05,4625.00,4566.00,4599.45,342172056,0
NSEMIDCAP,20191106,16693.75,16761.15,16622.10,16681.60,372583609,0
NIFTYSMALLCAP250,20191106,-,-,-,4772.15,-,0
NIFTYSMALLCAP50,20191106,-,-,-,2774.90,-,0
NSESMLCAP100,20191106,5771.70,5774.80,5726.55,5734.45,-,0
NIFTYLARGEMIDCAP250,20191106,-,-,-,5922.15,1424018777,0
NIFTYMIDSMALLCAP400,20191106,-,-,-,5657.60,-,0
NIFTYAUTO,20191106,8273.30,8304.10,8195.60,8258.85,91021450,0
BANKNIFTY,20191106,30225.20,30699.00,30013.65,30609.60,403957809,0
NIFTYFINSERVICE,20191106,13684.25,13860.70,13571.35,13828.45,155266407,0
NIFTYFMGC,20191106,32360.60,32543.05,32181.90,32393.00,29055223,0
NSEIT,20191106,15554.05,15647.05,15440.40,15561.30,40153010,0
NIFTYMEDIA,20191106,1840.05,1879.90,1825.70,1832.80,78720036,0
NIFTYMETAL,20191106,2613.90,2656.70,2608.80,2633.45,149055760,0
NIFTYPHARMA,20191106,7877.00,8061.95,7861.65,7926.35,56678120,0
NIFTYPVTBANK,20191106,16590.20,16887.10,16487.40,16833.70,307365227,0
NIFTYPSUBANK,20191106,2536.20,2540.50,2491.25,2520.30,141797400,0
NIFTYREALTY,20191106,271.45,275.95,271.10,274.05,20936842,0
NIFTYCOMMODITIES,20191106,3449.50,3466.65,3435.05,3451.60,201782812,0
NIFTYCONSUMPTION,20191106,5115.55,5123.45,5093.85,5101.10,101575978,0
NIFTYCPSE,20191106,2038.15,2047.50,2025.30,2029.90,69569029,0
NIFTYENERGY,20191106,16247.75,16294.15,16159.40,16209.10,55022379,0
NIFTY100ESG,20191106,-,-,-,2219.23,899034153,0
NIFTY100ENHESG,20191106,-,-,-,2248.02,852036418,0
NIFTYINFRA,20191106,3290.85,3303.80,3273.75,3286.90,136923612,0
NIFTYMNC,20191106,14111.40,14171.30,14041.25,14111.20,213939928,0
NIFTYPSE,20191106,3402.35,3421.10,3395.45,3404.10,130455366,0
NIFTYSMEEMERGE,20191106,-,-,-,1377.46,672900,0
NIFTYSERVSECTOR,20191106,16612.45,16791.65,16504.20,16748.20,485714724,0
NIFTYSHARIAH25,20191106,-,-,-,4512.26,106352031,0
NIFTY50SHARIAH,20191106,-,-,-,2548.69,109544708,0
NIFTY500SHARIAH,20191106,-,-,-,3022.38,306695212,0
NIFTYABGROUP,20191106,-,-,-,2848.89,185414778,0
NIFTYMAHINDRA,20191106,-,-,-,10264.85,13845420,0
NIFTYTATA,20191106,-,-,-,6971.11,89459475,0
NIFTYTATA25CAP,20191106,-,-,-,4805.46,82926623,0
NIFTYABGROUP,20191106,-,-,-,2848.89,185414778,0
NIFTYLIQ15,20191106,3769.60,3790.70,3739.25,3766.05,427789936,0
NIFTY500VALUE50,20191106,-,-,-,3716.05,292430462,0
NIFTYALPHALOWVOL30,20191106,-,-,-,12157.33,140680154,0
NIFTYQUALLOWVOL30,20191106,-,-,-,8665.44,97261826,0
NIFTYALPHAQUALLOWVOL30,20191106,-,-,-,9852.21,111912985,0
NIFTYALPHAQUALVALLOWVOL30,20191106,-,-,-,7488.82,110296119,0
NIFTY50EQUALWEIGHT,20191106,12445.00,12517.70,12407.30,12460.95,603351290,0
NIFTY100EQUALWEIGHT,20191106,13369.60,13440.20,13313.90,13397.20,1029509863,0
NIFTY100LOWVOL30,20191106,9114.35,9152.40,9069.10,9112.50,115480675,0
NIFTY50DIVPOINT,20191106,117.35,117.35,117.35,117.35,-,0
NIFTYDIVOPPS50,20191106,2633.00,2649.30,2624.55,2638.00,227115073,0
NIFTYALPHA50,20191106,12776.90,12853.45,12734.80,12801.40,158903192,0
NIFTY50ARBITRAGE,20191106,-,-,-,1868.05,-,0
NIFTY50FUTINDEX,20191106,-,-,-,4062.13,-,0
NIFTY50FUTTRINDEX,20191106,-,-,-,12075.41,-,0
NIFTYHIGHBETA50,20191106,-,-,-,1348.27,947337227,0
NIFTYLOWVOL50,20191106,-,-,-,10675.74,-,0
NIFTY200QUALITY30,20191106,-,-,-,10053.65,-,0
NIFTY50VALUE20,20191106,5541.35,5570.60,5522.80,5547.95,351752405,0
NIFTYGROWSECT15,20191106,6336.15,6391.70,6300.25,6370.05,94702509,0
NIFTY50TR2XLEV,20191106,6639.90,6741.70,6571.75,6700.75,-,0
NIFTY50PR2XLEV,20191106,5108.35,5186.65,5055.90,5155.15,-,0
NIFTY50TR1XINV,20191106,342.45,344.20,339.85,340.90,-,0
NIFTY50PR1XINV,20191106,390.40,392.40,387.40,388.60,-,0
NIFTY-GS-COMPSITE,20191106,2043.93,2047.10,2043.71,2046.75,-,0
NIFTY-GS-4-8YR,20191106,2132.72,2136.38,2132.72,2136.31,-,0
NIFTY-GS-8-13YR,20191106,2009.55,2012.54,2009.18,2012.03,-,0
NIFTY-GS-10YR,20191106,1854.46,1858.91,1854.46,1858.12,-,0
NIFTY-GS-10YR-CLN,20191106,946.20,948.48,946.20,948.08,-,0
NIFTY-GS-11-15YR,20191106,2128.84,2131.19,2128.66,2130.31,-,0
NIFTY-GS-15YRPLUS,20191106,2303.78,2304.31,2303.24,2302.68,-,0
VIX,20191106,15.92,16.15,13.38,15.78,0,0
