<ticker>,<date>,<open>,<high>,<low>,<close>,<volume>,<o/i>
20MICRONS,20191101,38.8,38.9,37.3,37.7,39480
21STCENMGM,20191101,13.25,13.25,13.25,13.25,15
3IINFOTECH,20191101,2,2.05,1.95,2,2597619
3MINDIA,20191101,22497.5,22512.05,22100,22202.1,1793
3PLAND,20191101,6.2,6.2,6.2,6.2,1028
5PAISA,20191101,170.55,173,169.05,169.65,3624
63MOONS,20191101,122.05,123.8,119.1,119.8,104787
A2ZINFRA,20191101,8.95,10.7,8.7,10.7,1497561
AARTIDRUGS,20191101,540,545,529,532,6779
AARTIIND,20191101,881.95,881.95,870,877.4,53188
AARVEEDEN,20191101,14.45,14.95,13.9,14.1,8165
AAVAS,20191101,1607,1607,1573,1582.75,7173
ABAN,20191101,26.75,28.05,26.3,28,48916
ABB,20191101,1458.6,1480,1451.65,1458.85,74552
ABBOTINDIA,20191101,11750,11885.05,11597,11620.15,8388
ABCAPITAL,20191101,82.2,84.7,82.2,83,3673750
ABFRL,20191101,213.25,213.25,209.15,211,237461
ABSLNN50ET,20191101,283,292.44,277.7,287.62,1154
ACC,20191101,1573,1575.6,1528,1542.2,887153
ACCELYA,20191101,937,945,930.05,939.25,4526
ACE,20191101,82.05,83,81.6,82.8,102155
ADANIENT,20191101,199,202.4,196.2,200.45,3522957
ADANIGAS,20191101,147.45,148.4,146.8,146.85,381934
ADANIGREEN,20191101,90.25,91,88.1,89.95,937093
ADANIPORTS,20191101,396,397.25,387.85,389.75,3665336
ADANIPOWER,20191101,66.1,68.55,65.6,67.9,9822268
ADANITRANS,20191101,276.65,288,275.6,277.45,657420
ADFFOODS,20191101,294.85,304.7,282.05,299.55,94362
ADHUNIKIND,20191101,123.8,127.5,120.5,122.15,44270
ADLABS,20191101,2.6,2.6,2.6,2.6,8770
ADORWELD,20191101,316,326.8,316,319.45,3068
ADROITINFO,20191101,7.6,7.6,7.1,7.5,6240
ADSL,20191101,13.5,14.1,13.5,13.95,21600
ADVANIHOTR,20191101,57.15,59,56.4,57.65,2959
ADVENZYMES,20191101,185.65,192,183.05,189.45,148682
AEGISCHEM,20191101,172,175.25,171.15,172.2,104301
AFFLE,20191101,1398.45,1428,1385.1,1397.15,60715
AGARIND,20191101,118.8,119,112.15,114.95,21876
AGCNET,20191101,110.1,115.75,110.1,114.95,1160
AGRITECH,20191101,47.1,49.4,46.55,49,11372
AGROPHOS,20191101,116.2,116.6,116.15,116.25,345695
AHLEAST,20191101,186.5,186.9,176.1,184.9,396
AHLUCONT,20191101,315.95,347.6,305.1,309.55,91202
AHLWEST,20191101,275.05,285.35,265,275.45,1274
AIAENG,20191101,1715.75,1740,1672.05,1679.85,15833
AIONJSW,20191101,10,10.2,9.9,9.9,287195
AIRAN,20191101,13,13.25,12.5,12.95,36597
AJANTPHARM,20191101,1050,1074.95,1040.7,1062.8,50455
AJMERA,20191101,123,123.7,120.3,121.15,21968
AKASH,20191101,65,65.2,63,63,2300
AKSHARCHEM,20191101,220.15,224.9,216.7,218.15,3705
AKSHOPTFBR,20191101,7.4,7.55,7.35,7.55,168799
AKZOINDIA,20191101,2143,2143,2072,2090.1,8270
ALANKIT,20191101,15.2,15.8,15,15.8,141116
ALBERTDAVD,20191101,403.8,418,392.1,410.45,17649
ALBK,20191101,26.8,27.75,26.5,27.3,1458180
ALCHEM,20191101,0.8,0.85,0.75,0.75,9930
ALEMBICLTD,20191101,52.15,54.75,51.35,53.8,257279
ALICON,20191101,400,400,390.5,398.65,3143
ALKALI,20191101,44.3,47,44,45.8,3348
ALKEM,20191101,2013.4,2013.4,1985,2000.15,53263
ALKYLAMINE,20191101,878.25,894.7,865,869.55,4656
ALLCARGO,20191101,103.85,104.85,103,103.85,120664
ALLSEC,20191101,305,305,295.1,298.05,559
ALMONDZ,20191101,10,10,9.55,10,826
ALOKTEXT,20191101,1.55,1.55,1.55,1.55,569301
ALPA,20191101,14.5,17.25,14.45,17.25,138431
ALPHAGEO,20191101,193,193,188.1,189.25,7506
ALPSINDUS,20191101,0.35,0.45,0.35,0.4,17174
AMARAJABAT,20191101,686,695.7,678.55,689.75,438764
AMBER,20191101,1053.65,1055,1011.1,1022.65,36853
AMBIKCO,20191101,900,917.15,890.45,909.7,3519
AMBUJACEM,20191101,203,204,199.8,201.6,2770430
AMDIND,20191101,14.5,15.8,14.5,15.4,3596
AMJLAND,20191101,18,19.15,17.95,18.15,15291
AMRUTANJAN,20191101,432.9,432.9,420.3,424.25,22576
ANANTRAJ,20191101,31.85,32.3,31.15,31.8,105779
ANDHRABANK,20191101,17.9,18.65,17.7,18.2,1438380
ANDHRACEMT,20191101,2.45,2.45,2.3,2.35,42719
ANDHRSUGAR,20191101,274.8,281.35,272,274.25,49499
ANIKINDS,20191101,7.5,7.5,7.5,7.5,2498
ANKITMETAL,20191101,0.45,0.5,0.45,0.5,8945
ANSALAPI,20191101,4.6,4.6,4.25,4.45,44817
ANSALHSG,20191101,5.2,5.3,4.95,5.2,42935
ANTGRAPHIC,20191101,0.65,0.7,0.65,0.7,9394
ANUP,20191101,485.2,487.45,475.05,483.4,12394
APARINDS,20191101,525,531.8,506.9,512.55,12258
APCL,20191101,150.9,152.9,146.65,147.75,2160
APCOTEXIND,20191101,166.35,169,164.25,165.15,40184
APEX,20191101,233.9,240.25,227.45,232.2,45862
APLAPOLLO,20191101,1497,1500,1455.3,1481.15,8220
APLLTD,20191101,550,581.9,546,570.7,423092
APOLLO,20191101,72.35,81.55,72,79.45,119486
APOLLOHOSP,20191101,1492.8,1508,1450.1,1460,551152
APOLLOTYRE,20191101,191.4,196.75,188.1,189.2,4995111
APOLSINHOT,20191101,795,795,771,788.15,950
APTECHT,20191101,176,178.4,170.6,171.65,234690
ARCHIDPLY,20191101,28,29,26.5,28.3,12481
ARCHIES,20191101,18.5,18.7,18.25,18.6,15529
ARCOTECH,20191101,1.8,1.8,1.8,1.8,8360
ARIES,20191101,64.35,65.8,62.85,63.9,16165
ARIHANT,20191101,17,18.5,16.3,18.1,3174
ARIHANTSUP,20191101,23.85,25.8,23.75,24.6,789
ARMANFIN,20191101,543.9,543.9,515.1,520.5,4028
AROGRANITE,20191101,42.35,42.6,40.9,41.95,4530
ARROWGREEN,20191101,52.95,53.05,51.65,53,7534
ARROWTEX,20191101,10.75,10.75,9.6,9.95,2250
ARSHIYA,20191101,17.45,18.2,17.45,17.85,18191
ARSSINFRA,20191101,23.85,25.8,23.5,25.4,34412
ARVIND,20191101,50.3,54,50.1,53.5,2364346
ARVINDFASN,20191101,454.05,454.05,439.6,441.3,14794
ARVSMART,20191101,102.4,105,100,102.5,12535
ASAHIINDIA,20191101,211.95,211.95,201.7,207.4,21256
ASAHISONG,20191101,155.6,158,151,156.7,4814
ASAL,20191101,35.05,37,34.05,34.95,11129
ASHAPURMIN,20191101,32.8,32.8,30.4,31.5,22119
ASHIANA,20191101,95.35,97.6,95.25,97.35,32394
ASHIMASYN,20191101,8.15,8.5,8,8,39307
ASHOKA,20191101,103.25,104.15,101.45,101.9,238975
ASHOKLEY,20191101,76.75,77.45,75.2,75.95,24861078
ASIANHOTNR,20191101,100.5,104.05,98.1,99.2,393
ASIANPAINT,20191101,1816,1821,1762,1766.35,1527660
ASIANTILES,20191101,234,241.45,233.1,236.3,21469
ASPINWALL,20191101,144,148.95,144,146,2457
ASTEC,20191101,361,374,355.5,361.65,14434
ASTERDM,20191101,138,147,135.55,141.55,508429
ASTRAL,20191101,1133,1133,1112,1116.6,80249
ASTRAMICRO,20191101,79.75,79.75,76.7,77.2,69454
ASTRAZEN,20191101,2717.9,2743.95,2681.2,2700.95,10933
ASTRON,20191101,48.4,48.4,48.4,48.4,77391
ATFL,20191101,666,666,629.1,636.35,17782
ATLANTA,20191101,7.05,7.05,6.8,6.85,14395
ATUL,20191101,4320,4348.95,4274,4332.4,12649
ATULAUTO,20191101,235,236,228,229.15,27634
AUBANK,20191101,690,695,666.05,688.4,477756
AURIONPRO,20191101,73.1,75.85,72.1,74.45,7954
AUROPHARMA,20191101,472.4,482.9,467.5,480.5,2983662
AUSOMENT,20191101,27.15,29.65,26.1,27.55,2687
AUTOAXLES,20191101,978,980,949,955.2,6236
AUTOIND,20191101,24.5,24.5,24,24.4,15152
AUTOLITIND,20191101,22.45,22.7,20.5,22.05,22243
AVADHSUGAR,20191101,307,319.65,304.6,306.8,415712
AVANTIFEED,20191101,454.9,455.75,441.75,451,215498
AVTNPL,20191101,25.85,25.85,24.6,24.8,32232
AXISBANK,20191101,736,750,728.1,748.3,8484197
AXISCADES,20191101,67.7,72.6,61.35,70.35,187144
AXISGOLD,20191101,3398,3414,3390.35,3398.7,386
AXISNIFTY,20191101,1230.36,1230.36,1219.08,1227.1,64
AYMSYNTEX,20191101,33.7,33.9,32.5,32.55,3544
BAGFILMS,20191101,1.75,1.85,1.75,1.75,211896
BAJAJ-AUTO,20191101,3250,3289,3190,3232.65,748062
BAJAJCON,20191101,252.05,252.25,245.75,248.55,188399
BAJAJELEC,20191101,380.7,380.7,375,376,59315
BAJAJFINSV,20191101,8168,8429,8110.5,8384.75,656439
BAJAJHIND,20191101,6.4,6.95,6.4,6.8,2630448
BAJAJHLDNG,20191101,3668.95,3738.1,3668.95,3698.2,55997
BAJFINANCE,20191101,4029,4110,4021,4069.85,1875612
BALAJITELE,20191101,54.25,55.6,52.95,55.05,80049
BALAMINES,20191101,323,327.5,319.1,321.6,12472
BALAXI,20191101,83.55,83.55,77,77.35,156
BALKRISHNA,20191101,19,19.75,19,19.45,18797
BALKRISIND,20191101,881,899.8,867.6,872.8,486874
BALLARPUR,20191101,0.5,0.5,0.45,0.5,1032830
BALMLAWRIE,20191101,198,200.9,195.5,197.25,98679
BALPHARMA,20191101,39.45,43.45,39.4,42.7,24780
BALRAMCHIN,20191101,164.6,170.35,163,164.5,1924934
BANARBEADS,20191101,35.25,37,34.35,37,5811
BANARISUG,20191101,1197,1220,1169,1208.7,919
BANCOINDIA,20191101,116.55,120.05,113.65,115.45,79593
BANDHANBNK,20191101,616.95,618.9,594.2,599,1740679
BANG,20191101,20.45,20.8,18.2,19.95,8700
BANKBARODA,20191101,97.5,100.95,96.9,100,39869804
BANKBEES,20191101,3050,3098,3050,3091.45,14935
BANKINDIA,20191101,71.5,75.55,70.4,71,40226962
BANSWRAS,20191101,67.05,69.1,65.7,66.75,4257
BARTRONICS,20191101,1.3,1.35,1.3,1.35,2877
BASF,20191101,1013,1020.8,990,996.3,17704
BASML,20191101,164.75,169.4,145.55,150.55,2893
BATAINDIA,20191101,1802,1810.15,1732.9,1741.25,841640
BAYERCROP,20191101,3630,3820,3613.8,3732,21084
BBL,20191101,842,880.05,842,860.35,13591
BBTC,20191101,1190,1241.35,1176,1216.65,329755
BCG,20191101,2.75,2.85,2.65,2.75,377645
BCP,20191101,7.8,7.8,7.7,7.8,54225
BDL,20191101,328,343.1,326.95,331.55,82636
BEARDSELL,20191101,12.4,12.4,10.65,11,1838
BEDMUTHA,20191101,12,12,9.4,11.3,108202
BEL,20191101,118.8,121.75,118.1,120.4,8565591
BEML,20191101,1029.95,1060,1025,1046.45,564134
BEPL,20191101,54.9,56.7,52.65,53.05,708139
BERGEPAINT,20191101,518.95,527.65,502.65,508.5,3824378
BFINVEST,20191101,331.1,377,330.15,356.45,1114311
BFUTILITIE,20191101,271.9,295.5,270.25,295.5,878823
BGLOBAL,20191101,2.1,2.1,1.95,2.1,9872
BGRENERGY,20191101,33,34,33,33.7,85962
BHAGERIA,20191101,112.8,115,109.05,112.95,12926
BHAGYANGR,20191101,19.4,19.6,19.05,19.15,1720
BHAGYAPROP,20191101,20,21.6,19.5,19.85,1477
BHANDARI,20191101,1.1,1.25,1.1,1.25,208098
BHARATFORG,20191101,451.95,460,448.1,458.75,1033117
BHARATGEAR,20191101,73.05,79.6,72.45,77,55613
BHARATRAS,20191101,5800,5835,5660,5758.35,1045
BHARATWIRE,20191101,33.65,34.4,32.05,32.65,30625
BHARTIARTL,20191101,363.35,376.4,363.35,373.05,13682012
BHEL,20191101,57,57.7,56.15,56.9,19538180
BIGBLOC,20191101,24,25.9,23,24.95,440
BIL,20191101,136.4,143.2,136.35,142.95,2546
BILENERGY,20191101,1.15,1.15,1.15,1.15,6030
BINDALAGRO,20191101,10.25,11,10.25,10.8,23421
BIOCON,20191101,246.75,248.5,243,246.25,3805645
BIOFILCHEM,20191101,4.45,4.65,4.25,4.6,4386
BIRLACABLE,20191101,57.95,64,55,60.4,399830
BIRLACORPN,20191101,573.65,591,568.8,582.55,87777
BIRLAMONEY,20191101,36.95,37.5,35.6,36,371312
BKMINDST,20191101,0.95,0.95,0.85,0.85,13473
BLBLIMITED,20191101,3.55,3.6,3.45,3.5,32856
BLISSGVS,20191101,136.95,145,136.45,141.95,291214
BLKASHYAP,20191101,8.1,8.5,8.1,8.5,77975
BLS,20191101,76.95,76.95,72.5,73.7,13816
BLUEBLENDS,20191101,0.9,0.9,0.85,0.85,2790
BLUECOAST,20191101,1.55,1.55,1.55,1.55,1093
BLUEDART,20191101,2449.95,2463,2365.55,2388.05,22505
BLUESTARCO,20191101,847.95,852,816.25,821.45,34394
BODALCHEM,20191101,76.1,77.7,75.1,75.7,131918
BOMDYEING,20191101,81.75,87.6,80.6,85.55,5292709
BOROSIL,20191101,176,181.7,176,178.85,84879
BOSCHLTD,20191101,15302,15537.15,15252.95,15327.05,15871
BPCL,20191101,520.05,525.8,516,519.4,5061143
BPL,20191101,19.65,19.65,18.95,19.25,71495
BRFL,20191101,3.65,3.8,3.6,3.8,34493
BRIGADE,20191101,206.25,208.15,199.9,206.4,54630
BRITANNIA,20191101,3295,3295,3236.7,3268.55,320106
BRNL,20191101,64.2,65,63.7,64.5,3672
BROOKS,20191101,33.95,35.7,33.55,34.15,32521
BSE,20191101,557.4,558.75,546.5,548.8,51188
BSELINFRA,20191101,1,1.05,1,1,17788
BSL,20191101,26.75,26.8,25,25.3,6990
BSLGOLDETF,20191101,3570,3599.95,3542,3599.9,63
BSLNIFTY,20191101,129.89,129.98,129,129.98,116
BSOFT,20191101,66.65,67.5,65.2,66.1,187740
BURNPUR,20191101,1.2,1.3,1.2,1.25,24041
BUTTERFLY,20191101,169.05,188.9,169,183.5,313513
BVCL,20191101,10.5,11,10.5,10.6,657
BYKE,20191101,20,20.5,19.25,19.9,25716
CADILAHC,20191101,251.95,257.9,248.5,255.5,672164
CALSOFT,20191101,19.25,19.25,19.25,19.25,11165
CAMLINFINE,20191101,66.6,66.8,64.1,64.55,72683
CANBK,20191101,203.7,209.9,202.6,207.1,8367769
CANFINHOME,20191101,396,409.7,394.5,405.55,394654
CANTABIL,20191101,208,218.9,200.15,211.45,12148
CAPACITE,20191101,214.45,239,210,230.2,270632
CAPLIPOINT,20191101,432.95,439,415,416.2,65702
CAPTRUST,20191101,73.8,79.9,73.8,79.8,170
CARBORUNIV,20191101,323,339.9,318,326.5,88276
CAREERP,20191101,117,117,112,112.35,15610
CARERATING,20191101,534.9,536,530,535,84242
CASTEXTECH,20191101,0.5,0.5,0.5,0.5,143527
CASTROLIND,20191101,152.15,157,151.5,155.05,1567869
CCHHL,20191101,3.55,3.55,3.35,3.55,46644
CCL,20191101,210.6,215.8,207,211.9,140353
CDSL,20191101,233.65,236.7,228,234.3,461052
CEATLTD,20191101,1020,1037,983.25,1004.2,530186
CEBBCO,20191101,13.8,14.25,13.25,13.6,65582
CELEBRITY,20191101,5.25,5.25,5.25,5.25,26517
CELESTIAL,20191101,3.15,3.35,3.05,3.15,18086
CENTENKA,20191101,182,186,181.8,183.65,31199
CENTEXT,20191101,2.65,2.85,2.65,2.75,46236
CENTRALBK,20191101,23.3,24.8,23.3,23.75,3364003
CENTRUM,20191101,21.8,22.4,19.65,20.8,350401
CENTUM,20191101,415,420.95,404,406.1,329
CENTURYPLY,20191101,164.6,169.5,163.15,168.7,166217
CENTURYTEX,20191101,423.6,426.95,405.45,410.55,785467
CERA,20191101,2684.15,2715,2670,2701.75,2914
CEREBRAINT,20191101,20.35,21.05,19.85,20.6,711255
CESC,20191101,801.95,811.35,798,800.25,179150
CESCVENT,20191101,344,352,341.6,347.85,17381
CGCL,20191101,200.05,203.1,198.05,201.25,353032
CGPOWER,20191101,14.55,14.65,13.75,13.9,1267309
CHALET,20191101,317.75,340,317.75,331.6,6459
CHAMBLFERT,20191101,171,174.25,168.25,170.2,1033564
CHEMFAB,20191101,182.5,182.5,173.2,177,1126
CHENNPETRO,20191101,158.8,158.8,155.55,156.45,100894
CHOLAFIN,20191101,306.35,315.55,303.45,313.2,2747442
CHOLAHLDNG,20191101,452.95,487.05,452.95,470.6,27988
CHROMATIC,20191101,0.5,0.5,0.45,0.45,6504
CIGNITITEC,20191101,302,312.05,270.05,297.3,62503
CIMMCO,20191101,20.05,20.8,18.8,20.55,18295
CINELINE,20191101,33.3,34.95,32.3,33.25,14508
CINEVISTA,20191101,10.65,10.65,10.65,10.65,4877
CIPLA,20191101,467.3,474.2,462.4,469.2,3649879
CKFSL,20191101,0.5,0.5,0.5,0.5,256865
CLEDUCATE,20191101,74.95,75.15,74,74.3,73917
CLNINDIA,20191101,280.95,290.5,280,286.95,64072
CMICABLES,20191101,57.8,57.8,55.6,56,15412
COALINDIA,20191101,205,208,201.85,207.1,7118433
COCHINSHIP,20191101,390,419.75,390,409.6,555707
COFFEEDAY,20191101,32.05,32.05,32.05,32.05,68985
COLPAL,20191101,1558.8,1564.5,1528,1534.25,460658
COMPINFO,20191101,9.5,9.7,9.2,9.3,90423
COMPUSOFT,20191101,8.8,9.1,8.65,8.85,29132
CONCOR,20191101,585.5,595,571.4,580.7,2025302
CONFIPET,20191101,28.5,29,28.15,28.65,63884
CONSOFINVT,20191101,37.7,37.7,37,37,534
CONTROLPR,20191101,305.7,314,299.95,302.95,13219
CORALFINAC,20191101,10.3,12.2,10.05,10.95,12650
CORDSCABLE,20191101,45.65,48.3,45.5,45.85,5725
COROMANDEL,20191101,478.8,499,472.85,477,260899
CORPBANK,20191101,16.3,17.1,16.3,16.55,690265
COSMOFILMS,20191101,218,221,215.1,217.85,10476
COUNCODOS,20191101,1.6,1.65,1.55,1.65,5283
COX&KINGS,20191101,1.7,1.7,1.7,1.7,334287
CPSEETF,20191101,24.76,24.94,24.51,24.9,10742614
CREATIVE,20191101,68,68,64,64.35,9906
CREATIVEYE,20191101,1.25,1.25,1.25,1.25,2000
CREDITACC,20191101,642.95,646.9,635.15,638.75,53016
CREST,20191101,93.1,104.9,90.1,94.5,14974
CRISIL,20191101,1471.5,1520,1457.8,1502.3,17999
CRMFGETF,20191101,3600,3600,3440.15,3440.2,9
CROMPTON,20191101,251.7,256.7,251.1,253.1,1123889
CTE,20191101,28,28.95,27,27.7,6549
CUB,20191101,210,214.35,210,212.95,782700
CUBEXTUB,20191101,14.45,15.35,14.4,14.45,1376
CUMMINSIND,20191101,545,558.75,541.7,550.05,1055623
CUPID,20191101,180,202,177.8,194.1,218060
CURATECH,20191101,1.35,1.35,1.35,1.35,25
CYBERMEDIA,20191101,2.85,2.95,2.85,2.95,501
CYBERTECH,20191101,49,49.5,48.05,48.35,17940
CYIENT,20191101,406.75,409.9,401.5,408.05,76694
DAAWAT,20191101,26,26,25.1,25.4,888558
DABUR,20191101,462.5,471.95,461,463.85,1818491
DALBHARAT,20191101,810.15,825.3,808.5,814.3,108850
DALMIASUG,20191101,96.9,99,94.95,95.25,295898
DAMODARIND,20191101,27,28.6,27,28.4,1802
DATAMATICS,20191101,80.5,83.25,77.25,78.2,36023
DBCORP,20191101,143.9,148,143.9,147.2,21312
DBL,20191101,436.9,474.3,431.5,459,1112912
DBREALTY,20191101,8.2,8.25,7.65,7.85,527264
DBSTOCKBRO,20191101,8.55,9,8.55,9,1010
DCAL,20191101,116.1,119.7,115,116.5,199358
DCBBANK,20191101,181.9,186,181.1,182.55,842496
DCM,20191101,21.5,22.45,21.1,21.95,1439
DCMNVL,20191101,28.5,30,28.5,28.7,888
DCMSHRIRAM,20191101,368.05,382.95,368.05,376.6,106674
DCW,20191101,15.5,15.6,15.15,15.45,130376
DECCANCE,20191101,349.05,349.9,342.05,343.65,3931
DEEPAKFERT,20191101,107,108.7,104.25,105.45,229569
DEEPAKNTR,20191101,341,341.9,334.1,340.3,243835
DEEPIND,20191101,106.15,108.9,106,107.35,20538
DELTACORP,20191101,209.45,211,205.5,206.35,695856
DELTAMAGNT,20191101,32.95,34.55,32,34.55,767
DEN,20191101,47.15,50.05,47.15,48.15,25345
DENORA,20191101,212.7,212.7,202.75,207.6,3881
DFMFOODS,20191101,245.3,249.35,245.3,247.9,50321
DGCONTENT,20191101,4.8,5,4.65,5,22047
DHAMPURSUG,20191101,219,224.4,215.6,218.05,706571
DHANBANK,20191101,16.45,16.5,15.75,15.85,1564727
DHANUKA,20191101,303,314.5,297.05,299.1,24781
DHARSUGAR,20191101,7.5,7.6,7.3,7.6,17027
DHFL,20191101,18.3,18.3,18.3,18.3,365229
DHUNINV,20191101,205.65,214.5,201.4,207.6,966
DIAMONDYD,20191101,920.65,931,920.45,926.05,1035
DICIND,20191101,331.2,338.9,325.5,331.25,1746
DIGISPICE,20191101,6.75,7.1,6.65,6.9,7153
DISHTV,20191101,12.75,16.45,12.15,16.2,151027585
DIVISLAB,20191101,1753,1771.85,1738.8,1743.15,339865
DIXON,20191101,3029,3039,2975,3013.35,4188
DLF,20191101,184.4,186.75,182.6,185.15,5112995
DLINKINDIA,20191101,97,98,94.85,95.9,29041
DMART,20191101,1999.65,2001.95,1960.6,1966.6,231689
DNAMEDIA,20191101,0.35,0.35,0.3,0.3,25679
DOLAT,20191101,78.65,79.8,76.2,76.85,89961
DOLLAR,20191101,179.05,189.95,178.5,180.65,42815
DONEAR,20191101,33.6,33.6,32,32.35,16487
DPSCLTD,20191101,9.05,9.75,9.05,9.3,7617
DQE,20191101,2.2,2.2,2.2,2.2,167
DREDGECORP,20191101,359.85,374,356.9,369.95,462416
DRREDDY,20191101,2784,2829.15,2735.85,2756.6,3000855
DSSL,20191101,25.05,26.35,24.7,25.05,2152
DTIL,20191101,166,166,157.15,160,5226
DUCON,20191101,5.4,5.4,5.4,5.4,18998
DVL,20191101,73.1,74.8,71.5,72.1,4957
DWARKESH,20191101,27.35,28,27,27.3,1066054
DYNAMATECH,20191101,1141,1211,1141,1180.85,356
DYNPRO,20191101,132.65,139.15,132.65,136.65,8466
EASTSILK,20191101,0.6,0.65,0.55,0.55,11315
ECLERX,20191101,451.65,457.45,446,448.7,9005
EDELWEISS,20191101,93.3,94.85,92,93.3,1101851
EICHERMOT,20191101,22587,22888,21900.05,21976.15,187025
EIDPARRY,20191101,174.4,175.9,168.55,170.05,411548
EIHAHOTELS,20191101,315.05,328,315,318.3,1644
EIHOTEL,20191101,166.25,169.5,165.5,166.95,129234
EIMCOELECO,20191101,309.75,309.8,286.05,300,3722
EKC,20191101,27.25,29,26.2,28.35,130457
ELECON,20191101,34.5,37.5,34,37.1,160948
ELECTCAST,20191101,13.5,13.5,13.4,13.45,60109
ELECTHERM,20191101,137,142,136,140.45,31516
ELGIEQUIP,20191101,275.2,277.9,272.55,275,6787
ELGIRUBCO,20191101,16.9,16.9,16.05,16.2,4857
EMAMILTD,20191101,325,335.6,325,327.55,131190
EMAMIPAP,20191101,75,77.75,73.1,76,2866
EMAMIREAL,20191101,43,43.25,40.05,43.25,10199
EMCO,20191101,0.75,0.75,0.7,0.75,60270
EMKAY,20191101,76.6,80.85,74.3,79.2,22887
EMMBI,20191101,113.05,116.85,113.05,113.25,5817
ENDURANCE,20191101,1099.95,1124.5,1086.65,1091.5,9667
ENERGYDEV,20191101,5.35,5.45,5.05,5.4,37307
ENGINERSIN,20191101,120.15,122.8,119,121.55,1354349
ENIL,20191101,269.75,269.75,251.35,263.25,11182
EON,20191101,15.2,15.2,14,14.1,5370
EQ30,20191101,350,350.23,350,350,41
EQUITAS,20191101,93.6,97,93.45,96.1,2876844
ERIS,20191101,433.15,433.15,421.65,424.35,28580
EROSMEDIA,20191101,15.45,16,15,15.4,134208
ESABINDIA,20191101,1367.5,1367.95,1326,1335.65,1347
ESCORTS,20191101,660,678.5,655,657.55,3266867
ESSARSHPNG,20191101,7.4,7.5,7.05,7.5,2575
ESSELPACK,20191101,114.9,114.9,109.1,112.65,43385
ESTER,20191101,31.35,32.4,31.05,32.05,36972
EUROMULTI,20191101,0.4,0.4,0.4,0.4,8932
EUROTEXIND,20191101,13.9,13.9,13.25,13.25,174
EVEREADY,20191101,58,59.85,57,57.45,862075
EVERESTIND,20191101,295.9,296,290,292.6,18019
EXCEL,20191101,1,1.05,0.95,0.95,46593
EXCELINDUS,20191101,966.5,991.05,957.15,973.4,14168
EXIDEIND,20191101,192.4,196.95,189.65,195.5,2458583
EXPLEOSOL,20191101,286.3,299.65,286.25,296.55,3191
FACT,20191101,41.1,41.6,40.35,40.55,60052
FAIRCHEM,20191101,490.15,499.8,490.1,491.1,7988
FCL,20191101,27.5,27.8,26.35,26.85,186050
FCONSUMER,20191101,26.6,27.8,26.25,27.5,1572453
FCSSOFT,20191101,0.25,0.25,0.2,0.2,331160
FDC,20191101,179.8,180.15,175,176.3,15827
FEDERALBNK,20191101,84.1,86.45,83.4,86.05,25498852
FEL,20191101,25.35,25.5,24.5,25.05,171684
FELDVR,20191101,24.95,24.95,23.55,24,3792
FIEMIND,20191101,389.95,394.5,381.35,384.65,6673
FILATEX,20191101,38.45,40,37.7,39.55,310075
FINCABLES,20191101,393.9,393.9,379.1,379.7,34744
FINEORG,20191101,1890.3,1919,1866.35,1881.1,7094
FINPIPE,20191101,605.25,614,600,601.15,60101
FLEXITUFF,20191101,4.75,4.75,4.55,4.7,8015
FLFL,20191101,408,420.4,408,416.6,6135
FLUOROCHEM,20191101,668.9,668.9,630,635.15,13350
FMGOETZE,20191101,554.35,564.9,549,559.75,12885
FMNL,20191101,38.25,38.75,37.55,37.75,7305
FORCEMOT,20191101,1114,1127.9,1095.15,1112.55,32551
FORTIS,20191101,147.75,152.75,145.9,150.85,6498519
FOSECOIND,20191101,1380,1399.9,1345,1372.95,2445
FRETAIL,20191101,381.5,383.65,377.5,379.35,619327
FSC,20191101,511,514.9,505.55,509.55,1253
FSL,20191101,49.1,50.8,48.95,49.6,2429350
GABRIEL,20191101,123.3,124.25,121.05,123,63347
GAEL,20191101,142.05,142.05,134.05,135.55,37304
GAIL,20191101,138,138.7,134.7,135.15,6401816
GAL,20191101,1.8,1.85,1.75,1.85,19538
GALAXYSURF,20191101,1545,1545,1485,1499.7,7239
GALLANTT,20191101,25.6,26.5,25.6,25.9,3451
GALLISPAT,20191101,19.75,20.4,19,19.2,21436
GAMMNINFRA,20191101,0.3,0.3,0.25,0.25,378609
GANDHITUBE,20191101,300,303.9,298,299,724
GANECOS,20191101,270,284,270,274,8636
GANESHHOUC,20191101,36.9,36.9,35.1,35.6,7712
GANGESSECU,20191101,39.95,42,33.5,37.7,3749
GARDENSILK,20191101,11.1,11.35,10.9,11.05,38989
GARFIBRES,20191101,1170.6,1187.05,1167.65,1175.65,3470
GATI,20191101,60.05,60.9,59.5,59.8,217935
GAYAHWS,20191101,0.3,0.3,0.25,0.3,127164
GAYAPROJ,20191101,130,130,123.5,124.85,127343
GDL,20191101,93.7,95.2,92.8,93,117696
GEECEE,20191101,87.7,101.85,86.25,94.7,18577
GENESYS,20191101,71,82.5,71,80.25,55086
GENUSPAPER,20191101,5,5.15,4.85,5.1,32683
GENUSPOWER,20191101,25.9,26,24.95,25.25,78117
GEOJITFSL,20191101,29.35,29.8,29.1,29.35,135552
GEPIL,20191101,749.7,753.25,702.9,707.8,21127
GESHIP,20191101,300.35,307,293.8,294.7,68944
GET&D,20191101,206,209,199,200.95,16570
GFLLIMITED,20191101,84,87,82.65,84.95,96549
GFSTEELS,20191101,4.95,4.95,4.95,4.95,450
GHCL,20191101,216.95,219,214.2,214.9,55719
GICHSGFIN,20191101,178.25,182,171.15,174.05,273512
GICRE,20191101,314.65,319.9,299,300.95,521009
GILLANDERS,20191101,26.9,28,26.9,27.85,7156
GILLETTE,20191101,8051.05,8086.2,7907,7953.4,4374
GINNIFILA,20191101,9.2,9.45,8.95,9.45,35798
GIPCL,20191101,71.95,72.8,71.4,71.75,95656
GKWLIMITED,20191101,731.1,750,731.1,735.95,224
GLAXO,20191101,1661.2,1699,1650.05,1671.75,50289
GLENMARK,20191101,317,321.8,314.85,315.75,1334886
GLOBALVECT,20191101,56.95,57.9,53,56.1,5459
GLOBOFFS,20191101,6,6.1,5.8,6.1,2123
GLOBUSSPR,20191101,121.3,123.5,120.1,122.1,35547
GMBREW,20191101,392.7,400,390.05,396.45,42543
GMDCLTD,20191101,63.85,64.1,63.1,63.7,113238
GMMPFAUDLR,20191101,1415,1434,1352.65,1372.4,21452
GMRINFRA,20191101,20.7,21.1,20.55,20.8,11816695
GNA,20191101,276.05,285.5,272.45,278.6,59631
GNFC,20191101,217.65,224.6,214.25,221.7,752736
GOACARBON,20191101,217,223,215,218.85,12672
GOCLCORP,20191101,277.95,277.95,265,271.5,33573
GODFRYPHLP,20191101,1100,1134.9,1087.35,1114.8,97306
GODREJAGRO,20191101,510,520,508.5,512.4,47218
GODREJCP,20191101,741.9,762.5,731.55,738.05,919650
GODREJIND,20191101,417,427.45,415.6,423.35,116196
GODREJPROP,20191101,999.9,1018.9,990.9,1000,222001
GOKEX,20191101,85.9,87.65,85.9,86.1,59635
GOKUL,20191101,10.95,11.8,10.95,11.65,553
GOKULAGRO,20191101,13,14.15,13,13.5,3169
GOLDBEES,20191101,3400,3429,3400,3418,14899
GOLDENTOBC,20191101,28.9,29.95,27.1,29.8,5899
GOLDIAM,20191101,140.35,145.65,138.6,139.7,80030
GOLDSHARE,20191101,3438,3485,3430,3431.35,544
GOLDTECH,20191101,9.9,10.1,9.7,9.95,15369
GOODLUCK,20191101,54.8,55.8,53.1,54.8,6901
GPIL,20191101,145.4,151,142.2,148.2,56142
GPPL,20191101,87.2,87.8,85.15,87.05,181657
GPTINFRA,20191101,45,45.45,41.55,44.2,56032
GRANULES,20191101,125,127.4,119.05,121.15,885497
GRAPHITE,20191101,284.9,293.8,283.8,288.55,1462808
GRASIM,20191101,768.7,798,763.6,775.7,4557725
GRAVITA,20191101,40,41.45,39.2,39.95,31952
GREAVESCOT,20191101,139.5,141.2,137.4,138.15,89890
GREENLAM,20191101,906.1,920,892.05,902.2,785
GREENPANEL,20191101,29.4,31.3,28.4,31.3,390460
GREENPLY,20191101,160,163,159.9,160,53134
GREENPOWER,20191101,1.4,1.45,1.35,1.4,286079
GRINDWELL,20191101,605.65,610,585.6,592,19330
GROBTEA,20191101,296,300.4,275.2,288.6,104
GRPLTD,20191101,900,907,888,907,38
GRSE,20191101,225,244,224.05,232.95,2708882
GSCLCEMENT,20191101,19.75,20.75,19.3,20.05,104446
GSFC,20191101,80.5,82.9,80.1,81.35,742287
GSKCONS,20191101,9238,9272.55,9120,9239.35,13475
GSPL,20191101,209.25,216.05,208.1,213.6,1325844
GSS,20191101,35.4,35.4,34.15,35.4,26146
GTL,20191101,1.4,1.45,1.35,1.4,145083
GTLINFRA,20191101,0.45,0.45,0.4,0.45,2928858
GTNIND,20191101,5.95,6.5,5.65,5.8,1252
GTNTEX,20191101,7.25,7.25,7.25,7.25,670
GTPL,20191101,73.5,74.9,72.5,73.5,162904
GUFICBIO,20191101,73.5,75.6,68.8,69.8,50338
GUJALKALI,20191101,465,480,465,472.45,46873
GUJAPOLLO,20191101,135,135,135,135,337
GUJGASLTD,20191101,197.75,199.2,194.05,196.35,667315
GUJRAFFIA,20191101,8,8,7.9,7.9,231
GULFOILLUB,20191101,881.9,885,867,880.15,10934
GULFPETRO,20191101,41.85,42,40.55,41.2,7579
GULPOLY,20191101,45,45,42.65,43.15,4241
GVKPIL,20191101,4.85,4.85,4.85,4.85,327603
HAL,20191101,765,793,764,785.85,31612
HARITASEAT,20191101,460,477,455.1,465.8,2732
HARRMALAYA,20191101,48.35,49,47.8,47.95,62870
HATHWAY,20191101,21,21.7,20.8,21.45,246661
HATSUN,20191101,615,615,591.05,604.7,4518
HAVELLS,20191101,693.9,697.9,687,688.35,540561
HAVISHA,20191101,0.55,0.55,0.55,0.55,3600
HBLPOWER,20191101,17,17.35,16.95,16.95,114377
HBSL,20191101,7.1,7.1,7.1,7.1,25
HCC,20191101,10.9,10.9,9.4,9.45,6100831
HCG,20191101,116.35,120,113,117,11188
HCL-INSYS,20191101,7.05,7.9,6.9,7.7,1393306
HCLTECH,20191101,1158.9,1167,1143.4,1152,1065855
HDFC,20191101,2135.9,2167.25,2120.1,2128.6,3431044
HDFCAMC,20191101,3005,3005,2961.3,2970.1,201716
HDFCBANK,20191101,1239,1243.75,1227.6,1240.05,5756130
HDFCLIFE,20191101,626,636,608.1,612.7,4002384
HDFCMFGETF,20191101,3499,3515,3491,3503,1259
HDFCNIFETF,20191101,1243.93,1245.98,1240.25,1242.94,1139
HDFCSENETF,20191101,4228.12,4228.12,4192.86,4192.86,118
HDIL,20191101,1.7,1.7,1.7,1.7,1640780
HEG,20191101,998,1017.4,985,990.9,345094
HEIDELBERG,20191101,185.75,188.35,184.65,186,229428
HERCULES,20191101,88.35,97.15,87,93.85,42034
HERITGFOOD,20191101,304.8,328.9,298.6,319.95,363992
HEROMOTOCO,20191101,2708,2759,2671.1,2707.15,1427332
HESTERBIO,20191101,1660.9,1678.75,1585,1620.85,9922
HEXATRADEX,20191101,13.75,13.75,13.75,13.75,7538
HEXAWARE,20191101,333,342.95,333,340.7,1204926
HFCL,20191101,17.8,18.2,17.6,17.8,1281602
HGINFRA,20191101,191,191.7,183,184.95,28997
HGS,20191101,575,581.9,571,576.7,2544
HIKAL,20191101,119.5,121.9,118,120.5,239313
HIL,20191101,1170,1228.1,1148,1169.9,12015
HILTON,20191101,7.9,8,6.85,7.8,7728
HIMATSEIDE,20191101,154.05,157.85,153.05,153.9,57636
HINDALCO,20191101,188.05,194.35,187.35,193.75,6921052
HINDCOMPOS,20191101,180.1,183.7,175,178,2967
HINDCOPPER,20191101,41.45,44.2,40.9,43.5,2590400
HINDMOTORS,20191101,6.15,6.45,6,6.3,64640
HINDNATGLS,20191101,36.5,36.5,33.5,36,3620
HINDOILEXP,20191101,100.1,100.65,97.65,98.3,131081
HINDPETRO,20191101,322.15,327.45,314,320.95,5770302
HINDUJAVEN,20191101,314,324.95,314,324.5,1275
HINDUNILVR,20191101,2165.1,2184.3,2146.4,2179.35,1609685
HINDZINC,20191101,213,213,205.05,207,1774160
HIRECT,20191101,170,184,166.2,181.55,78926
HISARMETAL,20191101,52.2,56.75,52,52.75,1854
HITECH,20191101,179,184.95,167.3,169.9,16903
HITECHCORP,20191101,83,87,81.7,83.5,797
HITECHGEAR,20191101,189.9,192.85,180.2,183.4,3010
HMVL,20191101,76.95,89.25,74.55,88.6,346088
HNDFDS,20191101,598,609,587,605.65,817
HNGSNGBEES,20191101,3339.97,3339.97,3234,3234,32
HONAUT,20191101,28189.6,28656,27962.1,28420.1,1644
HONDAPOWER,20191101,1179.7,1185,1131.2,1146.5,2629
HOTELEELA,20191101,8.05,8.05,7.7,7.9,455180
HOTELRUGBY,20191101,1.15,1.15,1.15,1.15,45
HOVS,20191101,64.45,68.65,63.35,65.6,5948
HPL,20191101,43,44.9,42.65,44.4,34991
HSCL,20191101,75.8,77.25,75.15,75.65,469190
HSIL,20191101,48.8,49.8,47.75,49.1,131158
HTMEDIA,20191101,18.4,20.4,18.4,19.15,544574
HUBTOWN,20191101,13.05,13.95,12.75,13.75,60008
HUDCO,20191101,41.15,41.65,39.6,40.05,1782848
IBMFNIFTY,20191101,116,116.27,116,116.22,49
IBREALEST,20191101,56,57.95,55.85,57.95,772517
IBULHSGFIN,20191101,208.7,236.4,207.5,218.6,60257905
IBULISL,20191101,65.95,66.6,63.5,66.6,101462
IBVENTURES,20191101,102.85,105.85,101.8,105.85,259644
ICICI500,20191101,156.8,163.99,152,157.45,754
ICICIB22,20191101,36.4,36.52,36.25,36.4,1326241
ICICIBANK,20191101,466.65,466.95,460.5,462.25,13522994
ICICIBANKN,20191101,307.32,307.32,301.29,303.49,7212
ICICIBANKP,20191101,166.58,167.8,166.07,167.8,901
ICICIGI,20191101,1343,1351.9,1316.4,1343.35,330121
ICICIGOLD,20191101,34.55,36.1,34.55,35.05,20354
ICICILIQ,20191101,999.99,1000,999.99,999.99,23063
ICICILOVOL,20191101,95.9,95.9,93.58,94.02,275765
ICICIMCAP,20191101,66.15,66.15,63.01,65.18,43128
ICICINF100,20191101,124,129.5,124,129.11,1438
ICICINIFTY,20191101,127,127,123.51,125.4,153242
ICICINV20,20191101,59.2,59.2,57.63,57.96,4333
ICICINXT50,20191101,29.75,29.75,28.6,28.86,3617008
ICICIPRULI,20191101,512.9,522.75,506.5,508.65,2808012
ICICISENSX,20191101,426.94,429.61,425.14,426.6,651
ICIL,20191101,45.05,46.8,44.4,45.2,139436
ICRA,20191101,2615,2787.75,2600,2748.35,1541
IDBI,20191101,33.35,34.6,33.2,33.9,2532227
IDBIGOLD,20191101,3598,3598,3533,3551.4,199
IDEA,20191101,3.85,4.8,3.65,4.3,794271990
IDFC,20191101,35.5,36.25,35.1,35.3,1079241
IDFCFIRSTB,20191101,44.55,45.4,43.75,43.9,18990697
IDFNIFTYET,20191101,123.99,124,120,123.82,33
IEX,20191101,144.05,149,140.05,144.8,859643
IFBAGRO,20191101,460,460.05,431.25,441.25,17559
IFBIND,20191101,800,800,755.5,760.9,24308
IFCI,20191101,7.25,8.75,7.25,8.75,11355287
IFGLEXPOR,20191101,154.25,168.7,154,158.1,2458
IGARASHI,20191101,238.9,258,238.55,248.4,216916
IGL,20191101,391.75,395.45,390,392.45,939743
IGPL,20191101,158.05,161.1,154,157.55,30526
IIFL,20191101,114.15,120.1,114.05,118,167386
IIFLSEC,20191101,29.6,29.6,28.55,29.1,180990
IIFLWAM,20191101,1325,1339,1321.1,1331.15,24054
IITL,20191101,60.05,64,60,64,213
IMFA,20191101,185.8,186,179.65,184.3,26179
IMPAL,20191101,684.75,684.75,657,660.95,1384
IMPEXFERRO,20191101,0.35,0.35,0.3,0.35,2354
INDBANK,20191101,8.65,8.7,8.1,8.3,71427
INDHOTEL,20191101,152.85,154.35,150.5,151.1,1124427
INDIACEM,20191101,84.2,85.2,83.25,84.45,1417378
INDIAGLYCO,20191101,240.1,249.95,238,239.65,454594
INDIAMART,20191101,1869.75,1905,1832.85,1842.95,32627
INDIANB,20191101,133.8,136,131.15,132.8,1589292
INDIANCARD,20191101,103,103,98.1,102,180
INDIANHUME,20191101,271,273,263,266.1,9361
INDIGO,20191101,1472.3,1507.35,1429,1438.65,4453395
INDLMETER,20191101,17.6,17.6,17.6,17.6,2545
INDNIPPON,20191101,342.5,343.95,336,340.3,7453
INDOCO,20191101,162.95,165,150.95,160.9,141908
INDORAMA,20191101,32.95,33.2,30.2,31.45,62457
INDOSTAR,20191101,188.85,213,182.15,190.6,1625998
INDOTECH,20191101,88.05,94.85,85.2,91.4,4621
INDOTHAI,20191101,24.6,24.6,22.25,23,1587
INDOWIND,20191101,2.95,3.05,2.75,3,37400
INDRAMEDCO,20191101,38.2,41.4,37.6,40.45,246587
INDSWFTLAB,20191101,31,31.9,30.5,30.85,107391
INDSWFTLTD,20191101,3.9,4.05,3.75,3.75,65177
INDTERRAIN,20191101,75,76.9,73,74.05,5887
INDUSINDBK,20191101,1328,1385.85,1316.2,1379.85,7803620
INEOSSTYRO,20191101,671.3,674.05,665,669.7,3975
INFIBEAM,20191101,46,46.65,45.25,45.5,898726
INFOBEAN,20191101,67,69.25,67,68,4996
INFRABEES,20191101,340.77,343.5,340.01,340.46,333
INFRATEL,20191101,190,204.3,189.7,202.45,23457512
INFY,20191101,690,694,682.6,687.9,9713519
INGERRAND,20191101,660,668,647,650.15,13141
INOXLEISUR,20191101,367.7,389.9,367.4,382.65,480551
INOXWIND,20191101,35.45,35.45,33.5,34.55,101543
INSECTICID,20191101,563,566.75,548.3,556.7,48503
INSPIRISYS,20191101,45.05,47.95,43,45.75,3771
INTEGRA,20191101,0.2,0.2,0.2,0.2,76
INTELLECT,20191101,191.5,198.5,188.8,193.9,518095
INTENTECH,20191101,32,32.8,31.5,31.75,2875
INVENTURE,20191101,14.8,14.95,14.75,14.85,36787
IOB,20191101,10.85,11,10.75,10.9,1659447
IOC,20191101,141,144,140.25,142.65,18291841
IOLCP,20191101,188.9,203.4,188.9,197.65,771489
IPAPPM,20191101,315.5,321.25,311,314.15,21375
IPCALAB,20191101,982,1057,982,1023.6,596127
IRB,20191101,78.8,81,78,78.8,673269
IRCON,20191101,430,438,426.55,429.1,81685
IRCTC,20191101,885,907.95,883.1,890.5,1882230
ISEC,20191101,326,329.7,311.2,315.35,138139
ISFT,20191101,74,77.75,74,77.75,1471
ISMTLTD,20191101,4.15,4.4,4,4.2,34287
ITC,20191101,259.35,263,258.75,261.3,12571588
ITDC,20191101,372.8,379.5,365.55,371.9,140682
ITDCEM,20191101,60.45,60.45,54.75,60.45,981437
ITI,20191101,91.25,93.35,88.5,91.9,1160424
IVC,20191101,3.35,3.6,3.25,3.55,214106
IVP,20191101,69.9,70.35,69,69,386
IVZINGOLD,20191101,3549,3549,3485.1,3524.95,29
IVZINNIFTY,20191101,1282.25,1282.25,1282.25,1282.25,1
IZMO,20191101,33.4,33.45,31.7,32.5,1229
J&KBANK,20191101,33.25,33.6,32.65,32.95,1090970
JAGRAN,20191101,56.6,58,56.5,56.85,247257
JAGSNPHARM,20191101,27.8,27.8,26.75,27.15,8924
JAIBALAJI,20191101,18.6,19.95,18.6,19.35,4845
JAICORPLTD,20191101,90.1,94.4,88.4,90.3,3182652
JAMNAAUTO,20191101,45.2,45.6,44.4,45.05,609066
JASH,20191101,129,129,120,122.75,12154
JAYAGROGN,20191101,138.65,141.85,138.65,140.35,5018
JAYBARMARU,20191101,219.95,222,209.15,210.4,108580
JAYNECOIND,20191101,3.65,3.85,3.55,3.8,14072
JAYSREETEA,20191101,50.65,50.85,49.6,49.95,56036
JBCHEPHARM,20191101,348,348,341.6,346.25,38900
JBFIND,20191101,7.5,7.55,7.05,7.45,19347
JBMA,20191101,227.8,232,218,219.9,101373
JCHAC,20191101,2125.65,2155,2070,2088.55,5539
JHS,20191101,17.5,18.35,17,17.3,62098
JIKIND,20191101,0.2,0.25,0.15,0.25,18097
JINDALPHOT,20191101,12.55,13.8,12.5,13.8,875
JINDALPOLY,20191101,220,225,220,220.8,11507
JINDALSAW,20191101,90.5,92.9,86.1,86.65,1975917
JINDALSTEL,20191101,116,123.95,116,123.35,30028955
JINDCOT,20191101,1.55,1.55,1.5,1.55,21529
JINDRILL,20191101,82.45,88.9,82.15,82.7,115532
JINDWORLD,20191101,59.8,59.8,57.05,58.05,115627
JISLDVREQS,20191101,10.7,10.75,10.7,10.75,7090
JISLJALEQS,20191101,15.8,15.8,15.8,15.8,372613
JITFINFRA,20191101,7.2,7.2,6.6,6.7,2382
JIYAECO,20191101,38,38.3,37,37.75,70816
JKCEMENT,20191101,1129.9,1149.9,1104.05,1112.75,16714
JKIL,20191101,156.7,156.85,153.05,155.9,121394
JKLAKSHMI,20191101,293.8,301,288.4,289.95,243403
JKPAPER,20191101,121.7,123.8,119,119.3,1073477
JKTYRE,20191101,76.5,79.8,74.5,74.95,2416641
JMA,20191101,26,26,23.3,25.75,3264
JMCPROJECT,20191101,103,105.75,100.8,104.85,55569
JMFINANCIL,20191101,81.15,82.5,80,81,501028
JMTAUTOLTD,20191101,1.15,1.15,1.1,1.15,73129
JOCIL,20191101,89.55,89.55,86.05,87.85,1469
JPASSOCIAT,20191101,2.2,2.3,2.15,2.25,5317739
JPINFRATEC,20191101,1.3,1.3,1.25,1.3,995674
JPOLYINVST,20191101,10.9,11.1,10.9,11.1,5172
JPPOWER,20191101,1.15,1.15,1.1,1.15,2650510
JSL,20191101,34.85,36.9,34.6,36.5,558555
JSLHISAR,20191101,68.9,72,66.45,71.4,270991
JSWENERGY,20191101,68.4,71.9,68.1,70.3,1970968
JSWHL,20191101,2510,2684.75,2510,2603.35,649
JSWSTEEL,20191101,227.7,239.5,227.5,237.6,9208037
JTEKTINDIA,20191101,93,95,90.15,92.05,85097
JUBILANT,20191101,560,564.7,536.3,541.7,255322
JUBLFOOD,20191101,1595.3,1602,1565.5,1575.5,743052
JUBLINDS,20191101,112.95,115.4,112,113.5,16444
JUMPNET,20191101,67,67.5,65,66.6,598769
JUNIORBEES,20191101,298.6,299.98,296,297.75,107586
JUSTDIAL,20191101,590,592.3,555.25,557.9,5357818
JYOTHYLAB,20191101,176.1,181.95,173.4,173.7,3514578
KABRAEXTRU,20191101,69.1,75.9,68.05,69.9,7271
KAJARIACER,20191101,557,574.65,553.4,565.85,223981
KAKATCEM,20191101,170,171.45,168,169.6,17646
KALPATPOWR,20191101,429,448.4,429,437.3,191966
KALYANIFRG,20191101,164,165,160.1,165,1546
KAMATHOTEL,20191101,36.05,36.7,35.8,36.5,26590
KAMDHENU,20191101,105,108.5,104.05,105.5,8366
KANANIIND,20191101,2.85,2.95,2.65,2.9,5371
KANORICHEM,20191101,43.5,46,43.45,45.35,19847
KANSAINER,20191101,562,573,535.05,538.5,1552964
KARDA,20191101,149.55,153,149.05,151.8,22954
KARMAENG,20191101,9,10.2,9,9.9,7510
KARURVYSYA,20191101,55.45,59.75,54.9,55.35,4384283
KAUSHALYA,20191101,0.5,0.5,0.5,0.5,2
KAVVERITEL,20191101,2.9,2.9,2.75,2.75,1258
KAYA,20191101,415.05,423,401.8,408.55,7100
KCP,20191101,68,69.8,67.05,67.35,49608
KCPSUGIND,20191101,14,14.6,13.8,13.95,746228
KDDL,20191101,365.5,380,346.1,376.25,2468
KEC,20191101,269.25,275,267.1,271.5,290838
KECL,20191101,11.7,11.7,11.2,11.7,78320
KEI,20191101,595.8,595.8,580.2,582.95,125324
KELLTONTEC,20191101,16.45,17.15,16.1,16.9,66390
KENNAMET,20191101,1172.05,1197,1132,1155.45,2346
KERNEX,20191101,24,24,22.5,23.65,9609
KESARENT,20191101,31.55,33.6,31.55,33.6,6042
KESORAMIND,20191101,58.5,59,57.1,57.75,412230
KGL,20191101,0.35,0.4,0.35,0.35,385931
KHADIM,20191101,255,255,248,249.55,40097
KHAITANLTD,20191101,18.05,19.1,18.05,19,1102
KICL,20191101,1720,1744.95,1682.4,1730,172
KILITCH,20191101,120.65,120.65,117.5,117.95,5111
KINGFA,20191101,690,710,667.4,687.9,2413
KIOCL,20191101,121,123.9,119.75,121.7,12064
KIRIINDUS,20191101,413.1,417,410.75,412.1,49886
KIRLOSBROS,20191101,152.3,154.95,150.8,152,8071
KIRLOSENG,20191101,173,174,168,172.35,11868
KIRLOSIND,20191101,654.8,668.9,651.1,653,556
KITEX,20191101,84.85,89,84.8,87,246894
KKCL,20191101,1000,1000,970.05,999.3,897
KMSUGAR,20191101,6.3,6.95,6.25,6.8,398360
KNRCON,20191101,230.15,236.5,230.15,233.05,32329
KOHINOOR,20191101,9.05,9.05,9.05,9.05,2211
KOKUYOCMLN,20191101,77.95,81.7,76.5,79.65,127344
KOLTEPATIL,20191101,252.4,255.2,250,251.6,48255
KOPRAN,20191101,28.85,32.6,28.85,31,191314
KOTAKBANK,20191101,1572,1585.95,1563,1579.9,2219737
KOTAKBKETF,20191101,306.4,311.2,306.4,310.31,74645
KOTAKGOLD,20191101,341.3,344.3,341.3,343.3,13669
KOTAKNIFTY,20191101,122.5,123.68,122.26,122.84,1083750
KOTAKNV20,20191101,59.25,59.45,58.26,59.13,13385
KOTAKPSUBK,20191101,248,255.9,245,251.87,8841
KOTARISUG,20191101,10.4,10.8,10.15,10.45,63700
KOTHARIPET,20191101,16.55,17.15,16.35,16.9,19521
KOTHARIPRO,20191101,60,61.45,60,60.6,2141
KPITTECH,20191101,91,96.5,89.5,91.55,238064
KPRMILL,20191101,649.9,669.9,645.35,656.35,8282
KRBL,20191101,225.05,231,223,223.9,106921
KREBSBIO,20191101,85.15,98.75,85.15,94.3,4307
KRIDHANINF,20191101,4.9,4.9,4.7,4.7,96650
KRISHANA,20191101,54,55,54,55,734
KSB,20191101,695.85,696,674.55,686,2592
KSCL,20191101,530,535,518.45,522.4,422817
KSERASERA,20191101,0.1,0.1,0.05,0.05,978193
KSK,20191101,0.5,0.5,0.45,0.5,322670
KSL,20191101,192.6,212.4,192.6,206.4,333688
KTIL,20191101,30.95,32,30.1,30.9,2809
KTKBANK,20191101,78.4,80.35,78.2,79.05,741570
KUANTUM,20191101,426.05,494.95,426.05,461.1,263
KWALITY,20191101,2.6,2.6,2.6,2.6,201260
L&TFH,20191101,95.6,98,95.35,96.8,10197058
LAKSHVILAS,20191101,16.15,16.15,16.15,16.15,377988
LALPATHLAB,20191101,1550,1550,1446.15,1451.45,222468
LAMBODHARA,20191101,30.1,30.5,29.2,30.05,4844
LAOPALA,20191101,167,168,164.05,164.65,18364
LASA,20191101,18.55,18.6,18.1,18.35,19410
LAURUSLABS,20191101,407,418.8,375.5,378.3,1347645
LAXMIMACH,20191101,3531.05,3670,3531.05,3613.75,10003
LEMONTREE,20191101,60.6,63.8,60.6,62.5,832034
LFIC,20191101,47.85,52.5,47.85,48.8,587
LGBBROSLTD,20191101,319.85,327.15,314,315.5,29585
LGBFORGE,20191101,2.55,2.65,2.4,2.6,55518
LIBAS,20191101,51,54,49.5,50.45,4470
LIBERTSHOE,20191101,120.15,121.15,117.25,118.3,92604
LICHSGFIN,20191101,415,432.6,414.05,427.2,4527693
LICNETFGSC,20191101,22,22.29,21.15,21.73,239
LICNETFN50,20191101,123.98,125.2,121.5,123.4,1485
LICNETFSEN,20191101,500,500,500,500,1
LICNFNHGP,20191101,128,128,122.8,126.62,87
LINCOLN,20191101,163,165.4,162,162.2,7222
LINCPEN,20191101,181.8,184,179.75,180.85,1770
LINDEINDIA,20191101,552.8,575.3,549.3,564,27949
LIQUIDBEES,20191101,999.61,1000.01,999.32,1000,1084066
LIQUIDETF,20191101,999.99,1000.01,999.99,1000,47605
LOKESHMACH,20191101,35.65,36.35,35.3,35.9,3604
LOTUSEYE,20191101,20.05,23.2,18.6,19.7,22700
LOVABLE,20191101,66.4,67.65,65,66.6,19575
LPDC,20191101,1.8,1.8,1.8,1.8,1250
LSIL,20191101,0.45,0.5,0.45,0.45,585445
LT,20191101,1476.7,1481.05,1445,1449.4,2287220
LTI,20191101,1705,1717,1677,1684.5,158080
LTTS,20191101,1502.9,1511,1492.55,1505.8,65540
LUMAXIND,20191101,1288,1290,1273.95,1279.85,1660
LUMAXTECH,20191101,95.05,99.45,94.7,95.35,25738
LUPIN,20191101,754,775,751.75,766.3,2369230
LUXIND,20191101,1213.55,1219.7,1192,1205.2,44670
LYKALABS,20191101,16.85,17.45,16.65,16.85,13515
LYPSAGEMS,20191101,4.25,4.5,4.15,4.35,10792
M&M,20191101,609,609.75,581,589.75,7558094
M&MFIN,20191101,353,361.65,353,356.3,1511125
M100,20191101,17.55,17.7,17.4,17.56,25214
M50,20191101,115.94,116.71,115.72,116.64,851
MAANALU,20191101,66,67,63.8,65.05,1503
MADHAV,20191101,23.75,24.95,23.75,23.95,2047
MADHUCON,20191101,4.05,4.35,4.05,4.35,22866
MADRASFERT,20191101,21.2,21.25,20.7,20.8,182115
MAGADSUGAR,20191101,108.2,114.9,108.2,112.6,54468
MAGMA,20191101,54,55.8,53.7,54.1,86347
MAGNUM,20191101,3.6,3.6,3.35,3.45,2980
MAHABANK,20191101,11.9,12.85,11.85,12.4,2057746
MAHASTEEL,20191101,149.95,154.8,147.1,153.25,14194
MAHESHWARI,20191101,240,245.6,235.45,240.1,21370
MAHINDCIE,20191101,150.1,155.25,150.1,150.95,67841
MAHLIFE,20191101,411.35,417,406.35,412.2,38876
MAHLOG,20191101,381.8,389.15,371.25,378.25,68209
MAHSCOOTER,20191101,4586.35,4620,4536.05,4575.9,9294
MAHSEAMLES,20191101,362.15,373.55,362.15,372.8,4952
MAITHANALL,20191101,442,455.05,437,450.65,33752
MAJESCO,20191101,426.8,434.05,422.3,429.6,14418
MALUPAPER,20191101,24.85,24.85,24,24.35,17941
MAN50ETF,20191101,120.7,120.7,120.2,120.2,270040
MANAKALUCO,20191101,4.15,4.7,4.15,4.35,4568
MANAKCOAT,20191101,3.75,3.95,3.75,3.75,4272
MANAKSIA,20191101,33.25,36.5,33.25,34.35,15364
MANAKSTEEL,20191101,10.75,10.75,9.8,10.35,15267
MANALIPETC,20191101,18,18.4,18,18.15,164135
MANAPPURAM,20191101,170,173.35,168.15,172.05,5098259
MANGALAM,20191101,35.9,35.95,34.5,35.95,39196
MANGCHEFER,20191101,30,30.4,29.6,29.8,45499
MANGLMCEM,20191101,313,318.85,305.55,313.2,12644
MANGTIMBER,20191101,5.4,5.5,5.15,5.15,5135
MANINDS,20191101,46.05,48.25,45.95,47.2,50864
MANINFRA,20191101,26.95,27.1,26,26.4,119651
MANUGRAPH,20191101,15,15,14.65,14.85,1682
MARALOVER,20191101,22.95,24.75,21.4,24.4,45087
MARATHON,20191101,83.95,87.65,76.2,78.25,4697
MARICO,20191101,367.1,373.9,367.1,370.4,2034159
MARKSANS,20191101,14.85,15.65,14.7,15.45,1244258
MARUTI,20191101,7599.95,7649,7545.1,7618.65,1151035
MASFIN,20191101,713.75,730.25,706.35,717.6,23402
MASKINVEST,20191101,42.45,44.5,42.45,44.5,50
MASTEK,20191101,344.9,344.9,334.3,336.35,33214
MATRIMONY,20191101,504.05,507.45,497.75,504,923
MAWANASUG,20191101,35.8,36.15,34.7,35.05,573910
MAXINDIA,20191101,74.65,74.65,69.2,70.5,67352
MAXVIL,20191101,38.2,38.75,37.9,38.05,89154
MAYURUNIQ,20191101,221.85,223.15,218,218.45,27167
MAZDA,20191101,371,378,361,364.8,5682
MBAPL,20191101,78,78,64.9,75,2462
MBECL,20191101,3.6,3.8,3.5,3.6,15905
MBLINFRA,20191101,5,5.25,5,5.25,22683
MCDHOLDING,20191101,18,18.4,17.75,17.85,14799
MCDOWELL-N,20191101,628.85,639.5,625.55,637,1978384
MCLEODRUSS,20191101,7.1,7.35,6.9,7.3,876296
MCX,20191101,1143.4,1200,1141.1,1187,611406
MEGASOFT,20191101,7.4,7.4,7.05,7.15,1568
MEGH,20191101,51.75,52.65,51.55,52,454300
MELSTAR,20191101,0.8,0.8,0.8,0.8,50
MENONBE,20191101,59,59,55.2,57.4,13524
MEP,20191101,30.55,32.6,30.55,31.95,80198
MERCATOR,20191101,1.05,1.05,1,1.05,447543
METALFORGE,20191101,7.8,7.8,7.8,7.8,4685
METROPOLIS,20191101,1435,1451.8,1409.9,1430.2,15595
MFSL,20191101,407.95,410.4,402.75,403.6,527407
MGL,20191101,1020.15,1032.75,1004.15,1009.05,562356
MHRIL,20191101,216.9,238.5,216.9,231.7,193822
MIC,20191101,0.65,0.65,0.55,0.65,65180
MIDHANI,20191101,146.5,170.4,146.5,162.55,3491365
MINDACORP,20191101,102.4,104.5,99.5,99.9,845780
MINDAIND,20191101,370,374,361.5,368.2,66055
MINDTECK,20191101,34.5,34.5,32,33.15,3645
MINDTREE,20191101,711,726.05,711,720.35,396818
MIRCELECTR,20191101,7.75,7.75,7.4,7.6,238588
MIRZAINT,20191101,58.4,59.2,57.55,58.05,133389
MMFL,20191101,406.95,408,401.35,405.05,3280
MMTC,20191101,19.3,19.7,18.65,19.4,1588906
MOHITIND,20191101,5,5,4.8,4.8,1491
MOHOTAIND,20191101,11.05,11.05,10.05,10.05,11068
MOIL,20191101,138.35,140.55,137,138.35,320154
MOLDTECH,20191101,50,51.9,50,51.15,20716
MOLDTKPAC,20191101,301.9,304.95,293.4,299,25239
MONTECARLO,20191101,235,238.5,232,237.05,11136
MORARJEE,20191101,13.45,13.45,12.45,12.95,8308
MOREPENLAB,20191101,16.3,17.4,15.8,17.05,956152
MOTHERSUMI,20191101,123.5,125,121.4,122.3,7567115
MOTILALOFS,20191101,651,707.6,642.2,692.05,1435718
MOTOGENFIN,20191101,32.85,35.8,32.85,35.8,242
MPHASIS,20191101,945.1,954.95,942.45,951.85,59602
MPSLTD,20191101,598.9,598.9,582,588.35,43213
MRF,20191101,65990,66495.6,64684.4,64965.8,7154
MRO-TEK,20191101,26.6,26.6,26.6,26.6,616
MRPL,20191101,55.5,56.6,53.25,53.55,864030
MSPL,20191101,5.4,5.45,5.25,5.25,4030
MSTCLTD,20191101,114.7,121.2,111.25,117.9,463957
MTEDUCARE,20191101,22.35,22.4,22.35,22.4,2246
MTNL,20191101,8.05,8.05,8.05,8.05,94290
MUKANDENGG,20191101,11.2,12.4,11.05,12.15,7296
MUKANDLTD,20191101,32.05,34.45,32,34,24040
MUKTAARTS,20191101,41.75,41.75,40.3,41,14982
MUNJALAU,20191101,45.2,46,44.1,45.1,143538
MUNJALSHOW,20191101,137,141.8,137,138.95,18272
MURUDCERA,20191101,15.75,15.9,15.4,15.55,23012
MUTHOOTCAP,20191101,465,465,450,458.65,14826
MUTHOOTFIN,20191101,710,717.5,706.75,709.15,533996
MVL,20191101,0.1,0.1,0.05,0.1,235721
N100,20191101,560.01,568.95,556.01,567.35,9459
NACLIND,20191101,29.8,29.8,28.2,28.35,33277
NAGAFERT,20191101,3.2,3.2,3.05,3.2,36733
NAGAROIL,20191101,0.25,0.25,0.2,0.25,171222
NAGREEKCAP,20191101,6.95,7.25,6.95,7.25,297
NAGREEKEXP,20191101,14.9,16.95,14.9,15.3,3197
NAHARCAP,20191101,74,77.4,72.8,74,1153
NAHARINDUS,20191101,26.7,27,25.95,26.45,13060
NAHARPOLY,20191101,35.4,35.4,34,34.55,117
NAHARSPING,20191101,53.15,53.25,50.65,51.5,4497
NATCOPHARM,20191101,591,596.4,580.55,586.25,173413
NATHBIOGEN,20191101,322.15,347,322.15,344,57176
NATIONALUM,20191101,45.4,46.4,44.45,46,9563069
NATNLSTEEL,20191101,1.8,1.9,1.8,1.8,15916
NAUKRI,20191101,2551,2669.8,2528.5,2616.3,363926
NAVINFLUOR,20191101,906.6,914.45,884.55,894,46256
NAVKARCORP,20191101,35.8,36.7,34.55,35.2,148208
NAVNETEDUL,20191101,103,104.8,100,101.05,44173
NBCC,20191101,37.7,38.3,37.15,37.5,10741263
NBIFIN,20191101,1440,1500,1440,1482.15,341
NBVENTURES,20191101,74.1,74.1,73,73.7,45884
NCC,20191101,58,60.7,57.2,59.15,22125705
NCLIND,20191101,91.35,92.85,90,90.75,54135
NDL,20191101,33,34.8,32.5,33.9,10144
NDTV,20191101,32.1,34,32.1,33,7832
NECCLTD,20191101,5.3,5.55,5.1,5.4,21213
NECLIFE,20191101,14.15,14.6,13.75,14.35,163775
NELCAST,20191101,46.4,46.4,44,44.25,144372
NELCO,20191101,252.75,256.3,251.3,253.35,23142
NEOGEN,20191101,391.4,392.1,378.1,383.45,12495
NESCO,20191101,562.5,565,554.55,561.2,24162
NESTLEIND,20191101,14947,15069.6,14850.3,14959.8,49392
NETF,20191101,120.55,120.55,120.28,120.28,1776
NETFCONSUM,20191101,55.05,55.49,54.85,55.44,1665
NETFDIVOPP,20191101,30.26,30.47,30.17,30.47,791
NETFLTGILT,20191101,20.11,20.16,20.11,20.12,847
NETFMID150,20191101,62,62.74,61.71,61.71,36444
NETFNIF100,20191101,124.7,124.7,123.5,123.62,686
NETFNV20,20191101,592,596,587.1,595.16,2044
NETWORK18,20191101,23.5,24.65,23.5,24.1,535833
NEULANDLAB,20191101,494,510,476.3,498,23364
NEWGEN,20191101,176.9,184.95,175,181.65,55472
NEXTMEDIA,20191101,9.65,11,8.85,11,41105
NFL,20191101,28.75,29.6,28.55,29.15,666954
NH,20191101,265.6,272.4,260,264.15,22761
NHPC,20191101,23.65,23.65,23.4,23.5,989375
NIACL,20191101,169.85,173.9,162.1,164.1,396797
NIBL,20191101,7.4,7.75,7.4,7.75,990
NIFTYBEES,20191101,1254,1263.6,1252.37,1261.41,44483
NIFTYEES,20191101,15350,15350,14825.01,14850,6
NIITLTD,20191101,98,98.95,95.55,96.4,382070
NIITTECH,20191101,1553,1561.15,1525.85,1558.75,367674
NILAINFRA,20191101,4.95,5.1,4.85,4.85,81055
NILASPACES,20191101,1.35,1.4,1.3,1.3,95483
NILKAMAL,20191101,1232,1296,1232,1281.5,10763
NIPPOBATRY,20191101,455.95,470,443.6,445.4,4662
NITCO,20191101,23.7,24.7,23.7,24.05,46788
NITINSPIN,20191101,56.15,56.9,55,56.5,18045
NKIND,20191101,28.5,28.6,28.5,28.6,211
NLCINDIA,20191101,58.85,59.4,57.8,58,270123
NMDC,20191101,112.6,112.6,108.8,110.45,3761295
NOCIL,20191101,122,122.8,117,118.3,826764
NOIDATOLL,20191101,4,4,4,4,74714
NORBTEAEXP,20191101,3.9,3.9,3.9,3.9,1
NPBET,20191101,168.45,169.69,168.23,169.59,276
NRAIL,20191101,236,236,225.45,228.7,3257
NRBBEARING,20191101,107.7,112,107.7,109.15,42745
NSIL,20191101,835,849.05,813,834.1,778
NTL,20191101,0.5,0.5,0.4,0.4,753
NTPC,20191101,123,123.2,121.1,121.5,4170369
NUCLEUS,20191101,308.25,308.25,302.45,303.55,4224
OAL,20191101,202.05,203.7,199.45,202.3,1688
OBEROIRLTY,20191101,510.05,519.7,502.05,511,319612
OCCL,20191101,1009.95,1017.65,1006,1010.65,2790
OFSS,20191101,3149,3240,3140,3173.35,23292
OIL,20191101,172.5,173.65,167.6,168.5,540876
OILCOUNTUB,20191101,6.7,7,6.45,6.8,34435
OISL,20191101,4.5,4.85,4.5,4.6,16300
OLECTRA,20191101,196.8,196.8,190.2,190.9,22582
OMAXAUTO,20191101,53.7,53.7,46.2,49.95,47569
OMAXE,20191101,185.15,186.75,184.45,184.8,51794
OMKARCHEM,20191101,4.4,4.45,4.4,4.45,21010
OMMETALS,20191101,20.1,21,19.9,20.5,177010
ONELIFECAP,20191101,5.25,5.25,5.25,5.25,500
ONEPOINT,20191101,16.4,16.4,14.05,14.6,30787
ONGC,20191101,140.55,144.75,140.1,144.15,8049866
ONMOBILE,20191101,39.8,39.8,34.3,34.7,270523
ONWARDTEC,20191101,67.8,69.5,66.75,67.75,10512
OPTIEMUS,20191101,40.1,40.1,40.1,40.1,84
OPTOCIRCUI,20191101,4.25,4.3,4.05,4.15,111759
ORBTEXP,20191101,91.25,93.4,88.35,90.4,2545
ORICONENT,20191101,20.6,20.8,20.1,20.35,48771
ORIENTABRA,20191101,17.45,18.5,16.95,18.05,29085
ORIENTALTL,20191101,13.3,13.75,13.25,13.25,6666
ORIENTBANK,20191101,54.95,56.9,54.5,55.55,1404620
ORIENTBELL,20191101,122,124,118,119.25,10462
ORIENTCEM,20191101,79.3,79.5,77.35,77.9,88142
ORIENTELEC,20191101,199.8,200,187.5,190.8,190235
ORIENTHOT,20191101,34.65,36.25,34.35,36,23569
ORIENTLTD,20191101,104.95,107.05,102.1,102.1,334
ORIENTPPR,20191101,27,27.6,26.9,27.05,236414
ORIENTREF,20191101,218,224,218,219.1,19646
ORISSAMINE,20191101,979.95,1019.95,978.6,998.4,13680
ORTINLABSS,20191101,9.55,10.25,9.3,9.65,22611
OSWALAGRO,20191101,6.1,6.25,5.65,6,33569
PAEL,20191101,3.65,3.65,3.65,3.65,2350
PAGEIND,20191101,25800,25850,24706.45,25049.8,30366
PAISALO,20191101,465,465,458.15,462.35,11412
PALASHSECU,20191101,32.6,33.9,30.15,33.15,3083
PALREDTEC,20191101,22.05,23,22.05,23,613
PANACEABIO,20191101,141.7,147.8,139.9,143.1,35146
PANAMAPET,20191101,73.45,73.5,71.05,71.4,11191
PAPERPROD,20191101,257.95,258.1,247.5,251.25,22566
PARABDRUGS,20191101,1.05,1.1,1.05,1.1,3486
PARACABLES,20191101,9,9.3,8.7,9.1,82877
PARAGMILK,20191101,144.4,149.9,142.1,145.05,393112
PARSVNATH,20191101,2.5,2.5,2.4,2.45,293561
PATELENG,20191101,15.25,15.3,15.1,15.3,311612
PATINTLOG,20191101,22.5,23,22.2,22.7,8681
PATSPINLTD,20191101,5.1,6,5.1,5.7,17531
PCJEWELLER,20191101,32.2,33.7,32,32.65,5743613
PDMJEPAPER,20191101,16.4,16.5,15.25,15.85,70005
PDPL,20191101,2.5,2.7,2.5,2.7,217
PDSMFL,20191101,320,320,315.05,319.8,2104
PEARLPOLY,20191101,9.5,10.3,9.5,10.3,2215
PEL,20191101,1696.8,1768,1692.05,1758.05,1980953
PENIND,20191101,26.85,28.2,26.2,27.25,191165
PENINLAND,20191101,3.65,4.35,3.6,4.25,913757
PERSISTENT,20191101,624,624.6,612.55,614.2,236005
PETRONENGG,20191101,6.1,6.1,6.1,6.1,136
PETRONET,20191101,286.8,288.85,281,283.5,4861869
PFC,20191101,109,112.1,108.15,111.1,5487898
PFIZER,20191101,4058,4149,4000,4008.55,48032
PFOCUS,20191101,68,68.05,64,67.2,79627
PFS,20191101,13.6,13.95,13.5,13.8,467144
PGEL,20191101,39.5,41.8,39.2,40.05,102067
PGHH,20191101,12288.95,12388.9,11965,12115.8,5077
PGHL,20191101,4675,4709.9,4599.9,4614.2,14996
PGIL,20191101,157,160,150,155.45,1077
PHILIPCARB,20191101,126.2,127.65,124.2,125.3,717148
PHOENIXLTD,20191101,730,730,713,718.1,95128
PIDILITIND,20191101,1409,1424.45,1393.1,1397.95,695464
PIIND,20191101,1432.85,1432.85,1385,1388.25,121109
PILANIINVS,20191101,1815,1850,1796,1798.9,4114
PILITA,20191101,5.65,5.7,5.5,5.55,99632
PIONDIST,20191101,129.65,132.35,128.05,130.9,3683
PIONEEREMB,20191101,29,29.05,27.75,28.25,8996
PIRPHYTO,20191101,21,22.45,20.6,22.45,4867
PITTIENG,20191101,42,44.7,42,42.7,35163
PKTEA,20191101,137.4,144,130.6,139.2,434
PLASTIBLEN,20191101,174.75,181,173,177.35,2387
PNB,20191101,65.6,67.75,65.1,67.15,29095991
PNBGILTS,20191101,28.55,29.65,28.5,29.45,225594
PNBHOUSING,20191101,534.9,553.95,529,535.8,733015
PNC,20191101,14.95,14.95,13.35,14,3481
PNCINFRA,20191101,168.05,174.45,165,172,495773
PODDARHOUS,20191101,359,378,343.05,378,677
PODDARMENT,20191101,171.1,175,170,170,1276
POKARNA,20191101,170.75,174.8,168.05,170,15448
POLYCAB,20191101,857.65,875,847.4,854.9,156889
POLYMED,20191101,207,207,201.35,206.7,10227
POLYPLEX,20191101,493.3,503.75,493.15,497.85,35988
PONNIERODE,20191101,115.5,128.9,112.05,121,15052
POWERGRID,20191101,198.45,198.85,196.75,197.3,4952073
POWERMECH,20191101,695.85,723.7,690,694.3,4535
PPAP,20191101,187.4,191,185,189.55,9947
PPL,20191101,72.9,78.2,71.25,78.2,65843
PRABHAT,20191101,84.65,86.7,84.4,85.95,37604
PRADIP,20191101,0.7,0.7,0.6,0.6,11202
PRAENG,20191101,6.8,7.25,6.6,6.75,4401
PRAJIND,20191101,115.25,116.6,113.05,113.4,1164731
PRAKASH,20191101,52,59,52,53.7,1164677
PRAKASHSTL,20191101,0.2,0.2,0.2,0.2,10358
PRAXIS,20191101,68.9,68.9,64,64.75,5613
PRECAM,20191101,32.1,33.75,32,32.7,51302
PRECOT,20191101,30.9,30.9,25.65,29.6,2740
PRECWIRE,20191101,188,191.85,185.1,189.9,9297
PREMEXPLN,20191101,170.4,170.7,168,169.8,2889
PREMIER,20191101,2.5,2.5,2.5,2.5,30
PREMIERPOL,20191101,18.6,19,18.2,18.55,296
PRESSMN,20191101,20.65,21.9,20.65,21.05,13692
PRESTIGE,20191101,302.2,314.7,301.25,305.8,169709
PRICOLLTD,20191101,35.55,35.7,34.05,34.4,85054
PRIMESECU,20191101,47.65,50.75,45.45,48.65,174766
PROSEED,20191101,0.25,0.3,0.25,0.3,36990
PROVOGE,20191101,1.05,1.05,1.05,1.05,59003
PROZONINTU,20191101,21.8,21.8,21,21.35,53846
PRSMJOHNSN,20191101,80,83.7,78.4,83.05,243622
PSB,20191101,20.35,21.4,20.3,20.65,131999
PSL,20191101,0.6,0.6,0.6,0.6,70
PSPPROJECT,20191101,537.15,551,537.15,542.45,20189
PSUBNKBEES,20191101,275.35,282.94,275.3,278.21,244332
PTC,20191101,60.4,60.4,59.15,59.6,447727
PTL,20191101,38,38,37.1,37.35,3508
PUNJABCHEM,20191101,541,550,530.3,548.8,767
PURVA,20191101,65.15,67.95,65,67.15,78402
PVR,20191101,1788.05,1809.85,1775,1781.5,233031
QGOLDHALF,20191101,1697.05,1705,1697.05,1703,1301
QUESS,20191101,515,518,493.5,498.7,221104
QUICKHEAL,20191101,135.6,136.7,130.15,131.8,113948
RADAAN,20191101,1.3,1.3,1.2,1.25,1627
RADICO,20191101,317.75,330.8,312,324.85,437121
RADIOCITY,20191101,30.9,31.05,29,29.3,102000
RAIN,20191101,98.55,107.1,98.05,102.35,4202318
RAJESHEXPO,20191101,680,683.2,676.35,678.7,254817
RAJSREESUG,20191101,17.4,17.8,17,17.55,11864
RAJTV,20191101,44.5,44.5,42.65,43.8,2959
RALLIS,20191101,168.5,171.2,166.55,169.35,126335
RAMANEWS,20191101,16.1,17.6,15.8,16.1,20003
RAMASTEEL,20191101,53.2,53.2,49.2,49.75,33040
RAMCOCEM,20191101,786.35,816,785.75,800.8,464708
RAMCOIND,20191101,188.4,188.4,182.25,184.45,82609
RAMCOSYS,20191101,170.85,171.55,165.25,166.9,64687
RAMKY,20191101,50.5,50.5,47.9,49.35,41823
RANASUG,20191101,2.4,2.75,2.4,2.55,680343
RANEENGINE,20191101,221.45,221.45,209,212.3,3648
RANEHOLDIN,20191101,890.95,900,883.5,890.6,1783
RATNAMANI,20191101,963.95,963.95,935.15,960.6,5283
RAYMOND,20191101,579.75,594.7,576.05,591.05,357187
RBL,20191101,535,535,516,518.75,11277
RBLBANK,20191101,312,324.8,303.3,310.45,19035303
RCF,20191101,55.65,56.9,53.8,54.5,1692105
RCOM,20191101,0.7,0.7,0.65,0.7,12686332
RECLTD,20191101,139.8,142.1,139.15,141.6,4939303
REDINGTON,20191101,119.2,119.2,116.3,116.85,74062
REFEX,20191101,50.8,50.8,50.8,50.8,64021
REGENCERAM,20191101,1.7,1.7,1.7,1.7,3
RELAXO,20191101,550,558.65,540,544.4,123944
RELCAPITAL,20191101,20.25,20.25,19.5,20.25,2462344
RELIANCE,20191101,1455,1461.8,1441,1456.9,6356579
RELIGARE,20191101,49.05,49.35,47,47.55,439138
RELINFRA,20191101,36.75,36.75,35.1,36.75,5658060
REMSONSIND,20191101,86.1,88.85,84.3,86.05,8637
RENUKA,20191101,7.35,8.15,7.35,7.75,1567571
REPCOHOME,20191101,293,321.4,293,308.25,167296
REPRO,20191101,630.95,630.95,610,614.85,3187
RESPONIND,20191101,92.2,94.9,91,92.65,147826
REVATHI,20191101,386.2,386.2,380,380,97
RGL,20191101,254,260,250,251.65,2419
RHFL,20191101,5,5,5,5,44221
RICOAUTO,20191101,47.5,48.1,45.9,46.3,244215
RIIL,20191101,279.8,291.3,275.45,285.9,588972
RITES,20191101,283.8,288.65,272.3,287,455837
RKDL,20191101,6.2,6.3,6,6.3,259
RKFORGE,20191101,295.25,301.8,287.6,294.25,127699
RMCL,20191101,4.25,4.25,3.9,4.1,16184
RML,20191101,274.9,274.95,262.25,263.45,15019
RNAM,20191101,361,367,351.75,355.9,1868967
RNAVAL,20191101,3.6,3.6,3.6,3.6,92170
ROHITFERRO,20191101,0.45,0.5,0.45,0.5,2001
ROHLTD,20191101,79.3,82.3,79.25,80.85,15930
ROLLT,20191101,2,2,1.95,2,2100
ROLTA,20191101,4.7,5.05,4.7,5.05,143057
ROSSELLIND,20191101,62,64.7,58.25,59.2,1071
RPGLIFE,20191101,272,279.35,255,257.95,342049
RPOWER,20191101,3.35,3.45,3.25,3.35,17664216
RPPINFRA,20191101,95.5,96.5,91.5,92.45,39830
RSSOFTWARE,20191101,24.65,24.65,22.9,23.35,20739
RSWM,20191101,106,106.6,102.45,103.2,19858
RSYSTEMS,20191101,49.25,50.85,47.45,48.9,34021
RTNINFRA,20191101,1.35,1.35,1.3,1.35,446069
RTNPOWER,20191101,1.6,1.6,1.6,1.6,331682
RUBYMILLS,20191101,170,179,170,174.95,509
RUCHINFRA,20191101,1.9,1.9,1.8,1.8,5149
RUCHIRA,20191101,81.2,84.05,79.05,80,48626
RUCHISOYA,20191101,3.6,3.6,3.5,3.6,922091
RUPA,20191101,184.65,189.75,182,182.85,23737
RUSHIL,20191101,98.4,98.55,93.9,98,36662
RVNL,20191101,23.85,25.75,23.8,25.45,18516376
SABTN,20191101,1.55,1.65,1.55,1.55,28147
SADBHAV,20191101,135.1,137.35,135,135.3,45268
SADBHIN,20191101,42.1,43.9,41.55,43.4,4984
SAFARI,20191101,562.05,577.7,554.45,563.4,1190
SAGARDEEP,20191101,55.4,58.5,54,56.4,10734
SAGCEM,20191101,586.95,599.2,576.35,581.4,1661
SAIL,20191101,36.7,39.4,36.55,38.95,46394896
SAKAR,20191101,52,52,50.1,52,12905
SAKHTISUG,20191101,8.25,8.8,8.25,8.55,145253
SAKSOFT,20191101,236,242.8,230.9,237.1,12865
SAKUMA,20191101,7.15,7.15,7.05,7.1,204202
SALASAR,20191101,100.55,103,99,101.45,9665
SALONA,20191101,63.5,70,63.5,65.75,223
SALSTEEL,20191101,2.6,2.7,2.6,2.7,4911
SALZERELEC,20191101,122.7,127.6,122.3,124.05,10152
SAMBHAAV,20191101,2.85,3.15,2.6,3.15,156522
SANCO,20191101,16.35,16.35,15.7,15.8,200059
SANDESH,20191101,610.05,620,610,611.1,147
SANDHAR,20191101,238.05,244,225,241.15,20735
SANGAMIND,20191101,40.05,41.75,39.3,41.35,6928
SANGHIIND,20191101,46.25,46.5,43.35,43.8,267429
SANGHVIMOV,20191101,78.05,78.95,76.5,77.7,17320
SANGINITA,20191101,136.75,140.85,136.7,138.25,28487
SANOFI,20191101,6799.95,6875,6612.7,6703,5267
SANWARIA,20191101,1.9,1.9,1.85,1.9,5159821
SARDAEN,20191101,176,182.55,175,177.65,34621
SAREGAMA,20191101,338,387.1,338,377.35,30958
SARLAPOLY,20191101,20.8,21.55,20.8,21,24823
SASKEN,20191101,595.7,602.25,583,594.85,7707
SASTASUNDR,20191101,92.95,92.95,87.25,89,14532
SATHAISPAT,20191101,2.85,3,2.8,3,69342
SATIA,20191101,78.5,78.5,74.4,75.85,14004
SATIN,20191101,220.1,227.5,217,225.35,59104
SBIETFQLTY,20191101,101.5,105,101.5,102.41,4645
SBILIFE,20191101,993.3,1009,993.3,997.5,655253
SBIN,20191101,312.4,315,308.6,313.55,44894016
SCAPDVR,20191101,0.45,0.45,0.45,0.45,1582
SCHAEFFLER,20191101,4315,4400,4290,4338.45,1879
SCHAND,20191101,60.4,62.5,60.3,61.85,5694
SCHNEIDER,20191101,76.75,78.25,76.25,77.45,69403
SCI,20191101,58.1,63.85,57,62.3,7404001
SDBL,20191101,113,114.35,110.75,112,13584
SEAMECLTD,20191101,384.95,384.95,372.1,377.15,343
SELAN,20191101,141.7,142.9,138.6,139.25,16764
SELMCL,20191101,0.7,0.7,0.6,0.65,52491
SEPOWER,20191101,2.65,3.05,2.65,2.8,1974
SEQUENT,20191101,76.05,76.75,75,75.2,75487
SESHAPAPER,20191101,183.1,185,176.2,178.25,27793
SETCO,20191101,15.4,16,15.3,15.6,107774
SETF10GILT,20191101,186.4,188,185.5,188,19
SETFGOLD,20191101,3470,3501.95,3469.95,3499.05,2696
SETFNIF50,20191101,120,122.4,120,122.25,915882
SETFNIFBK,20191101,305.21,306.98,302.26,306.21,21254
SETFNN50,20191101,299,299,293.3,295.57,4246
SETUINFRA,20191101,1.35,1.45,1.35,1.45,63460
SEYAIND,20191101,222,222,216.7,219,6368
SFL,20191101,1239.85,1251.95,1221.05,1249.65,2512
SGL,20191101,7.25,8.65,7.25,8.45,14467
SHAHALLOYS,20191101,9.05,9.1,8.4,8.95,1207
SHAKTIPUMP,20191101,263.95,267,260.05,261.55,20692
SHALBY,20191101,104.2,112.85,104.2,111.5,72335
SHALPAINTS,20191101,93.5,94.4,90,90.35,24704
SHANKARA,20191101,355.9,360.75,345,360.75,75726
SHANTIGEAR,20191101,105,105.9,101.15,102.3,8678
SHARDACROP,20191101,277.1,281.6,274.5,275.75,5240
SHARDAMOTR,20191101,1124.55,1141.85,1124.55,1129.05,765
SHARIABEES,20191101,260.71,264.3,259.52,260.67,8919
SHEMAROO,20191101,184.85,185.2,179,182.3,4863
SHILPAMED,20191101,302.65,302.65,302.65,302.65,11429
SHIRPUR-G,20191101,7.15,7.8,7.15,7.5,359213
SHIVAMAUTO,20191101,23.9,24.4,23.1,23.45,56252
SHIVAMILLS,20191101,37,37,34.35,34.95,1671
SHIVATEX,20191101,125,129,124.5,126.15,283
SHK,20191101,125.45,127,123.05,125.5,14384
SHOPERSTOP,20191101,380,386.95,376.35,379.95,5960
SHREDIGCEM,20191101,22.45,23,21.65,21.8,489068
SHREECEM,20191101,19952.6,20300,19803,20003.65,17769
SHREEPUSHK,20191101,99.5,99.5,94.2,95.5,16953
SHREERAMA,20191101,3.35,3.5,3.35,3.5,849
SHRENIK,20191101,57.5,61.1,57.5,59.35,83071
SHREYANIND,20191101,128.8,128.8,122.5,123.25,6243
SHREYAS,20191101,83,87.3,82.5,84.95,7648
SHRIPISTON,20191101,740,773,740,741.95,75
SHRIRAMCIT,20191101,1325,1352.9,1320.6,1322.85,12019
SHRIRAMEPC,20191101,7.7,7.9,7.7,7.7,296772
SHYAMCENT,20191101,2.7,2.9,2.7,2.8,19720
SICAGEN,20191101,15.8,16.8,15.8,16.6,5050
SICAL,20191101,19.55,19.55,18.8,19.55,390235
SIEMENS,20191101,1666.45,1693.4,1661.75,1671.65,445320
SIGIND,20191101,22.7,23.8,22.7,23.05,7072
SIL,20191101,11.3,11.3,11.3,11.3,81
SILINV,20191101,146.1,148.05,142,146.5,3474
SIMBHALS,20191101,6.4,6.65,6.4,6.65,19367
SIMPLEXINF,20191101,55,57,54.2,54.55,70154
SINTEX,20191101,0.8,0.8,0.8,0.8,2258819
SIRCA,20191101,170.8,178.2,158.5,166.1,14051
SIS,20191101,912,929.95,900,914.7,2676
SITINET,20191101,1.65,1.65,1.65,1.65,4811
SIYSIL,20191101,246,255.05,240.15,243.6,10604
SJVN,20191101,24.7,24.85,24.45,24.7,720464
SKFINDIA,20191101,2187.25,2279.65,2170.3,2182.65,52128
SKIL,20191101,3.9,4.3,3.9,4.3,2444
SKIPPER,20191101,59.15,62.25,58.1,60.05,93227
SKMEGGPROD,20191101,38.65,39.8,38.6,39.05,12426
SMARTLINK,20191101,84.15,88,83.3,87.45,767
SMLISUZU,20191101,594.9,596,550,562.5,38238
SMSLIFE,20191101,264.2,271.65,262.75,271.65,6150
SMSPHARMA,20191101,41.5,42.3,41.5,42.05,40021
SNOWMAN,20191101,39,39.35,38.3,38.5,140177
SOBHA,20191101,426.9,431.4,417.9,425.8,166516
SOLARA,20191101,419.75,426.75,410.35,415.1,9298
SOLARINDS,20191101,1064.35,1077.4,1062,1068.25,3656
SOMANYCERA,20191101,189.9,189.95,183.65,184.9,42360
SOMATEX,20191101,2.7,2.85,2.7,2.85,19
SOMICONVEY,20191101,14.65,14.7,13.5,14.15,6054
SONATSOFTW,20191101,313.6,317.4,310.1,311.5,89808
SORILINFRA,20191101,93,95.7,89.15,95.7,42760
SOTL,20191101,975,1019,969,993.6,578
SOUTHBANK,20191101,11.25,11.8,11.15,11.65,10162151
SOUTHWEST,20191101,17.7,17.7,16,16.2,1660
SPAL,20191101,202.7,204.2,195.25,200.05,15818
SPANDANA,20191101,1120,1220,1101,1112.35,268264
SPARC,20191101,140.2,147.4,139.8,143.4,1432257
SPCENET,20191101,1.05,1.1,1,1.1,101323
SPECIALITY,20191101,77.5,82.95,75,77.8,152441
SPENCERS,20191101,72,74.4,71.85,73.5,91860
SPENTEX,20191101,0.35,0.35,0.3,0.3,7204
SPIC,20191101,21,21.65,21,21.2,86414
SPICEJET,20191101,117.8,121.5,116.3,117.95,2319251
SPLIL,20191101,31,32.15,30.15,31.05,15775
SPMLINFRA,20191101,10.25,10.25,9.75,10.25,68657
SPTL,20191101,1.6,1.6,1.6,1.6,714064
SPYL,20191101,0.3,0.3,0.25,0.25,172244
SREEL,20191101,172.15,173.85,170,171.8,18804
SREINFRA,20191101,10.8,10.95,10.8,10.95,283634
SRF,20191101,2895.55,2925.3,2860,2902.6,307775
SRHHYPOLTD,20191101,112.85,112.85,106.25,107.9,4176
SRIPIPES,20191101,177.6,185.1,177.05,177.8,82267
SRTRANSFIN,20191101,1145.75,1164.9,1137.55,1144.1,761173
SSWL,20191101,771.1,773.5,767.05,770,4451
STAMPEDE,20191101,0.7,0.7,0.6,0.65,32836
STAR,20191101,387.35,396.5,385.1,389,480240
STARCEMENT,20191101,96,97.5,95.5,96.5,65144
STARPAPER,20191101,106.7,107,104.85,105.1,48470
STCINDIA,20191101,63.75,67.05,61.2,65.7,146309
STEELCITY,20191101,31.95,31.95,30.95,31.65,6856
STEELXIND,20191101,11.35,11.35,10.6,10.85,7690
STEL,20191101,69.5,72.9,69.5,70,6815
STERTOOLS,20191101,171.4,182.5,171.4,179,15542
STRTECH,20191101,130,134.6,129.4,132.7,1013157
SUBCAPCITY,20191101,5.2,5.7,5.2,5.2,51
SUBEX,20191101,5.15,5.35,5.1,5.25,418645
SUBROS,20191101,256.65,260.8,252.75,255.2,69045
SUDARSCHEM,20191101,411.8,411.8,398,401.05,73504
SUJANAUNI,20191101,0.15,0.2,0.15,0.2,212092
SUMEETINDS,20191101,1.7,1.7,1.55,1.7,91678
SUMIT,20191101,20.2,21.1,18.3,19.55,10917
SUMMITSEC,20191101,455,471.65,449,459.05,2155
SUNCLAYLTD,20191101,2147,2147,2100,2120.25,682
SUNDARAM,20191101,1.5,1.5,1.35,1.35,282443
SUNDARMFIN,20191101,1611.95,1634.45,1605.3,1611.4,7624
SUNDARMHLD,20191101,69,69.05,68.6,68.95,21560
SUNDRMBRAK,20191101,262.4,263.5,250,252.1,1317
SUNDRMFAST,20191101,494.5,499,471,478.45,93419
SUNFLAG,20191101,25.45,28.5,25.4,27.6,396591
SUNPHARMA,20191101,434.65,440.9,433.1,437.55,3545584
SUNTECK,20191101,420.95,434,418.15,423.1,103276
SUNTV,20191101,527.5,551.3,526.05,542.65,1653964
SUPERHOUSE,20191101,90.9,91.2,87.7,89.55,7979
SUPERSPIN,20191101,4,4,3.7,3.8,27189
SUPPETRO,20191101,175.55,180.15,171.8,175.9,6724
SUPRAJIT,20191101,189,191,185,187.7,12342
SUPREMEIND,20191101,1161.2,1215,1120.6,1136.35,92455
SURANASOL,20191101,6,6.1,5.65,6.05,10154
SURANAT&P,20191101,3.5,3.5,3.5,3.5,5155
SURYALAXMI,20191101,16.9,18.2,15.4,16.95,19260
SURYAROSNI,20191101,185.8,192.8,185.5,191.1,186051
SUTLEJTEX,20191101,29,29.55,28.7,28.8,15787
SUVEN,20191101,281,286.4,278.15,281.6,172271
SUZLON,20191101,2.7,2.8,2.65,2.7,10494172
SWANENERGY,20191101,104.5,104.8,101.6,103.95,84810
SWARAJENG,20191101,1150.85,1163.95,1140,1146.85,9027
SWELECTES,20191101,119.5,120.5,115.2,117,5914
SWSOLAR,20191101,582,587.75,567,570.55,155219
SYMPHONY,20191101,1300,1309.8,1261.4,1267,4915
SYNCOM,20191101,0.9,0.9,0.8,0.9,4880
SYNDIBANK,20191101,30.15,30.8,29.55,29.75,2202467
SYNGENE,20191101,331.7,331.7,323.5,325.25,41241
TAINWALCHM,20191101,51,53.9,50.05,52.85,933
TAJGVK,20191101,167.5,167.95,163.6,165.95,17260
TAKE,20191101,112.25,115,112,113.8,111734
TALBROAUTO,20191101,132,132,123,124.05,9308
TALWALKARS,20191101,4.05,4.05,4.05,4.05,13965
TALWGYM,20191101,4.2,4.25,3.95,4.1,65874
TANLA,20191101,46.9,47.55,45.6,45.95,95019
TANTIACONS,20191101,1,1.05,1,1.05,305
TARAPUR,20191101,4.7,4.7,4.3,4.55,1729
TARMAT,20191101,25,25,24.1,24.85,3624
TASTYBITE,20191101,9900,10490,9900,10386.5,1370
TATACHEM,20191101,631,644.85,628.05,634.75,1209304
TATACOFFEE,20191101,86.4,87,85.05,85.3,283733
TATACOMM,20191101,356.9,364,352.15,359.85,62119
TATAELXSI,20191101,818.5,836.7,811.8,829.5,817934
TATAGLOBAL,20191101,316.8,322.5,304.3,304.95,9141707
TATAINVEST,20191101,845.9,845.9,828.3,830,8842
TATAMETALI,20191101,618,625.35,603.05,609.15,64267
TATAMOTORS,20191101,175.2,178,172.4,175.05,40613555
TATAMTRDVR,20191101,81.45,83.1,79.8,81.25,11459357
TATAPOWER,20191101,59.6,60.3,59.15,59.5,6997405
TATASTEEL,20191101,380.05,402.9,378,399.5,24111195
TATASTLBSL,20191101,23.6,25.3,23.55,25.05,1129092
TATASTLLP,20191101,409.3,419.8,405,413.55,39041
TBZ,20191101,43.1,43.2,41.9,42.35,62337
TCI,20191101,294,294,284.1,285.85,7542
TCIDEVELOP,20191101,349,371.7,348.1,348.1,251
TCIEXP,20191101,775,782.25,750,756.75,15162
TCIFINANCE,20191101,9.8,9.8,9.1,9.35,3982
TCNSBRANDS,20191101,752.8,752.8,720,723.05,4631
TCPLPACK,20191101,285,289.95,280,280.3,3235
TCS,20191101,2264,2275,2195,2200.9,4172620
TDPOWERSYS,20191101,145.9,148.8,144.25,147.2,3151
TEAMLEASE,20191101,2925.35,2982.3,2860,2885.7,92134
TECHIN,20191101,3.5,3.5,3.35,3.35,4361
TECHM,20191101,740.9,764,740,760.45,4136257
TECHNOE,20191101,267.7,270.4,253.95,268.8,6348
TECHNOFAB,20191101,27.9,27.9,27.9,27.9,3732
TEJASNET,20191101,77,86.1,74.05,82.8,282936
TERASOFT,20191101,23.55,24.8,23.55,24.5,5644
TEXINFRA,20191101,46.75,46.9,41.85,44.2,109721
TEXMOPIPES,20191101,16.2,16.45,15.6,15.85,80691
TEXRAIL,20191101,44.45,44.75,43.6,44,213891
TFCILTD,20191101,81.5,83,80.15,80.45,50099
TFL,20191101,4.05,4.35,4.05,4.1,1294
TGBHOTELS,20191101,4.15,4.2,4,4,15203
THANGAMAYL,20191101,356.8,365.05,342.2,346,13831
THEINVEST,20191101,143,143,131.1,133.45,3976
THEMISMED,20191101,274.05,283,273.7,274,6996
THERMAX,20191101,1138,1169.5,1124,1158,36505
THOMASCOOK,20191101,133.6,137.6,129.6,133.2,496760
THYROCARE,20191101,570,598.7,569.9,588.35,59204
TI,20191101,13.5,13.85,13.5,13.7,17922
TIDEWATER,20191101,4896.95,4900.15,4840.25,4870.15,736
TIIL,20191101,367.25,368,336,345.95,7317
TIINDIA,20191101,399,429,399,425.1,194081
TIJARIA,20191101,8.85,9.25,8.85,8.95,12752
TIL,20191101,204.75,209,196.2,199.7,7406
TIMESGTY,20191101,34.95,36,32.25,32.55,1287
TIMETECHNO,20191101,63.05,67,62.9,65.15,445199
TIMKEN,20191101,896.5,920,871,877.95,88172
TINPLATE,20191101,122,125.35,120.7,123.55,602081
TIPSINDLTD,20191101,74,74,68.6,73.3,2493
TIRUMALCHM,20191101,71.75,73.7,68,68.65,2088179
TITAN,20191101,1331.8,1333.35,1287.05,1301.9,2491686
TMRVL,20191101,15.8,15.8,15.75,15.8,2157
TNPETRO,20191101,37.1,37.1,36.25,36.55,48772
TNPL,20191101,193.7,195.95,192,194.25,75463
TNTELE,20191101,1.3,1.3,1.3,1.3,1
TOKYOPLAST,20191101,75.8,80.7,68.25,78.15,74187
TORNTPHARM,20191101,1786,1818.9,1778,1801.9,189695
TORNTPOWER,20191101,280.15,287,280,280.9,1066374
TPLPLASTEH,20191101,131.85,133.85,127,130.1,1453
TREEHOUSE,20191101,5.9,5.95,5.7,5.9,20293
TREJHARA,20191101,15.45,15.45,15,15,1161
TRENT,20191101,542.1,559,541,547.45,177483
TRF,20191101,115,116.5,110.65,113.5,37818
TRIDENT,20191101,62,63.35,61.6,62.2,589545
TRIGYN,20191101,50,55.9,49.4,53.1,319819
TRIL,20191101,7.5,8.05,7.5,7.9,64244
TRITURBINE,20191101,100.6,106,100,104.6,51375
TRIVENI,20191101,67,67.8,65.55,65.9,1052711
TTKHLTCARE,20191101,518,542,500.4,520,12258
TTKPRESTIG,20191101,6212.5,6268.35,6190,6223.35,1829
TTL,20191101,45.75,46.3,42.9,43.95,6475
TTML,20191101,2.65,2.75,2.55,2.65,1205266
TV18BRDCST,20191101,24.6,26.25,24.4,25.7,6483991
TVSELECT,20191101,121.5,127.5,119.1,127.5,24072
TVSMOTOR,20191101,484.7,488.5,463.2,469.25,2628138
TVSSRICHAK,20191101,1897,1897,1870.95,1889.2,1735
TVTODAY,20191101,319.7,320.05,310.5,312.1,51151
TVVISION,20191101,1.3,1.3,1.25,1.3,5162
TWL,20191101,42,43.3,41.1,42.35,495033
UBL,20191101,1284,1284,1240.5,1249.15,962891
UCALFUEL,20191101,128.2,132,128.2,129.8,20303
UCOBANK,20191101,13.85,14.2,13.6,13.95,922750
UFLEX,20191101,209.7,211,206.1,207.5,49524
UFO,20191101,142.9,143.5,139,139.85,62877
UGARSUGAR,20191101,14.45,14.75,13.8,14,1194595
UJAAS,20191101,3.1,3.35,3.1,3.25,290506
UJJIVAN,20191101,273,276.75,269.1,271.9,1950697
ULTRACEMCO,20191101,4143,4178.8,4131.75,4162.75,255083
UMANGDAIRY,20191101,37.4,39.85,37.4,39.75,3821
UMESLTD,20191101,0.9,1,0.9,1,267
UNICHEMLAB,20191101,190.7,191.3,186.1,187.35,19556
UNIENTER,20191101,66.65,70.35,66.65,67.05,3916
UNIONBANK,20191101,57.35,59.9,57,58.9,12440737
UNIPLY,20191101,41.6,41.8,33.75,33.75,1706653
UNITECH,20191101,0.5,0.5,0.45,0.5,2049718
UNITEDBNK,20191101,10.2,10.3,9.75,9.85,1708372
UNITEDTEA,20191101,265.1,275,264.95,266,258
UNIVCABLES,20191101,164.7,175.8,163.1,169.35,73395
UPL,20191101,599.55,600.8,586,588.55,1393105
URJA,20191101,1.5,1.55,1.45,1.55,2006047
USHAMART,20191101,28.1,29.4,28.1,29,403125
UTINEXT50,20191101,293.5,335,272.5,293.9,965
UTINIFTETF,20191101,1266.05,1266.05,1254.15,1256.49,2151
UTISENSETF,20191101,429,429.9,421,421,251
UTISXN50,20191101,320.25,321,320.25,321,5
UTTAMSTL,20191101,8.3,8.85,7.6,8.85,439337
UTTAMSUGAR,20191101,109,112.8,105.1,106.35,744658
UVSL,20191101,0.05,0.1,0.05,0.1,2834308
V2RETAIL,20191101,124.9,126.7,118.05,120.7,84952
VADILALIND,20191101,771,781.9,768,772.9,5152
VAIBHAVGBL,20191101,830,843.95,801.65,808.75,10378
VAKRANGEE,20191101,35.8,36.8,35.55,36.6,6476335
VARDHACRLC,20191101,35.5,36.7,35.3,35.85,9121
VARDMNPOLY,20191101,1.75,1.8,1.7,1.8,9283
VARROC,20191101,493,495.85,480,482.95,6376
VASCONEQ,20191101,13.6,14.1,13.6,13.95,171907
VASWANI,20191101,5,5.4,4.9,4.95,8392
VBL,20191101,624,624,615,619.3,228791
VEDL,20191101,148.45,155,146.7,153.05,21310225
VENKEYS,20191101,1768.4,1782,1721.25,1733.3,88802
VENUSREM,20191101,26.45,26.45,25,25.2,12237
VESUVIUS,20191101,1000.85,1003.55,990.25,994.55,2247
VETO,20191101,49,50.45,48.05,48.45,8201
VGUARD,20191101,250,257,246.6,248.85,386419
VHL,20191101,1429.55,1439.65,1400.15,1424.9,260
VICEROY,20191101,1.4,1.4,1.3,1.35,22814
VIDHIING,20191101,65.4,66,62.7,64.25,47556
VIJIFIN,20191101,0.45,0.45,0.4,0.4,48332
VIKASECO,20191101,2.85,2.85,2.65,2.8,519797
VIKASMCORP,20191101,3.85,3.85,3.6,3.65,108090
VIKASPROP,20191101,3.95,3.95,3.95,3.95,31666
VIKASWSP,20191101,10.3,10.55,10.05,10.3,203383
VIMALOIL,20191101,5.5,5.7,5.5,5.7,300
VIMTALABS,20191101,121.65,121.65,112.15,116.45,12689
VINATIORGA,20191101,2170,2189.05,2157.05,2168.2,9738
VINDHYATEL,20191101,900,923.85,893,898.3,4341
VINYLINDIA,20191101,64.95,66.4,63.4,65.9,11666
VIPCLOTHNG,20191101,7,7.1,6.75,6.9,111850
VIPIND,20191101,473.95,480,472.15,475,105950
VIPULLTD,20191101,28.3,29.05,27.5,27.75,93911
VISAKAIND,20191101,311,311,281.1,288.2,78607
VISASTEEL,20191101,5.75,6.25,5.7,6.1,125379
VISESHINFO,20191101,0.05,0.1,0.05,0.05,1861157
VISHAL,20191101,340,340,329,329,88310
VISHNU,20191101,139.95,139.95,134,135.5,3399
VISHWARAJ,20191101,63,64.95,61.35,63.95,42048
VIVIDHA,20191101,0.2,0.2,0.15,0.2,45761
VIVIMEDLAB,20191101,15,15.4,14.8,14.95,59956
VLSFINANCE,20191101,53.95,56,53.95,55.15,30806
VMART,20191101,2007.9,2007.9,1980,1997.75,17648
VOLTAMP,20191101,1138.05,1139.9,1090.15,1101.85,9895
VOLTAS,20191101,709,709.65,694,695.7,683006
VRLLOG,20191101,268.95,270.8,266.55,267.85,17553
VSSL,20191101,64,73.45,64,71.45,16240
VSTIND,20191101,3840.05,3945,3779.95,3900.8,76073
VSTTILLERS,20191101,1319.8,1350,1295.05,1314.25,2170
VTL,20191101,906,906,897.2,898.7,5145
WABAG,20191101,197.05,201.6,194.55,196.05,64282
WABCOINDIA,20191101,6239.3,6299,6200.3,6220.55,6249
WALCHANNAG,20191101,66.5,69.15,64.5,67.4,525319
WANBURY,20191101,12.75,12.75,11.75,12.75,2341
WATERBASE,20191101,108.3,109.05,106.3,107.2,34211
WEBELSOLAR,20191101,24.5,25.6,24.5,25.6,145779
WEIZFOREX,20191101,270.15,290.85,269.1,273.8,551
WEIZMANIND,20191101,23.7,23.7,22.65,22.7,23
WELCORP,20191101,148.45,150,145.2,146,326991
WELENT,20191101,87,89.9,86.15,88.65,121143
WELINV,20191101,260,260,247.3,250.25,2602
WELSPUNIND,20191101,56.6,56.75,55.5,55.6,499487
WENDT,20191101,3125,3283,3100,3166.6,750
WESTLIFE,20191101,352.9,357.15,347.05,348.8,11039
WHEELS,20191101,648,666,644.35,657.3,2026
WHIRLPOOL,20191101,2208.1,2253,2151,2238,117413
WILLAMAGOR,20191101,15.95,16.5,15.2,15.2,15381
WINDMACHIN,20191101,21,22.55,21,22.2,30689
WIPL,20191101,61.6,61.65,57.9,58,1653
WIPRO,20191101,260.2,261,256.75,258.6,2530921
WOCKPHARMA,20191101,289.4,294.35,286,287.95,631944
WONDERLA,20191101,282,283.8,276,279.05,22468
WSI,20191101,0.85,0.95,0.85,0.95,3167
WSTCSTPAPR,20191101,235,238.5,224.7,227.45,158513
XCHANGING,20191101,55.8,55.8,53.5,55.2,13720
XELPMOC,20191101,63.3,65.95,63.3,64.55,594
XLENERGY,20191101,0.4,0.45,0.4,0.45,760
XPROINDIA,20191101,25,25,24.9,24.9,125
YESBANK,20191101,71,71.85,65,66.6,431574597
ZEEL,20191101,261.75,314.5,261.05,309.5,61798777
ZEELEARN,20191101,22.3,23.3,21.5,22.95,390051
ZEEMEDIA,20191101,5.4,5.4,5.4,5.4,209775
ZENITHBIR,20191101,0.7,0.7,0.6,0.7,164523
ZENITHEXPO,20191101,37.05,41.9,37.05,41,562
ZENSARTECH,20191101,179,184.1,179,182.95,45627
ZENTEC,20191101,64.3,68.9,64.3,68.25,115899
ZICOM,20191101,1.1,1.15,1.05,1.15,27160
ZODIACLOTH,20191101,190,192.5,189,191.55,389
ZODJRDMKJ,20191101,27.4,33.25,27.4,30.05,1206
ZOTA,20191101,186,188.65,184.1,187.5,21598
ZUARI,20191101,93.55,97.2,93.2,94.2,33551
ZUARIGLOB,20191101,61.55,62.1,60.9,61.05,31256
ZYDUSWELL,20191101,1715.95,1724.95,1673.15,1682.45,9226
NSENIFTY,20191101,11886.60,11918.30,11843.35,11890.60,855338495,0
NIFTYJUNIOR,20191101,28794.25,28953.70,28671.05,28706.55,1041643795,0
NIFTYMIDCAPLIQ15,20191101,3972.15,3992.85,3954.35,3966.05,75377872,0
NSE100,20191101,12049.25,12082.05,12011.60,12047.80,1908441647,0
NIFTY200,20191101,6145.35,6162.80,6128.25,6146.05,2281553326,0
NSE500,20191101,9703.10,9730.75,9678.20,9704.00,2681945576,0
NSEMIDCAP150,20191101,6215.40,6252.55,6211.35,6222.50,394203069,0
MIDCAP50,20191101,4648.20,4685.75,4640.75,4657.45,337863099,0
NSEMIDCAP,20191101,16845.20,16966.35,16830.80,16880.75,373111679,0
NIFTYSMALLCAP250,20191101,-,-,-,4817.60,-,0
NIFTYSMALLCAP50,20191101,-,-,-,2800.40,-,0
NSESMLCAP100,20191101,5774.05,5805.80,5771.40,5789.40,-,0
NIFTYLARGEMIDCAP250,20191101,-,-,-,5942.04,2302644716,0
NIFTYMIDSMALLCAP400,20191101,-,-,-,5719.85,-,0
NIFTYAUTO,20191101,8461.65,8499.10,8367.30,8392.90,95690034,0
BANKNIFTY,20191101,30196.15,30409.00,30028.90,30330.55,646745938,0
NIFTYFINSERVICE,20191101,13562.75,13628.60,13512.30,13585.30,165498633,0
NIFTYFMGC,20191101,32396.10,32591.30,32338.25,32449.85,32862226,0
NSEIT,20191101,15575.35,15636.30,15411.80,15471.20,29764342,0
NIFTYMEDIA,20191101,1794.10,1934.85,1793.15,1924.85,223202895,0
NIFTYMETAL,20191101,2494.85,2568.35,2483.50,2561.75,163442365,0
NIFTYPHARMA,20191101,7902.75,7979.55,7894.20,7949.45,23682723,0
NIFTYPVTBANK,20191101,16638.75,16774.75,16554.00,16730.15,533668827,0
NIFTYPSUBANK,20191101,2511.15,2571.85,2497.60,2542.45,186004811,0
NIFTYREALTY,20191101,270.60,273.35,268.95,271.15,7055260,0
NIFTYCOMMODITIES,20191101,3417.60,3446.75,3411.90,3441.70,228899773,0
NIFTYCONSUMPTION,20191101,5174.35,5195.05,5152.25,5168.05,133507906,0
NIFTYCPSE,20191101,2037.40,2058.15,2028.95,2054.85,63956724,0
NIFTYENERGY,20191101,16375.30,16416.95,16296.80,16381.05,66708814,0
NIFTY100ESG,20191101,-,-,-,2209.00,1754683916,0
NIFTY100ENHESG,20191101,-,-,-,2239.13,1734177147,0
NIFTYINFRA,20191101,3309.05,3319.85,3301.00,3302.45,163999958,0
NIFTYMNC,20191101,14228.40,14279.90,14187.20,14249.95,856871277,0
NIFTYPSE,20191101,3429.25,3439.40,3413.65,3430.85,162539434,0
NIFTYSMEEMERGE,20191101,-,-,-,1371.71,477100,0
NIFTYSERVSECTOR,20191101,16513.65,16570.05,16446.60,16520.30,758133675,0
NIFTYSHARIAH25,20191101,-,-,-,4521.90,66813162,0
NIFTY50SHARIAH,20191101,-,-,-,2536.26,65549553,0
NIFTY500SHARIAH,20191101,-,-,-,3030.12,253049401,0
NIFTYABGROUP,20191101,-,-,-,2858.84,810288373,0
NIFTYMAHINDRA,20191101,-,-,-,10313.19,13583251,0
NIFTYTATA,20191101,-,-,-,7083.96,104236896,0
NIFTYTATA25CAP,20191101,-,-,-,4943.78,90722388,0
NIFTYABGROUP,20191101,-,-,-,2858.84,810288373,0
NIFTYLIQ15,20191101,3725.70,3778.75,3709.85,3774.80,682549636,0
NIFTY500VALUE50,20191101,-,-,-,3715.21,354586385,0
NIFTYALPHALOWVOL30,20191101,-,-,-,12147.41,98853491,0
NIFTYQUALLOWVOL30,20191101,-,-,-,8698.93,83607033,0
NIFTYALPHAQUALLOWVOL30,20191101,-,-,-,9880.73,87563632,0
NIFTYALPHAQUALVALLOWVOL30,20191101,-,-,-,7497.31,97799597,0
NIFTY50EQUALWEIGHT,20191101,12371.05,12448.05,12340.65,12424.80,855338495,0
NIFTY100EQUALWEIGHT,20191101,13428.40,13487.70,13398.85,13430.80,1908441647,0
NIFTY100LOWVOL30,20191101,9140.35,9161.35,9095.00,9105.75,94690469,0
NSEDEFTY,20191101,-,-,-,5817.80,-,0
NIFTY50DIVPOINT,20191101,117.35,117.35,117.35,117.35,-,0
NIFTYDIVOPPS50,20191101,2625.20,2634.90,2617.35,2630.30,284667106,0
NIFTYALPHA50,20191101,12807.60,12865.90,12777.10,12810.30,131459830,0
NIFTY50ARBITRAGE,20191101,-,-,-,1868.04,-,0
NIFTY50FUTINDEX,20191101,-,-,-,4035.14,-,0
NIFTY50FUTTRINDEX,20191101,-,-,-,11986.03,-,0
NIFTYHIGHBETA50,20191101,-,-,-,1338.79,1783201756,0
NIFTYLOWVOL50,20191101,-,-,-,10700.31,109873157,0
NIFTY200QUALITY30,20191101,-,-,-,10136.05,-,0
NIFTY50VALUE20,20191101,5542.40,5555.35,5505.55,5534.40,572010425,0
NIFTYGROWSECT15,20191101,6293.95,6344.55,6284.70,6336.65,128029560,0
NIFTY50TR2XLEV,20191101,6616.55,6651.30,6568.40,6621.00,-,0
NIFTY50PR2XLEV,20191101,5090.40,5117.10,5053.35,5093.80,-,0
NIFTY50TR1XINV,20191101,342.95,344.20,342.05,342.85,-,0
NIFTY50PR1XINV,20191101,390.95,392.40,389.95,390.85,-,0
NIFTY-GS-COMPSITE,20191101,2048.42,2051.45,2048.42,2048.06,-,0
NIFTY-GS-4-8YR,20191101,2134.93,2137.82,2134.93,2134.85,-,0
NIFTY-GS-8-13YR,20191101,2014.79,2017.94,2014.79,2014.40,-,0
NIFTY-GS-10YR,20191101,1861.74,1866.52,1861.74,1861.98,-,0
NIFTY-GS-10YR-CLN,20191101,950.79,953.24,950.79,950.91,-,0
NIFTY-GS-11-15YR,20191101,2135.02,2138.67,2135.02,2135.56,-,0
NIFTY-GS-15YRPLUS,20191101,2300.29,2300.29,2300.29,2304.51,-,0
VIX,20191101,16.28,16.47,15.17,15.73,0,0
