<ticker>,<date>,<open>,<high>,<low>,<close>,<volume>,<o/i>
20MICRONS,20191014,38,39.5,37.85,38.05,35859
3IINFOTECH,20191014,2.1,2.1,2,2,469339
3MINDIA,20191014,19991,20139.95,19800,19930.5,1889
5PAISA,20191014,163,175.5,163,175.5,5411
63MOONS,20191014,114.35,120.55,111.9,116.8,133209
A2ZINFRA,20191014,9.4,10.1,9.2,9.8,258024
AARTIDRUGS,20191014,460.7,461.45,454.95,457.75,4424
AARTIIND,20191014,774.55,783.2,757,770.85,168979
AARVEEDEN,20191014,16.35,16.35,14.15,14.5,4111
AAVAS,20191014,1651,1734,1625.95,1696.7,26479
ABAN,20191014,26.05,26.95,25.5,25.8,24233
ABB,20191014,1481,1504.4,1467,1478.4,125336
ABBOTINDIA,20191014,11047.95,11056.55,10916.55,10999.6,17369
ABCAPITAL,20191014,79,79.6,77.55,77.85,1434060
ABFRL,20191014,208,208,203.4,205.05,123386
ABSLNN50ET,20191014,270.49,270.49,270.49,270.49,7
ACC,20191014,1448,1484.7,1445,1469.35,757992
ACCELYA,20191014,847.95,847.95,808,819.5,2566
ACE,20191014,78,78.9,77.1,77.7,68136
ADANIENT,20191014,137.9,152.4,137,147.1,10795909
ADANIGAS,20191014,163,163,148.8,150.75,7049507
ADANIGREEN,20191014,79.45,81.25,72.2,79.15,5291524
ADANIPORTS,20191014,410.9,413,404.8,407.45,3313476
ADANIPOWER,20191014,62.6,63.75,62.05,62.3,7633987
ADANITRANS,20191014,220.05,233.9,220.05,225.05,116243
ADFFOODS,20191014,254.55,264.5,254.5,262.3,13163
ADHUNIKIND,20191014,112.9,117,112.9,115.7,56963
ADLABS,20191014,2.5,2.5,2.3,2.3,110077
ADORWELD,20191014,297.5,324.3,292,300.95,7601
ADSL,20191014,13.1,13.4,13.05,13.1,10564
ADVANIHOTR,20191014,53.05,54.1,52.3,53.3,2079
ADVENZYMES,20191014,148,149.95,147,147.55,25326
AEGISCHEM,20191014,166.5,168.9,163.05,163.8,101250
AFFLE,20191014,1192,1245,1182.2,1200.9,115142
AGARIND,20191014,119.9,119.9,113.4,113.75,701
AGCNET,20191014,109.3,118.4,109.3,112.25,2794
AGLSL,20191014,49,49.5,48.05,48.1,6097
AGRITECH,20191014,43,45,43,43.75,3501
AGROPHOS,20191014,109.15,110.45,109.1,110.1,721091
AHLEAST,20191014,175.05,184,175.05,180.4,442
AHLUCONT,20191014,271.9,272.95,268.75,272.05,843
AHLWEST,20191014,280,293,275.1,280.9,364
AIAENG,20191014,1700,1719,1681.05,1716.6,7384
AIONJSW,20191014,9.5,10.05,9.35,10,36547
AIRAN,20191014,12.45,12.75,12.4,12.55,2781
AJANTPHARM,20191014,973.05,990,950,959.8,484866
AJMERA,20191014,112.7,118.75,112.2,113.5,27851
AKASH,20191014,63.5,63.5,59.1,59.15,804
AKSHARCHEM,20191014,197.9,204.9,197.15,203.85,1956
AKSHOPTFBR,20191014,7.6,7.75,7.45,7.5,106922
AKZOINDIA,20191014,1850,1899.9,1816.25,1866.1,16947
ALANKIT,20191014,19.9,20.35,18.9,19.95,107157
ALBERTDAVD,20191014,337.1,344.4,337,342.65,2971
ALBK,20191014,25.9,26.1,25.4,25.6,674336
ALCHEM,20191014,0.8,0.85,0.8,0.8,3161
ALEMBICLTD,20191014,47.15,47.15,45.1,46.2,49595
ALICON,20191014,344,344,335.3,336,474
ALKALI,20191014,45.45,45.5,42.65,43,6152
ALKEM,20191014,1954.9,1959.9,1930,1941.95,90443
ALKYLAMINE,20191014,833,844.65,827.45,835.2,5366
ALLCARGO,20191014,99.45,100.8,98,98.65,129829
ALLSEC,20191014,270,274.95,267.5,272.7,1257
ALMONDZ,20191014,9.5,9.5,9.05,9.45,1391
ALOKTEXT,20191014,1.8,1.8,1.8,1.8,1167665
ALPA,20191014,14.3,14.3,13.25,13.75,6488
ALPHAGEO,20191014,188,190.75,180,180.65,7294
ALPSINDUS,20191014,0.3,0.35,0.25,0.35,13915
AMARAJABAT,20191014,679.95,687.8,673.2,684.75,175458
AMBER,20191014,930,959,928.15,932.3,35786
AMBIKCO,20191014,921.95,921.95,895,898.8,1504
AMBUJACEM,20191014,189.85,195.3,188.75,194.05,2856315
AMDIND,20191014,16.25,16.25,15.35,15.6,2139
AMJLAND,20191014,15.75,15.9,15.25,15.8,7309
AMRUTANJAN,20191014,349,353.3,338,340.6,24141
ANANTRAJ,20191014,28.45,29.4,28.25,29.25,142354
ANDHRABANK,20191014,16.15,16.35,15.5,15.85,368391
ANDHRACEMT,20191014,2.7,2.75,2.7,2.75,58715
ANDHRSUGAR,20191014,264.75,268.6,263.55,265.4,10843
ANIKINDS,20191014,5.9,6.45,5.9,6.2,1850
ANKITMETAL,20191014,0.5,0.5,0.4,0.45,2540
ANSALAPI,20191014,4,4.15,3.95,3.95,14759
ANSALHSG,20191014,4.45,5.15,4.1,4.45,49771
ANTGRAPHIC,20191014,0.75,0.75,0.7,0.75,22671
ANUP,20191014,442.05,459.85,442,450.25,5212
APARINDS,20191014,508,524,508,513.75,2099
APCL,20191014,139.6,142,139.55,140.2,2533
APCOTEXIND,20191014,184.15,189.9,182.8,186.75,7974
APEX,20191014,208,213,207.1,209.4,23019
APLAPOLLO,20191014,1368.6,1396.75,1345,1352.05,36423
APLLTD,20191014,540,548,532,535.45,12152
APOLLO,20191014,69,71.8,68.15,69.2,22923
APOLLOHOSP,20191014,1457.15,1477.25,1444.8,1451.75,878725
APOLLOTYRE,20191014,166.95,172.15,166.5,169.95,1843627
APOLSINHOT,20191014,733.3,781,713,757,1076
APTECHT,20191014,153,154.45,148,151.1,103768
ARCHIDPLY,20191014,26.75,29.75,26,27.3,40827
ARCHIES,20191014,19.4,19.4,18.05,18.7,15178
ARCOTECH,20191014,1.65,1.65,1.65,1.65,8798
ARIES,20191014,60.9,65.2,59.3,62.4,19233
ARIHANT,20191014,19,19,18.6,19,81
ARIHANTSUP,20191014,26.6,26.6,26.6,26.6,152
ARMANFIN,20191014,547,547,536.8,542.1,5686
AROGRANITE,20191014,38.7,40.2,38.2,38.55,16885
ARROWGREEN,20191014,50.25,53.3,50.05,50.8,4414
ARROWTEX,20191014,9.6,11.35,8.85,10.05,39986
ARSHIYA,20191014,18.1,18.45,17.2,17.25,34892
ARSSINFRA,20191014,22,22.05,21.1,21.7,21264
ARVIND,20191014,43,44.4,42.6,43.7,1023433
ARVINDFASN,20191014,421,430.5,412.9,427.4,17300
ARVSMART,20191014,87.05,89.85,87,88.4,8723
ASAHIINDIA,20191014,181.55,182.3,181,181.65,4791
ASAHISONG,20191014,133.4,158,131.55,145.85,41822
ASAL,20191014,30.85,32.65,30.85,31.7,2000
ASHAPURMIN,20191014,31.4,33.4,31.4,31.4,98051
ASHIANA,20191014,98.45,98.7,96,96.3,27440
ASHIMASYN,20191014,7.05,7.4,7.05,7.3,7919
ASHOKA,20191014,97.5,98.9,97.5,98.25,86670
ASHOKLEY,20191014,68.85,69.7,66.7,67.6,25586787
ASIANHOTNR,20191014,100,103.45,97,97.35,851
ASIANPAINT,20191014,1790,1806.3,1784.7,1798.7,881724
ASIANTILES,20191014,218.5,223.7,212.3,218.15,66544
ASPINWALL,20191014,135.05,135.05,135,135,1324
ASSAMCO,20191014,0.55,0.6,0.5,0.5,144497
ASTEC,20191014,378,378.95,361.7,369.05,6356
ASTERDM,20191014,118,118.95,117,117.5,24084
ASTRAL,20191014,1188.6,1189.2,1160,1164.5,68737
ASTRAMICRO,20191014,76.7,80.1,76.7,79.2,43127
ASTRAZEN,20191014,2205.05,2209,2146,2170.35,6140
ASTRON,20191014,95.95,102.7,94.65,97.25,419250
ATFL,20191014,488,488,473.15,476.8,4279
ATLANTA,20191014,6.6,7.2,6.6,7,25288
ATNINTER,20191014,0.5,0.5,0.4,0.45,78036
ATUL,20191014,4038.1,4050,3955.05,4026.4,6983
ATULAUTO,20191014,222.5,222.5,216.2,217.35,7900
AUBANK,20191014,657.95,663.8,640.55,643.7,203615
AURIONPRO,20191014,83.9,83.9,73.15,74.55,34536
AUROPHARMA,20191014,441,473.2,440.2,459.25,10052508
AUSOMENT,20191014,28.5,28.5,26.55,27.75,590
AUTOAXLES,20191014,869.75,888,862,876.65,3549
AUTOIND,20191014,33.9,34.65,32.55,32.75,12658
AUTOLITIND,20191014,20.9,20.9,18.55,20.3,1633
AVADHSUGAR,20191014,261.95,271.9,258.7,261.55,42824
AVANTIFEED,20191014,359.05,375,357.45,372.95,281149
AVTNPL,20191014,22.6,22.9,22.35,22.5,13278
AXISBANK,20191014,677.8,693.95,673.35,683.5,11099352
AXISCADES,20191014,78.05,80.45,77.5,80.05,114897
AXISGOLD,20191014,3331,3439,3312,3378,193
AXISNIFTY,20191014,1172.42,1172.93,1165.59,1170,332
AYMSYNTEX,20191014,29.05,29.6,28.6,29.05,4528
BAGFILMS,20191014,1.5,1.5,1.45,1.5,223746
BAJAJ-AUTO,20191014,2889.1,2975,2888,2958.05,367105
BAJAJCON,20191014,240,243.8,221.15,230.05,793321
BAJAJELEC,20191014,380,388.25,380,382.25,34031
BAJAJFINSV,20191014,8195,8254.1,8052,8082.25,190372
BAJAJHIND,20191014,6,6.1,5.95,6,664043
BAJAJHLDNG,20191014,3510,3629.5,3506.2,3566.1,19272
BAJFINANCE,20191014,3988,4006.3,3853.05,3883.3,1768352
BALAJITELE,20191014,51.2,52.4,50.35,51.15,22494
BALAMINES,20191014,304.2,310.2,301,302,13204
BALAXI,20191014,78.5,78.5,78.5,78.5,200
BALKRISHNA,20191014,21.2,21.2,21.2,21.2,4890
BALKRISIND,20191014,753.8,763,746.85,761.35,259627
BALLARPUR,20191014,0.5,0.55,0.5,0.55,2644502
BALMLAWRIE,20191014,165.05,166.95,165.05,165.55,35702
BALPHARMA,20191014,37.2,38.95,37.15,37.55,3557
BALRAMCHIN,20191014,152.05,157.9,152,154.35,970290
BANARBEADS,20191014,30,30.65,29.1,29.7,1538
BANARISUG,20191014,1131,1168,1070,1114.2,128
BANCOINDIA,20191014,95.55,98,93.6,94,55133
BANDHANBNK,20191014,579,579.7,556.3,568.7,4659162
BANG,20191014,21.65,21.65,19.2,19.7,2747
BANKBARODA,20191014,88,91,87.25,88.3,32891475
BANKBEES,20191014,2882,2917,2861.4,2872.85,36800
BANKINDIA,20191014,59.85,61.85,59.1,60.05,11056726
BANSWRAS,20191014,68.45,69,66.15,67,3210
BARTRONICS,20191014,1.7,1.7,1.7,1.7,3820
BASF,20191014,958.1,975,950,951.9,28463
BASML,20191014,123.5,131,123.05,127.2,779
BATAINDIA,20191014,1713.55,1737.8,1709.45,1730.85,313885
BAYERCROP,20191014,3365.95,3365.95,3303,3333.15,3866
BBL,20191014,895.45,918.8,890,902.7,9776
BBTC,20191014,1113.3,1200,1111,1150.3,598135
BCG,20191014,3.1,3.15,2.9,3.05,351498
BCP,20191014,9,9,9,9,65
BDL,20191014,282.65,284.85,280,281.2,15389
BEARDSELL,20191014,11.6,11.8,10,10.35,7252
BEDMUTHA,20191014,11.3,11.3,10.05,10.2,1162
BEL,20191014,105.6,110.15,105.5,108.95,11093633
BEML,20191014,904,912,885.25,890.65,376398
BEPL,20191014,47.5,50.55,47.2,49.75,433141
BERGEPAINT,20191014,478.5,488.4,475,477.1,2375121
BFINVEST,20191014,276.25,288.3,274.85,282.85,39256
BFUTILITIE,20191014,162.9,173.75,162.35,166.9,533365
BGLOBAL,20191014,1.55,1.6,1.5,1.6,4534
BGRENERGY,20191014,32.05,32.4,31.3,31.95,93302
BHAGERIA,20191014,109.95,110.95,104.55,106.85,2646
BHAGYANGR,20191014,18.4,20.75,18.15,19.25,1910
BHAGYAPROP,20191014,18.25,19.5,18.25,19,210
BHANDARI,20191014,1.2,1.2,1.1,1.15,82326
BHARATFORG,20191014,416,436,414.6,430.35,960679
BHARATGEAR,20191014,57.5,59.7,56.6,57.05,3406
BHARATRAS,20191014,5650,5840,5553,5703.7,843
BHARATWIRE,20191014,25.7,26.5,25.1,25.15,3845
BHARTIARTL,20191014,384.45,397,380.25,393.55,10729180
BHEL,20191014,43.25,43.9,42.75,42.85,15720258
BIGBLOC,20191014,24.8,27.25,24.8,26.25,301
BIL,20191014,150.35,150.35,142.85,142.95,713
BILENERGY,20191014,0.85,0.9,0.85,0.85,102079
BINDALAGRO,20191014,9.6,9.6,9.2,9.3,16088
BIOCON,20191014,248,254.5,245,253.35,3897859
BIOFILCHEM,20191014,4.65,4.65,4.65,4.65,137
BIRLACABLE,20191014,45.65,47.45,45.65,46.3,33428
BIRLACORPN,20191014,523.7,537,518,525.1,32882
BIRLAMONEY,20191014,33.8,34.45,31.2,34.1,46445
BKMINDST,20191014,0.85,0.95,0.85,0.9,4347
BLBLIMITED,20191014,3.2,3.55,3.2,3.5,2036
BLISSGVS,20191014,106.5,106.7,103.1,105.95,132423
BLKASHYAP,20191014,8,8,7.6,7.6,94477
BLS,20191014,79.1,81.85,78,80,57335
BLUEBLENDS,20191014,1.15,1.15,1.15,1.15,1300
BLUECOAST,20191014,2.05,2.05,2.05,2.05,452
BLUEDART,20191014,2295.95,2330,2245,2294.85,3675
BLUESTARCO,20191014,814.3,815.2,800,807.45,33902
BODALCHEM,20191014,70.15,71,69.25,69.45,54807
BOMDYEING,20191014,71.25,72.75,70.05,70.45,1762504
BOROSIL,20191014,156.15,160,154.95,157.5,33813
BOSCHLTD,20191014,13158,13490,13158,13345.45,20733
BPCL,20191014,490.55,499,483.2,485.95,11556126
BPL,20191014,18.7,19.2,18.25,18.55,69095
BRFL,20191014,4.85,5.1,4.75,4.75,14415
BRIGADE,20191014,195,196.5,190,190.8,62250
BRITANNIA,20191014,3093.95,3124,3068.95,3109.65,350920
BRNL,20191014,65.45,65.8,62.1,62.8,14484
BROOKS,20191014,31.2,32.65,30.45,31.2,26727
BSE,20191014,516,519.8,512.6,514.2,51455
BSELINFRA,20191014,1.05,1.1,1.05,1.05,14949
BSL,20191014,28.3,28.3,23.6,24.65,10705
BSLGOLDETF,20191014,3488.7,3596.95,3455.05,3591.65,58
BSLNIFTY,20191014,123.59,123.99,123,123.7,130
BSOFT,20191014,61.5,66.3,61.05,63.15,1283694
BURNPUR,20191014,1.15,1.2,1.1,1.1,26252
BUTTERFLY,20191014,147.25,152.45,145,151.45,22538
BVCL,20191014,10.4,10.9,9.95,10.2,2250
BYKE,20191014,17.45,18.95,17.05,18.6,33311
CADILAHC,20191014,232.55,235.2,229.35,232.7,1626104
CALSOFT,20191014,11.55,11.6,11.5,11.6,5432
CAMLINFINE,20191014,55.7,56,53.4,53.75,55996
CANBK,20191014,180,183.7,178.1,179.2,6580725
CANFINHOME,20191014,384.9,388.45,379,382.25,161594
CANTABIL,20191014,208.4,220,204.6,218.7,11910
CAPACITE,20191014,199,199,191,192.05,9854
CAPLIPOINT,20191014,400,405,396,402.05,10873
CAPTRUST,20191014,108,108,105.4,105.4,33
CARBORUNIV,20191014,293,293,284.65,288,927084
CAREERP,20191014,88.05,88.8,86.05,87,6066
CARERATING,20191014,533,548.1,530,538.2,33622
CASTEXTECH,20191014,0.45,0.45,0.35,0.4,42344
CASTROLIND,20191014,133,135.1,132.95,133.5,971356
CCHHL,20191014,3.25,3.4,3.15,3.4,16417
CCL,20191014,244.2,246,232.35,238,85597
CDSL,20191014,205.3,208,203.15,206.55,88869
CEATLTD,20191014,928,944.1,919.05,931.65,76266
CEBBCO,20191014,13.25,13.5,12.85,13,19543
CELEBRITY,20191014,5.65,6,5.35,5.45,14133
CELESTIAL,20191014,3,3.3,3,3.2,7341
CENTENKA,20191014,171.15,171.15,166,169.65,8788
CENTEXT,20191014,2.85,2.85,2.65,2.7,36452
CENTRALBK,20191014,17.15,17.25,16.95,17.05,226267
CENTRUM,20191014,22.95,23.15,21.8,22.05,124452
CENTUM,20191014,395.15,403.5,387.25,397.55,60727
CENTURYPLY,20191014,158.95,164.5,157.05,160.05,80612
CENTURYTEX,20191014,402,402,379.55,381.45,1255595
CERA,20191014,2441,2489.5,2441,2463.05,6441
CEREBRAINT,20191014,22.3,22.7,21.3,21.85,252700
CESC,20191014,757.45,778.5,757.15,769.5,365653
CESCVENT,20191014,351.2,358.05,340.35,350.25,14877
CGCL,20191014,206.9,209.95,202.05,204,310194
CGPOWER,20191014,13.25,13.85,12.65,13.4,446768
CHALET,20191014,320,320,313.35,317.75,3394
CHAMBLFERT,20191014,147.4,152,145,146.45,108283
CHEMFAB,20191014,175.15,179.95,175.1,176.5,975
CHENNPETRO,20191014,161.9,161.9,153.5,154.95,179242
CHOLAFIN,20191014,284,290,283.25,285.1,651063
CHOLAHLDNG,20191014,461.45,476,455,472.2,44204
CHROMATIC,20191014,0.5,0.5,0.45,0.45,4810
CIGNITITEC,20191014,317,317.8,291.1,304.7,24031
CIMMCO,20191014,21.1,21.4,19.3,19.8,58703
CINELINE,20191014,29.6,30.5,29.6,29.6,5196
CINEVISTA,20191014,16.5,16.65,15.15,15.15,54921
CIPLA,20191014,441.35,446.45,433.5,440.9,5861895
CKFSL,20191014,0.45,0.5,0.4,0.5,386706
CLEDUCATE,20191014,77.95,78,75.3,76.45,2580
CLNINDIA,20191014,285.2,287.95,281.2,282.7,7506
CMICABLES,20191014,54.8,55.95,52.55,54.15,9994
CNOVAPETRO,20191014,9.3,9.3,8,8.5,2966
COALINDIA,20191014,189.6,190.8,187.95,190.1,6340044
COCHINSHIP,20191014,339.9,340,334,335.4,28057
COFFEEDAY,20191014,41,41,37.9,37.95,419387
COLPAL,20191014,1507.35,1529,1502.7,1520.5,548021
COMPINFO,20191014,10.3,10.3,9.6,9.8,86864
COMPUSOFT,20191014,8.25,8.25,7.9,7.9,9663
CONCOR,20191014,570.95,597.8,564.65,578.25,3189291
CONFIPET,20191014,27.8,28.2,26.55,27.85,99873
CONSOFINVT,20191014,35.7,36.4,35.7,35.75,5510
CONTROLPR,20191014,244.95,247.65,242.2,245,2318
CORALFINAC,20191014,10.7,10.7,9.75,10.4,4345
CORDSCABLE,20191014,42.95,43.8,41.1,41.15,7649
COROMANDEL,20191014,401,413.5,400.75,406.95,93129
CORPBANK,20191014,14.05,14.25,14,14.05,101665
COSMOFILMS,20191014,203.05,206.7,203,203.85,6915
COUNCODOS,20191014,1.85,1.85,1.85,1.85,70
COX&KINGS,20191014,2.7,2.7,2.7,2.7,133602
CPSEETF,20191014,23.2,23.66,23.08,23.51,7268819
CREATIVE,20191014,65.65,65.65,58,64.5,5406
CREATIVEYE,20191014,1.3,1.3,1.3,1.3,50
CREDITACC,20191014,638,638,608.25,621.75,55769
CREST,20191014,83.15,88,83.15,88,2305
CRISIL,20191014,1310,1314.7,1282.65,1287.25,20151
CRMFGETF,20191014,3550,3550,3511,3530,13
CROMPTON,20191014,256,259.95,250.1,253.6,737906
CTE,20191014,26.15,26.95,25.25,25.95,1673
CUB,20191014,221,221.15,216.3,217.55,194760
CUBEXTUB,20191014,10.3,11.4,10.3,11.4,610
CUMMINSIND,20191014,565.3,576.95,564.95,572.8,199099
CUPID,20191014,136.8,139.9,136.8,138.85,12897
CYBERMEDIA,20191014,3.25,3.4,3.25,3.4,200
CYBERTECH,20191014,48.35,50.5,48.1,48.35,19775
CYIENT,20191014,459.95,467.05,452.65,458.35,67670
DAAWAT,20191014,23.7,25.45,23.35,24.35,1004082
DABUR,20191014,446.85,456.85,444,455,2030424
DALBHARAT,20191014,780,820,780,810.45,58138
DALMIASUG,20191014,87.65,90.4,87.65,88.05,66601
DAMODARIND,20191014,27.8,27.8,27.8,27.8,10
DATAMATICS,20191014,70,73,70,72.65,11415
DBCORP,20191014,142,147.6,139.45,144.85,36509
DBL,20191014,373.9,391.4,370.65,381.45,229819
DBREALTY,20191014,6.6,6.6,6.05,6.2,201546
DBSTOCKBRO,20191014,8.4,8.4,8.4,8.4,1
DCAL,20191014,156.7,164.55,154.5,159.9,53005
DCBBANK,20191014,188,189,183,184.1,285680
DCM,20191014,21.2,22.2,20.15,20.8,933
DCMNVL,20191014,27.5,29.45,26.6,29.1,4952
DCMSHRIRAM,20191014,373,381.9,370,370.4,74761
DCW,20191014,14.75,14.85,14.35,14.6,92172
DECCANCE,20191014,335,342.55,332,336.25,1794
DEEPAKFERT,20191014,90.2,91.5,88.5,89.2,144902
DEEPAKNTR,20191014,304.85,307.7,298.3,304.25,98937
DEEPIND,20191014,99.95,100,98,99.45,6161
DELTACORP,20191014,171.9,175.9,168.2,170.85,930371
DELTAMAGNT,20191014,39.4,39.4,37.45,37.45,302
DEN,20191014,50.25,50.25,48.75,50.25,52200
DENORA,20191014,208.15,208.5,203.7,208.4,488
DFMFOODS,20191014,246.9,246.9,244.9,246.1,7552
DGCONTENT,20191014,5.5,5.5,5.25,5.25,139257
DHAMPURSUG,20191014,212,216.4,209.4,211.2,326810
DHANBANK,20191014,14.2,14.45,14.15,14.25,66719
DHANUKA,20191014,302.95,307.95,301,302.1,6856
DHARSUGAR,20191014,6.85,7.4,6.85,6.95,6954
DHFL,20191014,20.85,22.2,20.1,22.2,2230947
DHUNINV,20191014,204.6,204.6,191.5,194.65,391
DIAMONDYD,20191014,882.2,888.75,864.85,875.15,395
DICIND,20191014,330.05,335,322.9,328.15,962
DIGISPICE,20191014,5.35,5.75,5.05,5.1,6485
DISHTV,20191014,16.8,17,16.25,16.35,23967254
DIVISLAB,20191014,1696,1719.7,1670.05,1683.7,571690
DIXON,20191014,3019,3144.1,3019,3080.8,9709
DLF,20191014,150,157.85,149,154.85,19269942
DLINKINDIA,20191014,92,92.8,90.55,91.2,12565
DMART,20191014,1850,1864.4,1801.65,1828.05,971874
DNAMEDIA,20191014,0.4,0.45,0.35,0.4,7325
DOLAT,20191014,54.15,58.9,54.15,57.4,85711
DOLLAR,20191014,191.95,191.95,182,183.6,1055
DONEAR,20191014,29,30.3,27.6,28.65,10258
DPSCLTD,20191014,10.2,10.2,9.5,9.65,13219
DQE,20191014,2.6,2.6,2.6,2.6,193
DREDGECORP,20191014,302,314,301.55,307.85,126951
DRREDDY,20191014,2652,2682.6,2621,2651.9,301437
DSSL,20191014,26.55,26.7,25.7,25.9,1317
DTIL,20191014,160,183,159,159.35,7736
DUCON,20191014,4.75,4.8,4.5,4.7,28678
DVL,20191014,66.6,68.95,66.25,68,4057
DWARKESH,20191014,24.1,24.7,23.75,23.9,287941
DYNAMATECH,20191014,1158,1219.95,1158,1190.25,258
DYNPRO,20191014,119.25,125.7,116.55,122.95,3828
EASTSILK,20191014,0.6,0.65,0.55,0.55,4966
ECLERX,20191014,395,396,390,393.1,7691
EDELWEISS,20191014,71.15,79.2,69.55,74.5,12103124
EICHERMOT,20191014,18100,18450,18080,18327.95,77467
EIDPARRY,20191014,154.8,155.95,152.7,152.95,44401
EIHAHOTELS,20191014,302.4,306.65,288.9,300.7,4101
EIHOTEL,20191014,174.7,179.9,169.5,173.35,107988
EIMCOELECO,20191014,286.7,295,285.5,290.25,1796
EKC,20191014,25.1,25.4,23.8,23.85,42360
ELECON,20191014,28.7,29.95,28.1,28.6,28965
ELECTCAST,20191014,14.05,14.3,13.65,13.7,43156
ELECTHERM,20191014,130.7,134.55,128.05,132.7,12966
ELGIEQUIP,20191014,280,284,273,278.3,20438
ELGIRUBCO,20191014,18.35,18.35,15.25,15.85,2622
EMAMILTD,20191014,302.9,307.15,300,305.55,47325
EMAMIPAP,20191014,77.5,83.95,76.85,77.5,2675
EMAMIREAL,20191014,38,40.1,37.4,38.55,3145
EMCO,20191014,0.85,0.85,0.8,0.8,10888
EMKAY,20191014,64,67.9,63.25,65.35,5488
EMMBI,20191014,116.05,122.8,116,120.3,11066
ENDURANCE,20191014,989,1010.25,980,989.95,8139
ENERGYDEV,20191014,5.1,5.4,5.1,5.1,13869
ENGINERSIN,20191014,111.4,112.75,104.5,105.6,2480830
ENIL,20191014,274.8,274.8,247.55,255.55,137192
EON,20191014,15.8,15.8,14,14.6,8149
EQUITAS,20191014,100.1,103.35,99.7,100.9,3041308
ERIS,20191014,433,442.4,422.5,432.25,12501
EROSMEDIA,20191014,14.5,14.7,14.15,14.7,78024
ESABINDIA,20191014,1236.8,1260,1232.55,1254.3,1105
ESCORTS,20191014,600,619,596.65,612.65,2808981
ESSARSHPNG,20191014,7.6,7.6,7.2,7.55,4911
ESSELPACK,20191014,116.5,119.7,114.35,118.35,68033
ESTER,20191014,29.25,31,29.25,30.9,5205
EVEREADY,20191014,43.25,43.25,39.95,40,163516
EVERESTIND,20191014,318,324.75,315.35,319.7,15203
EXCEL,20191014,1,1,0.95,0.95,1094
EXCELINDUS,20191014,866,910.05,866,882.65,9508
EXIDEIND,20191014,183.55,186.85,182.45,184.65,1694992
EXPLEOSOL,20191014,298,298,272.55,281.55,6961
FACT,20191014,38.2,38.95,38,38.55,63459
FAIRCHEM,20191014,476,502.9,476,481.4,2568
FCL,20191014,24.75,25.4,24.2,24.55,74826
FCONSUMER,20191014,24.35,24.4,23.5,23.75,670613
FCSSOFT,20191014,0.2,0.25,0.2,0.2,310472
FDC,20191014,162.95,164.2,159.2,160.15,38135
FEDERALBNK,20191014,84.9,85.25,82.25,83.25,7823663
FEL,20191014,21.25,23.5,21.25,23.1,695421
FELDVR,20191014,24,24,21.05,22.65,33145
FIEMIND,20191014,336,342,328.25,340.55,5303
FILATEX,20191014,36,37,35.6,35.9,251617
FINCABLES,20191014,358,358,350,350.85,91870
FINEORG,20191014,1729.95,1868,1714.85,1851.35,41528
FINPIPE,20191014,589,599.95,584.9,587.2,135525
FLEXITUFF,20191014,6.5,6.5,6.4,6.4,380
FLFL,20191014,414.1,418,401.25,402.75,11723
FMGOETZE,20191014,540.75,543.1,535.4,535.4,1103
FMNL,20191014,33.45,33.45,31.25,33.45,18881
FORCEMOT,20191014,1089.95,1100,1079.05,1087.3,10367
FORTIS,20191014,137.8,138.05,131.1,132.75,10270980
FOSECOIND,20191014,1310,1349.5,1310,1330.45,1905
FRETAIL,20191014,387,389,380.2,380.95,340841
FSC,20191014,511,516,500.3,509.05,3842
FSL,20191014,46.55,46.95,45.6,46,1374694
GABRIEL,20191014,99.95,99.95,97.45,99.2,144751
GAEL,20191014,131.95,138.1,128.1,129.15,134887
GAIL,20191014,125.5,127.75,123.55,125.85,12739190
GAL,20191014,2.2,2.2,2,2.15,16968
GALAXYSURF,20191014,1475,1499,1475,1483.7,3779
GALLANTT,20191014,26.95,27.5,25.75,27,2149
GALLISPAT,20191014,19.75,19.8,19.15,19.75,8747
GAMMNINFRA,20191014,0.3,0.3,0.25,0.25,229263
GANDHITUBE,20191014,304.45,308.85,304.4,307.8,83
GANECOS,20191014,250.05,250.05,238.9,240.25,2355
GANESHHOUC,20191014,33.7,35.8,33.6,34.8,19057
GANGESSECU,20191014,35.8,36.8,33.5,34.45,20179
GARDENSILK,20191014,10.15,10.9,10.15,10.8,4987
GARFIBRES,20191014,1199.65,1199.65,1140,1151.45,10535
GATI,20191014,55.05,56.4,54.8,55.2,360076
GAYAHWS,20191014,0.3,0.4,0.3,0.35,42228
GAYAPROJ,20191014,109,110.3,107.1,109.8,127111
GBGLOBAL,20191014,14.6,14.6,14.6,14.6,1813
GDL,20191014,96,96.3,95,95.2,56963
GEECEE,20191014,81.75,83.95,81.3,82,1014
GENESYS,20191014,73.1,73.9,71.5,72.3,16070
GENUSPAPER,20191014,4.8,5.1,4.8,5,34121
GENUSPOWER,20191014,21.2,21.4,20.9,21.1,34368
GEOJITFSL,20191014,27.2,27.4,26.25,26.95,106388
GEPIL,20191014,720,737.9,708.15,716.35,11830
GESHIP,20191014,292.5,297.5,289.5,291.1,60905
GET&D,20191014,169,172.3,167.3,168.9,11040
GFLLIMITED,20191014,77.65,78.3,74.05,76.35,49552
GFSTEELS,20191014,5.8,5.8,5.8,5.8,1784
GHCL,20191014,204.25,209.95,203.2,205.15,55755
GICHSGFIN,20191014,134.15,135,132.05,133.05,34125
GICRE,20191014,210.65,212.25,209.5,210.05,35784
GILLANDERS,20191014,30.9,31,28.3,28.85,2642
GILLETTE,20191014,7165,7288.7,7120.6,7250.6,7837
GINNIFILA,20191014,7.1,7.25,6.55,6.7,28429
GIPCL,20191014,67.55,68.2,66.75,67.15,51108
GISOLUTION,20191014,3.65,3.65,3.65,3.65,30
GKWLIMITED,20191014,773,773.95,770,770.55,32
GLAXO,20191014,1361.1,1410.7,1358.15,1396.05,27954
GLENMARK,20191014,286,289,276.55,280.2,2350700
GLFL,20191014,1.3,1.3,1.3,1.3,1
GLOBALVECT,20191014,51.45,51.85,49.1,51.45,3161
GLOBOFFS,20191014,5.9,6.15,5.9,5.9,3233
GLOBUSSPR,20191014,117.45,118.5,115.45,115.9,22175
GMBREW,20191014,381.8,388,373.4,376.2,48737
GMDCLTD,20191014,57.5,58.4,56.6,57.3,111701
GMMPFAUDLR,20191014,1500,1513.5,1480.05,1484.65,3246
GMRINFRA,20191014,17.25,17.45,17.05,17.1,7354497
GNA,20191014,226.4,230,223.15,224.9,22901
GNFC,20191014,201,205.9,201,204,174672
GOACARBON,20191014,206.1,225.4,204,224.75,33004
GOCLCORP,20191014,284.85,295,282.5,288.65,3617
GODFRYPHLP,20191014,985,1016.9,975.05,1002.95,84974
GODREJAGRO,20191014,480,480,470.45,477.85,21048
GODREJCP,20191014,692.35,695,688,690.7,634142
GODREJIND,20191014,380.3,385.15,378.9,381.6,85277
GODREJPROP,20191014,991,1032,976.9,996.2,166391
GOKEX,20191014,87.2,87.2,84.15,85,16120
GOKUL,20191014,13.05,13.2,12.4,12.85,775
GOKULAGRO,20191014,13.6,14.15,13.55,14.15,27386
GOLDBEES,20191014,3349.8,3382,3332.15,3374.65,26695
GOLDENTOBC,20191014,29.5,29.5,25.3,26.5,1057
GOLDIAM,20191014,132,135.65,131.2,134.5,32769
GOLDSHARE,20191014,3389.4,3409.4,3366.95,3400.3,606
GOLDTECH,20191014,9.9,10,9.15,9.5,6681
GOODLUCK,20191014,51.5,52,49.6,50.4,2598
GPIL,20191014,135.3,142.9,133.5,139.5,41271
GPPL,20191014,81.5,81.5,79,79.25,67745
GPTINFRA,20191014,39,42.7,39,39.55,1312
GRANULES,20191014,101.25,103.2,100.15,100.35,447115
GRAPHITE,20191014,266.2,273,263.05,269.45,1058843
GRASIM,20191014,693.95,707.9,688,698.65,1646833
GRAVITA,20191014,40.75,42.6,40.5,41.9,24653
GREAVESCOT,20191014,135.45,137.4,131.5,132.45,83676
GREENLAM,20191014,877,897.25,861,867.7,633
GREENPLY,20191014,153,157.8,153,155.05,7670
GREENPOWER,20191014,1.85,1.95,1.85,1.85,98250
GRINDWELL,20191014,607,608.95,589.75,592.85,5439
GROBTEA,20191014,309.95,309.95,260.95,272.7,332
GRPLTD,20191014,900,900,852,880,19
GRSE,20191014,166.85,169.7,164.2,168.15,174177
GRUH,20191014,300,307.8,296,306.55,4179256
GSCLCEMENT,20191014,17.1,17.1,16.95,17,1588
GSFC,20191014,77.9,78.7,76.1,77.2,209443
GSKCONS,20191014,8598,8662.1,8560.9,8594.6,12686
GSPL,20191014,212.3,212.3,207.25,210.2,398404
GSS,20191014,24.55,24.7,23.9,23.9,13116
GTL,20191014,1.7,1.75,1.7,1.7,376114
GTLINFRA,20191014,0.55,0.55,0.5,0.5,3199437
GTNIND,20191014,6.7,7.25,6.2,6.35,2452
GTNTEX,20191014,6.4,7.45,6.4,7.45,1675
GTPL,20191014,78,89.15,78,85.85,408732
GUFICBIO,20191014,74.7,76.85,72.2,73.65,31157
GUJALKALI,20191014,434.8,435.9,427.25,428.05,13595
GUJAPOLLO,20191014,144.85,144.9,136.2,136.55,685
GUJGASLTD,20191014,173.3,175.5,171.85,174.05,861074
GUJRAFFIA,20191014,8.55,8.55,8.55,8.55,20
GULFOILLUB,20191014,855,884.35,850,880.25,3191
GULFPETRO,20191014,40.75,42.5,39.15,39.9,15763
GULPOLY,20191014,38.85,39.4,37.5,38.4,2616
GVKPIL,20191014,3.95,4.05,3.85,3.85,780007
HAL,20191014,716,720,701.5,714.95,19164
HARITASEAT,20191014,404.55,423.85,404.55,412.7,973
HARRMALAYA,20191014,50.6,59,49.3,50.65,1057239
HATHWAY,20191014,20.2,20.55,20.2,20.55,129625
HATSUN,20191014,622.6,634.85,620.1,625.55,1966
HAVELLS,20191014,661.95,664.4,650.55,653.9,1102177
HAVISHA,20191014,0.45,0.45,0.45,0.45,3001
HBLPOWER,20191014,16,16.65,16,16.25,78445
HCC,20191014,8.05,8.1,8,8,451024
HCG,20191014,107,107.1,104.45,106.1,105567
HCL-INSYS,20191014,6.75,6.95,6.2,6.35,954612
HCLTECH,20191014,1082.4,1099.8,1074,1086.8,1390602
HDFC,20191014,2017,2031.85,2000,2014.75,2903479
HDFCAMC,20191014,2743,2758,2723.75,2733.2,228841
HDFCBANK,20191014,1209,1219.9,1197.4,1204.4,6133901
HDFCLIFE,20191014,586,589.7,580,582.3,1659110
HDFCMFGETF,20191014,3447.5,3469,3432.1,3464.7,2140
HDFCNIFETF,20191014,1220,1220,1182.88,1184.07,670
HDFCSENETF,20191014,4023.1,4048.02,4023.1,4025.81,44
HDIL,20191014,2.8,2.8,2.8,2.8,128973
HEG,20191014,896.5,919,888.6,898.9,302204
HEIDELBERG,20191014,183.8,187.25,182.3,182.75,376041
HERCULES,20191014,80.55,83.95,80.5,81.6,7149
HERITGFOOD,20191014,328.5,334.55,316.9,323.85,33474
HEROMOTOCO,20191014,2590,2628.45,2571.85,2609.2,708591
HESTERBIO,20191014,1704.95,1749,1687.55,1741.5,1868
HEXATRADEX,20191014,7.55,7.55,7.55,7.55,5000
HEXAWARE,20191014,365.35,371.8,362.9,370.5,551546
HFCL,20191014,17.2,17.6,17.05,17.35,1355749
HGINFRA,20191014,200,200.05,194,197.9,16458
HGS,20191014,561.4,570.45,549.8,555.95,1273
HIKAL,20191014,144.7,144.7,141.5,141.85,96621
HIL,20191014,1246.05,1246.1,1212.2,1217.5,2511
HILTON,20191014,8.3,9,7.6,8.2,4271
HIMATSEIDE,20191014,143,143.75,139,140,522032
HINDALCO,20191014,189.5,191,187.05,188.7,5222539
HINDCOMPOS,20191014,175,179,172.1,174.85,795
HINDCOPPER,20191014,30.3,30.8,30.1,30.4,619900
HINDMOTORS,20191014,5.45,5.45,5.15,5.2,97608
HINDNATGLS,20191014,30.65,32.15,30.65,31,408
HINDOILEXP,20191014,91.6,92.2,90.1,91.45,90630
HINDPETRO,20191014,309.95,320.7,308.4,310.5,5465692
HINDSYNTEX,20191014,3.1,3.1,3.1,3.1,19
HINDUJAVEN,20191014,333,333,310.35,314.95,1523
HINDUNILVR,20191014,2022.4,2031.45,2006.25,2014.25,2135148
HINDZINC,20191014,209,210,205.55,207.9,676808
HIRECT,20191014,175,179.95,166.4,171.6,67591
HISARMETAL,20191014,48,52.95,47,51.15,4225
HITECH,20191014,163,163,149.5,149.55,130739
HITECHCORP,20191014,80.15,84.5,80.15,80.6,1581
HITECHGEAR,20191014,156.45,156.5,143.7,148.15,1035
HMVL,20191014,73.8,73.8,69.5,70.25,4439
HNDFDS,20191014,538.8,538.85,511,528.9,636
HNGSNGBEES,20191014,3245,3245,3240,3245,3
HONAUT,20191014,28739,29456,28155.3,28650.6,12278
HONDAPOWER,20191014,1195,1200,1150.1,1197,5446
HOTELEELA,20191014,6.45,6.75,6.45,6.55,135867
HOVS,20191014,71,73.25,67.9,68.05,6067
HPL,20191014,39.05,40.75,39.05,39.9,6258
HSCL,20191014,75.7,76.9,74.25,74.6,203398
HSIL,20191014,40,40.15,39.5,39.95,107544
HTMEDIA,20191014,19.8,21,19.75,20.75,37291
HUBTOWN,20191014,12.5,13.8,12.45,13,16020
HUDCO,20191014,32.6,33.9,32.25,33,668977
IBMFNIFTY,20191014,110,113.95,109.53,112.45,936
IBREALEST,20191014,45.55,45.55,45.55,45.55,233055
IBULHSGFIN,20191014,211,215.6,193.6,197.8,42427671
IBULISL,20191014,86,86,86,86,3461
IBVENTURES,20191014,105.2,107,99,100.65,1126404
ICICI500,20191014,148.2,149.89,148.2,149.03,124753
ICICIB22,20191014,33.8,34.21,33.7,34,145876956
ICICIBANK,20191014,430,436.4,426,428.85,17211042
ICICIBANKN,20191014,276,285.7,276,282.98,4662
ICICIBANKP,20191014,157.5,159.13,157,157.67,1871
ICICIGI,20191014,1214.4,1244,1208.75,1241.25,480194
ICICIGOLD,20191014,33.7,35.4,33.7,34.45,11432
ICICILIQ,20191014,999.99,1000,999.99,1000,19243
ICICILOVOL,20191014,91.49,91.49,89.52,89.87,1102
ICICIMCAP,20191014,61.15,61.49,60.83,61.12,7732
ICICINF100,20191014,122.63,123,122.63,122.97,1700
ICICINIFTY,20191014,117,120.33,116.2,119.16,123762
ICICINV20,20191014,55.4,57,54.05,55.2,3757
ICICINXT50,20191014,27.3,27.6,26.84,27.06,67566
ICICIPRULI,20191014,445.25,458,442.9,449.55,2732743
ICICISENSX,20191014,407.06,408.94,405.28,405.28,354
ICIL,20191014,44.5,44.6,43.2,44.2,70168
ICRA,20191014,2594.15,2641.75,2594.1,2623.3,521
IDBI,20191014,29.5,29.6,28.9,29.15,1370222
IDBIGOLD,20191014,3491.05,3505,3487,3505,17
IDEA,20191014,6.05,6.5,5.9,6.4,135922704
IDFC,20191014,31.2,31.4,30.85,31.25,714259
IDFCFIRSTB,20191014,37.5,38.3,37.5,37.75,12529104
IDFNIFTYET,20191014,116,117.5,113.85,113.85,97
IEX,20191014,124.2,126.9,120.3,121.3,160530
IFBAGRO,20191014,385.4,399,385.4,391.75,6845
IFBIND,20191014,659,676.25,652,667.05,5139
IFCI,20191014,6.55,6.65,6.4,6.45,899555
IFGLEXPOR,20191014,155.3,158.95,144.2,153.7,1661
IGARASHI,20191014,196.45,219.05,189,205.4,129178
IGL,20191014,377,380.4,373,376.4,2002191
IGPL,20191014,151,154.8,149.3,151.1,7719
IIFL,20191014,113.55,113.75,108,109.75,57089
IIFLSEC,20191014,21.85,21.85,19.05,19.65,251506
IIFLWAM,20191014,1150.05,1150.05,1085,1103.65,19534
IITL,20191014,59.9,59.9,54.25,59.9,252
IMFA,20191014,176.2,182.35,176.2,179.4,1922
IMPAL,20191014,999.95,1000,985.8,995.2,2904
IMPEXFERRO,20191014,0.25,0.25,0.25,0.25,660
INDBANK,20191014,6.95,7.3,6.85,6.95,11658
INDHOTEL,20191014,151,153.15,150.25,152,549640
INDIACEM,20191014,82.9,83.5,81.2,81.85,874187
INDIAGLYCO,20191014,208.45,213.85,206.25,208.1,61137
INDIAMART,20191014,2200,2240,2133.65,2163.15,36663
INDIANB,20191014,113.4,113.55,110.1,111,714096
INDIANCARD,20191014,105.65,109,105,109,1152
INDIANHUME,20191014,258.4,263.25,258,259.25,3444
INDIGO,20191014,1750,1772.9,1738.55,1766.75,456697
INDLMETER,20191014,15.1,16.35,15,15,2618
INDNIPPON,20191014,320.05,323,315.8,318.8,1484
INDOCO,20191014,139.85,139.85,135,136.85,10204
INDORAMA,20191014,28.1,28.3,27.6,28.15,52999
INDOSTAR,20191014,202.7,205,198.35,200.3,16380
INDOTECH,20191014,81.9,83.8,80,80.1,1396
INDOTHAI,20191014,22.1,22.65,20.55,21.4,2976
INDOWIND,20191014,2.9,3.1,2.7,3.05,31570
INDRAMEDCO,20191014,36.75,36.75,35.7,35.9,14939
INDSWFTLAB,20191014,40,40,37.9,38.95,39440
INDSWFTLTD,20191014,5.5,5.5,5.1,5.1,1181
INDTERRAIN,20191014,74.8,76.65,72.15,74.4,6276
INDUSINDBK,20191014,1240,1264.9,1227.9,1250.6,4786662
INEOSSTYRO,20191014,630.5,635.15,628.4,633.2,2569
INFIBEAM,20191014,39.9,41.15,39.5,39.65,1116710
INFOBEAN,20191014,67.8,67.8,66.45,66.6,345
INFRABEES,20191014,334,334,328.4,330.59,191
INFRATEL,20191014,259,261.45,255.6,259.45,2030766
INFY,20191014,786.75,797,780,786.1,15150858
INGERRAND,20191014,615.3,625.5,615.3,620,15934
INOXLEISUR,20191014,332.8,340.95,330.3,334,214233
INOXWIND,20191014,33.5,33.5,32,32.25,27680
INSECTICID,20191014,565,577.95,561.5,572.2,6884
INSPIRISYS,20191014,44.1,44.95,43,43.65,921
INTEGRA,20191014,0.3,0.3,0.3,0.3,196
INTELLECT,20191014,181.85,186.45,180,183.9,101775
INTENTECH,20191014,27.6,30.9,26.35,28.9,2336
INVENTURE,20191014,14.2,14.2,14,14.2,13506
IOB,20191014,9.55,9.6,9.4,9.5,217469
IOC,20191014,144,147.4,144,144.75,11156890
IOLCP,20191014,173.8,173.95,167.05,167.65,231987
IPAPPM,20191014,328,328.45,321.3,322.15,4470
IPCALAB,20191014,864,894.3,856.75,890.05,191908
IRB,20191014,61.45,62,59,59.65,979834
IRCON,20191014,381.9,385,368.6,370.35,148022
IRCTC,20191014,626,743.8,625,727.75,45270607
ISEC,20191014,262.55,270.45,262.55,266.25,33063
ISFT,20191014,82.15,83.25,82,82.1,2056
ISMTLTD,20191014,3.8,4.25,3.75,3.9,23330
ITC,20191014,245.45,246.4,243,244.1,14713799
ITDC,20191014,240.9,279.9,236,270.4,438582
ITDCEM,20191014,40,42.75,39.85,40.75,132725
ITI,20191014,82.25,83.75,80.55,81.25,876690
IVC,20191014,4.4,4.4,3.6,4,146103
IVP,20191014,57,57.95,52.3,57.9,10061
IVZINGOLD,20191014,3494,3494,3455,3494,17
IVZINNIFTY,20191014,1199,1221.25,1199,1221.25,6
IZMO,20191014,28.05,30.2,27.7,28.3,42873
J&KBANK,20191014,32.15,32.15,31.65,31.75,350399
JAGRAN,20191014,57,59.3,55.65,57.8,124915
JAGSNPHARM,20191014,23.5,24.25,23.15,23.95,2407
JAIBALAJI,20191014,18.8,19.45,17.65,18.5,3360
JAICORPLTD,20191014,75,76.4,74.1,75.15,553321
JAMNAAUTO,20191014,34.9,35.2,33.95,34.4,513160
JAYAGROGN,20191014,131,137.35,129,133.3,12720
JAYBARMARU,20191014,193.9,198.5,188,191.85,85686
JAYNECOIND,20191014,4,4,3.85,3.85,27128
JAYSREETEA,20191014,48.7,52.95,48.7,50.65,373071
JBCHEPHARM,20191014,368.8,368.8,357.45,359.5,22529
JBFIND,20191014,7.8,8,7.4,7.55,25852
JBMA,20191014,239,239,218.6,222.8,147699
JCHAC,20191014,1959.5,1988.8,1950,1963.4,7286
JHS,20191014,15.85,15.85,15,15.3,15734
JIKIND,20191014,0.15,0.2,0.15,0.15,6770
JINDALPHOT,20191014,13.55,13.55,12.95,12.95,315
JINDALPOLY,20191014,221.9,223,220,220.25,9170
JINDALSAW,20191014,82.25,85.85,82.1,82.5,344449
JINDALSTEL,20191014,99.55,102.7,98.75,99.5,21326087
JINDCOT,20191014,1.9,1.9,1.85,1.85,203002
JINDRILL,20191014,71.6,77.05,71.1,74.9,7277
JINDWORLD,20191014,58,58.95,57.05,58.3,114546
JISLDVREQS,20191014,10.9,11.05,10.8,10.8,25870
JISLJALEQS,20191014,13.9,14.45,13,13.55,2624454
JITFINFRA,20191014,6.4,6.8,6.4,6.6,337
JIYAECO,20191014,41.45,41.45,34.3,38.2,731370
JKCEMENT,20191014,1029.2,1055.9,1029.2,1035.45,61935
JKIL,20191014,142.25,152.1,140.1,145.9,372420
JKLAKSHMI,20191014,280.6,289,280.6,284.15,20242
JKPAPER,20191014,117.5,117.85,114.6,115.45,551681
JKTYRE,20191014,65.6,67.25,65.1,66,269212
JMA,20191014,22.5,22.5,22.5,22.5,880
JMCPROJECT,20191014,105,108.35,104.55,107.6,20305
JMFINANCIL,20191014,70.8,72.7,70.8,71.5,161780
JMTAUTOLTD,20191014,1.2,1.25,1.15,1.15,63191
JOCIL,20191014,82.55,87,78.1,86.05,1423
JPASSOCIAT,20191014,2.25,2.25,2.1,2.15,5234193
JPINFRATEC,20191014,1.3,1.3,1.2,1.2,4435168
JPOLYINVST,20191014,13.5,14.8,12.7,14.65,660
JPPOWER,20191014,1.2,1.25,1.1,1.15,5003936
JSL,20191014,34.75,35,33.55,33.7,141776
JSLHISAR,20191014,66.45,66.9,65,66.2,134405
JSWENERGY,20191014,60.55,61,59.5,59.75,196307
JSWHL,20191014,2770,2785,2750,2751.8,538
JSWSTEEL,20191014,218.8,225,218.35,221.45,7515730
JTEKTINDIA,20191014,77,79.05,76.2,77.55,24071
JUBILANT,20191014,472,491.9,470,481.45,204431
JUBLFOOD,20191014,1310,1341,1309.2,1322.1,521877
JUBLINDS,20191014,98,101.5,97.1,100.8,3744
JUMPNET,20191014,56.75,56.75,55.1,56.1,965267
JUNIORBEES,20191014,274.5,279.15,274.5,278.05,25243
JUSTDIAL,20191014,622,623,606.3,610.45,1398198
JYOTHYLAB,20191014,157.1,162.8,157,159.75,38432
KABRAEXTRU,20191014,65.7,68.7,65.25,68.15,21544
KAJARIACER,20191014,564,569,559,561.35,86204
KAKATCEM,20191014,149.1,151.95,148.9,150,5334
KALPATPOWR,20191014,447.25,448.95,440,442.55,114030
KALYANIFRG,20191014,160.05,160.05,160,160.05,52
KAMATHOTEL,20191014,35.5,35.65,33.85,34.2,43904
KAMDHENU,20191014,101.75,105.9,98,101.05,2903
KANANIIND,20191014,2.75,2.95,2.5,2.95,1555
KANORICHEM,20191014,41.05,42.1,40.95,41.1,4812
KANSAINER,20191014,509,511.7,502,510.25,67330
KARDA,20191014,172.95,180,170.1,176.95,97787
KARMAENG,20191014,9.2,9.55,8.05,9.45,594
KARURVYSYA,20191014,59.2,59.9,58.8,59.5,607311
KAUSHALYA,20191014,0.3,0.4,0.3,0.35,12629
KAVVERITEL,20191014,2.6,2.6,2.5,2.5,311
KAYA,20191014,390,424.9,380,399,51544
KCP,20191014,63.05,64.9,63,63.15,26844
KCPSUGIND,20191014,12.3,12.4,11.95,12.05,56830
KDDL,20191014,387.35,387.35,357.95,365.75,274
KEC,20191014,280.7,283.7,275.1,282.05,104247
KECL,20191014,8,8.3,7.6,7.7,55550
KEI,20191014,537.45,545,528,534.7,122923
KELLTONTEC,20191014,16.3,18,16.3,16.3,463006
KENNAMET,20191014,1096.75,1096.75,1047.3,1058.5,1195
KERNEX,20191014,28.65,28.65,26.55,27,15369
KESARENT,20191014,34.1,34.1,28.55,32.05,2446
KESORAMIND,20191014,48,49.1,47.2,47.6,87491
KGL,20191014,0.2,0.2,0.15,0.2,564035
KHADIM,20191014,217,230,216,227.5,13365
KICL,20191014,1626.05,1648,1535.6,1604.45,800
KILITCH,20191014,116.5,121,111.3,116.05,15840
KINGFA,20191014,630.95,646.8,610.2,643.75,4123
KIOCL,20191014,118,120.5,116.15,116.7,7376
KIRIINDUS,20191014,457,467.95,451.95,454.8,84381
KIRLOSBROS,20191014,146,146.15,141.85,142.05,7100
KIRLOSENG,20191014,173.15,174.25,170.55,171.45,6417
KIRLOSIND,20191014,691,691,672,687.1,169
KITEX,20191014,90,90,87.9,88.35,32854
KKCL,20191014,970.05,970.05,960,969.75,213
KMSUGAR,20191014,6.05,6.3,5.95,6.1,50992
KNRCON,20191014,227,230.8,221,226.85,62190
KOHINOOR,20191014,10.65,11.4,10.65,10.9,14358
KOKUYOCMLN,20191014,61.85,63.3,61,61.45,18599
KOLTEPATIL,20191014,243.4,247.7,238.05,239.85,52958
KOPRAN,20191014,24.05,25.9,24.05,25.65,35199
KOTAKBANK,20191014,1598,1609,1576.25,1585.5,2010190
KOTAKBKETF,20191014,287.7,292.4,286.31,290.25,1086837
KOTAKGOLD,20191014,337.9,342.4,337.1,341.65,16323
KOTAKNIFTY,20191014,117,117.9,116.8,117.31,58123
KOTAKNV20,20191014,56.7,56.9,55.95,56.67,8719
KOTAKPSUBK,20191014,228.2,236.7,213,215.48,5179
KOTARISUG,20191014,10.1,10.5,9.65,10.15,9726
KOTHARIPET,20191014,16,16.15,15.25,15.6,825
KOTHARIPRO,20191014,60,60,56.1,58.75,3617
KPITTECH,20191014,103,105.3,97.35,98.9,133995
KPRMILL,20191014,560.05,566.9,547.6,555.15,11092
KRBL,20191014,215.3,222,213,213.2,84243
KREBSBIO,20191014,83.45,83.45,83.45,83.45,50
KRIDHANINF,20191014,6.15,6.45,6.15,6.15,37497
KRISHANA,20191014,62.5,62.5,53,53.05,6502
KSB,20191014,644.45,656,625,651.7,3233
KSCL,20191014,462.05,468.5,459.1,465,71572
KSERASERA,20191014,0.05,0.1,0.05,0.1,276723
KSK,20191014,0.45,0.5,0.4,0.45,707218
KSL,20191014,187.95,187.95,184.9,185.6,21299
KTIL,20191014,34.8,34.8,29.65,30.8,1286
KTKBANK,20191014,71.6,71.75,70.5,70.65,816787
KWALITY,20191014,1.65,1.65,1.65,1.65,119341
L&TFH,20191014,81,83.4,80.4,81.65,7880137
LAKSHVILAS,20191014,23.2,23.2,23.2,23.2,33867
LALPATHLAB,20191014,1376.75,1400,1356.05,1389.9,46018
LAMBODHARA,20191014,29,30.25,29,29.85,3753
LAOPALA,20191014,169.25,175.5,167.5,172.35,7014
LASA,20191014,17.45,17.6,17.4,17.45,9690
LAURUSLABS,20191014,320,329.55,319,319.9,29990
LAXMIMACH,20191014,3296.15,3374,3285,3291.25,1167
LEMONTREE,20191014,55.65,55.95,55.5,55.8,88767
LFIC,20191014,48.15,48.15,48,48,550
LGBBROSLTD,20191014,276.95,276.95,266.5,269.2,2796
LGBFORGE,20191014,2.7,2.8,2.5,2.8,8765
LIBAS,20191014,58,58,52,58,14
LIBERTSHOE,20191014,106,107,103,103.7,57855
LICHSGFIN,20191014,372.6,372.6,360.6,361.9,2964158
LICNETFGSC,20191014,20,20.89,19.1,20,10052
LICNETFN50,20191014,119.1,119.4,117.85,118.8,46
LICNETFSEN,20191014,477.34,477.34,477.34,477.34,2
LICNFNHGP,20191014,117.6,117.6,117.6,117.6,334
LINCOLN,20191014,145.85,149.35,142.55,144.45,7448
LINCPEN,20191014,171,183.5,168,178.75,349
LINDEINDIA,20191014,514.75,520,508,515.05,10697
LIQUIDBEES,20191014,999.02,1000.01,999.02,1000,579155
LIQUIDETF,20191014,999.99,1000.01,999.99,1000,4699
LOKESHMACH,20191014,35.05,36.5,34.25,35.6,14006
LOTUSEYE,20191014,20.75,20.75,20.45,20.45,105
LOVABLE,20191014,59.2,59.2,56.65,56.85,8629
LPDC,20191014,1.5,1.65,1.5,1.55,879
LSIL,20191014,0.5,0.5,0.4,0.45,1181290
LT,20191014,1435,1439.9,1418.35,1423.95,2220364
LTI,20191014,1480.45,1493.8,1471.1,1482,69262
LTTS,20191014,1559.75,1569,1530,1541.35,62961
LUMAXIND,20191014,1213.95,1240.4,1170.2,1230.85,5342
LUMAXTECH,20191014,81.15,89.7,81.15,87.65,31636
LUPIN,20191014,704,720.4,697.3,716.4,1302216
LUXIND,20191014,1156.05,1178.85,1154,1164.95,45796
LYKALABS,20191014,15.3,16,15.3,16,767
LYPSAGEMS,20191014,4.25,4.4,4.05,4.2,15601
M&M,20191014,562.9,572.35,554.55,568.65,2630640
M&MFIN,20191014,324,331.05,316.85,320.7,1257525
M100,20191014,16.9,16.9,16.34,16.49,5422
M50,20191014,110.1,111.92,110.1,111.9,118
MAANALU,20191014,66,66,61,63.1,6865
MADHAV,20191014,23,23.7,23,23,1665
MADHUCON,20191014,3.9,3.95,3.75,3.75,14350
MADRASFERT,20191014,19.85,20.25,19.8,19.9,178728
MAGADSUGAR,20191014,98.3,106.15,98.3,103.3,9675
MAGMA,20191014,47.4,49.9,46.05,47.1,70171
MAGNUM,20191014,3.15,3.15,3.15,3.15,276
MAHABANK,20191014,10.4,10.5,10.05,10.1,536489
MAHAPEXLTD,20191014,78.2,86.25,78.2,84.4,2311
MAHASTEEL,20191014,141.65,144.5,140,142.15,7522
MAHESHWARI,20191014,214,214,211,212.55,14018
MAHINDCIE,20191014,143.05,148.35,142.45,145.3,68222
MAHLIFE,20191014,444.95,454.8,442.6,445.85,37578
MAHLOG,20191014,369,369,361.4,364.35,15065
MAHSCOOTER,20191014,4524.95,4568,4462,4475.75,10280
MAHSEAMLES,20191014,356.8,361.25,353,354.55,4406
MAITHANALL,20191014,438.95,443.65,427.4,432.15,11753
MAJESCO,20191014,420,427.05,405,409.5,81722
MALUPAPER,20191014,27.05,27.05,27.05,27.05,3803
MAN50ETF,20191014,114.5,115.2,114.3,114.3,5186
MANAKALUCO,20191014,4.35,4.85,4.25,4.3,1844
MANAKCOAT,20191014,4.75,4.75,4.6,4.6,211
MANAKSIA,20191014,32.2,33,32.2,32.95,840
MANAKSTEEL,20191014,10.3,10.95,10.3,10.75,2370
MANALIPETC,20191014,18,18.2,17.8,17.85,94607
MANAPPURAM,20191014,139,142.8,137.25,138.5,3561080
MANGALAM,20191014,26.45,27.4,25.25,25.8,10159
MANGCHEFER,20191014,31.95,32.8,31.55,31.75,5900
MANGLMCEM,20191014,290.95,290.95,281.2,284.2,141568
MANGTIMBER,20191014,5.75,5.75,5.75,5.75,633
MANINDS,20191014,40,41.45,39.5,40.6,39146
MANINFRA,20191014,20.05,20.8,20,20.5,77907
MANUGRAPH,20191014,12.7,13.55,12.5,13,14488
MARALOVER,20191014,15.2,17.25,15.2,16.9,2721
MARATHON,20191014,69.45,72.95,69,69.8,722
MARICO,20191014,384.55,389,382.55,384.95,1873572
MARKSANS,20191014,12.8,12.9,12.55,12.6,244392
MARUTI,20191014,6697.95,6874.55,6696.05,6821.1,963217
MASFIN,20191014,687.15,699,687.15,698.7,16139
MASTEK,20191014,307.7,332,306,320.6,42717
MATRIMONY,20191014,526.1,546,526,543.8,857
MAWANASUG,20191014,34.45,34.95,34.15,34.25,37718
MAXINDIA,20191014,66,66,63.65,64.75,55985
MAXVIL,20191014,38.5,40.6,38.5,39.8,21167
MAYURUNIQ,20191014,214.9,215.9,208.1,208.95,13688
MAZDA,20191014,363,365,355,356.95,1084
MBAPL,20191014,81.85,81.85,79.9,79.9,20
MBECL,20191014,3.8,3.8,3.8,3.8,6970
MBLINFRA,20191014,4.9,5.25,4.9,4.9,8438
MCDHOLDING,20191014,18.1,18.15,17.2,17.35,13246
MCDOWELL-N,20191014,613.1,622.15,611.3,616.65,1068802
MCLEODRUSS,20191014,7.55,7.55,6.95,7,182574
MCX,20191014,1003.9,1012,985.55,992.45,552014
MEGASOFT,20191014,6.5,6.9,6.35,6.5,8581
MEGH,20191014,49.7,51.2,49.3,50.45,441423
MENONBE,20191014,61.4,61.4,58.1,59.2,12092
MEP,20191014,25.65,28.35,25.3,27.95,253492
MERCATOR,20191014,0.85,0.85,0.85,0.85,59486
METALFORGE,20191014,5.2,5.3,4.75,4.75,14166
METROPOLIS,20191014,1270.95,1323.95,1270.95,1282.45,29873
MFSL,20191014,409.55,416,405.9,411.95,285550
MGL,20191014,922.5,952.9,922.5,942.4,1070202
MHRIL,20191014,213.9,214.9,208.4,209.2,21200
MIC,20191014,0.35,0.45,0.35,0.45,33485
MIDHANI,20191014,124.15,130.7,123.4,126.2,236317
MINDACORP,20191014,83.4,84.9,80.8,81.6,46680
MINDAIND,20191014,354,361.9,350,356.1,163930
MINDTECK,20191014,31.65,34,31.65,32.4,1170
MINDTREE,20191014,729,737,721.35,730.55,276328
MIRCELECTR,20191014,7.35,7.55,7.1,7.55,121461
MIRZAINT,20191014,53.45,54.25,53,53.65,72681
MMFL,20191014,380,380,371.05,375.1,10052
MMTC,20191014,15,15,14.4,14.45,545628
MOHITIND,20191014,4.55,4.6,4.55,4.6,1535
MOHOTAIND,20191014,14.5,14.5,13.55,13.85,1786
MOIL,20191014,133.45,134.95,133,133.5,104619
MOLDTECH,20191014,52.35,53.05,51.5,51.7,2555
MOLDTKPAC,20191014,297.65,303,296,301.6,11681
MONTECARLO,20191014,235,242.45,228.25,239.65,10860
MORARJEE,20191014,12.1,13.7,12.1,12.75,2641
MOREPENLAB,20191014,15.5,15.85,14.65,15.35,542245
MOTHERSUMI,20191014,96.9,100.5,96.25,99,11257727
MOTILALOFS,20191014,587.4,643.05,587.4,634.5,75478
MOTOGENFIN,20191014,36,37.9,35.15,35.4,324
MPHASIS,20191014,889.15,909,887,904.65,107137
MPSLTD,20191014,485.05,497.4,480,482.55,4152
MRF,20191014,61723,62717.55,61641.35,61996.65,4294
MRO-TEK,20191014,16.6,18.2,16.6,18.2,309
MRPL,20191014,50.9,51.5,50.45,51.3,214077
MSPL,20191014,5.25,5.25,4.75,4.75,488
MSTCLTD,20191014,93.4,97.7,91.65,94.65,49123
MTEDUCARE,20191014,15.7,16.1,14.6,14.6,222582
MTNL,20191014,5.4,5.5,5.25,5.25,612563
MUKANDENGG,20191014,12.75,12.75,10.6,11.9,110444
MUKANDLTD,20191014,32.1,32.1,28.25,29.05,8308
MUKTAARTS,20191014,36.7,36.7,34,35.1,35232
MUNJALAU,20191014,37.45,38.3,37.25,37.65,47433
MUNJALSHOW,20191014,125.1,127,124.5,124.95,11100
MURUDCERA,20191014,15.3,15.95,15,15.2,16265
MUTHOOTCAP,20191014,441,468.55,441,449.7,10997
MUTHOOTFIN,20191014,667,672.15,654.15,658.95,632814
MVL,20191014,0.1,0.1,0.05,0.1,460843
N100,20191014,575,575,535,547.79,3037
NACLIND,20191014,27.9,28.5,26.6,27.55,34589
NAGAFERT,20191014,3.05,3.05,2.85,2.95,172014
NAGAROIL,20191014,0.25,0.25,0.2,0.25,154051
NAGREEKCAP,20191014,7.1,7.35,7.1,7.35,209
NAGREEKEXP,20191014,16.9,17.2,15.55,16.65,21847
NAHARCAP,20191014,73.2,73.2,69.55,70.25,104
NAHARINDUS,20191014,23.65,24,22.5,22.6,7657
NAHARPOLY,20191014,34.3,34.3,32.15,32.75,844
NAHARSPING,20191014,49.2,49.25,47.5,48.35,24079
NATCOPHARM,20191014,562,569.95,560.75,562.75,37090
NATHBIOGEN,20191014,318,326.6,306.1,320.85,21849
NATIONALUM,20191014,41.3,42.1,40.25,40.4,13743950
NATNLSTEEL,20191014,1.9,1.95,1.85,1.85,1812
NAUKRI,20191014,2259.95,2294.1,2220.2,2265.2,153260
NAVINFLUOR,20191014,726.05,734,704,715.2,20813
NAVKARCORP,20191014,33.1,34.8,33.1,34,100471
NAVNETEDUL,20191014,103.65,103.65,95.65,99.95,50697
NBCC,20191014,32.65,33.3,32.35,32.55,13767973
NBIFIN,20191014,1333,1410,1333,1399.25,50
NBVENTURES,20191014,74.3,75,72.45,73.15,83642
NCC,20191014,49.45,49.6,47.9,48.1,13845314
NCLIND,20191014,95.1,97.95,93.55,94.45,18906
NDGL,20191014,545.05,576.85,545,546.3,157
NDL,20191014,31.15,31.15,29.75,30.3,9338
NDTV,20191014,32.95,32.95,30.05,30.2,5056
NECCLTD,20191014,4.9,5.25,4.8,5.05,10117
NECLIFE,20191014,12.05,12.35,11.65,11.75,105446
NELCAST,20191014,37.35,37.35,36.05,36.2,16834
NELCO,20191014,232.45,241.5,231,235.35,48200
NEOGEN,20191014,359.7,367.65,354.5,358.2,9702
NESCO,20191014,556.5,568.45,556.5,567.7,10090
NESTLEIND,20191014,14135,14215,13950,14169,70672
NETWORK18,20191014,19.8,20.6,19.75,20.3,149759
NEULANDLAB,20191014,471.1,474.45,465,469.2,4490
NEWGEN,20191014,270,272,266,267.25,11396
NEXTMEDIA,20191014,9,9.4,9,9.35,1539
NFL,20191014,25.1,25.4,24.7,24.95,294909
NH,20191014,236.45,240,234.9,238.05,6890
NHPC,20191014,23,23.8,22.85,23.7,6605329
NIACL,20191014,97.15,97.35,95.65,96.25,65572
NIBL,20191014,7.05,7.05,7.05,7.05,3617
NIFTYBEES,20191014,1200,1205.5,1194.5,1198.93,34018
NIITLTD,20191014,90.7,91,86,86.95,1500510
NIITTECH,20191014,1410,1415,1390,1396.5,203559
NILAINFRA,20191014,3.9,4,3.8,3.9,111014
NILASPACES,20191014,1,1.05,0.95,1.05,152417
NILKAMAL,20191014,1167.2,1183.95,1167.2,1175.85,5418
NIPPOBATRY,20191014,465.05,474.9,461.5,464.95,258
NITCO,20191014,24.6,25.65,24.3,24.55,101471
NITESHEST,20191014,1.55,1.6,1.55,1.6,1937
NITINSPIN,20191014,51,51,48.05,49.55,15654
NKIND,20191014,30.7,32.55,30.7,31,565
NLCINDIA,20191014,54.2,54.2,53.2,53.3,319716
NMDC,20191014,97.35,100.9,96.1,98.15,8209253
NOCIL,20191014,102.5,104.5,101.85,102.3,267921
NOIDATOLL,20191014,3.9,4.05,3.8,3.8,18159
NPBET,20191014,160.56,160.56,159.37,159.37,93
NRAIL,20191014,223,237.95,221,223.4,10823
NRBBEARING,20191014,97,100.5,96.15,100.1,32680
NSIL,20191014,759.75,777,749.75,766.8,1779
NTL,20191014,0.25,0.35,0.25,0.35,18356
NTPC,20191014,116.55,118.15,116.2,117.75,12146203
NUCLEUS,20191014,310.95,313.65,306.05,311.95,9038
OAL,20191014,202.95,202.95,191,197.45,2214
OBEROIRLTY,20191014,491.6,509,491.05,495.95,202136
OCCL,20191014,1019.9,1020,995,999.95,2345
OFSS,20191014,3076.05,3124.55,3067.05,3093.55,6630
OIL,20191014,149.05,154.45,148.85,153.25,1353556
OILCOUNTUB,20191014,6.45,6.8,6.4,6.65,5146
OISL,20191014,4.45,4.6,4.45,4.6,10455
OLECTRA,20191014,190.3,193.1,187,187.65,34697
OMAXAUTO,20191014,42.8,42.85,37.4,39,28746
OMAXE,20191014,189.6,191.5,189.15,189.6,307915
OMKARCHEM,20191014,5.7,5.7,5.2,5.2,10918
OMMETALS,20191014,20.55,21.95,19.15,21.1,91375
ONELIFECAP,20191014,5.25,5.5,5,5.2,1481
ONEPOINT,20191014,18.3,18.3,14.1,15.6,2882
ONGC,20191014,129.45,136.45,129,135.25,19460416
ONMOBILE,20191014,32.9,32.95,32.05,32.3,28024
ONWARDTEC,20191014,63.05,63.05,61.75,61.95,4302
OPTIEMUS,20191014,31,31.25,28.35,29.35,311215
OPTOCIRCUI,20191014,3.8,3.85,3.65,3.75,264536
ORBTEXP,20191014,87,88,85,85.5,25067
ORICONENT,20191014,18.8,19.5,18.3,18.8,42050
ORIENTABRA,20191014,16.95,17,16.2,16.5,13974
ORIENTALTL,20191014,14,14,13.3,13.65,2679
ORIENTBANK,20191014,51.2,53.25,50.5,51.9,927372
ORIENTBELL,20191014,116.5,119,115.3,116.5,3839
ORIENTCEM,20191014,84.5,86.5,83.95,85.1,52700
ORIENTELEC,20191014,163,163.8,158.5,160.45,172125
ORIENTHOT,20191014,36.3,36.4,35.8,35.9,5572
ORIENTLTD,20191014,100.35,114.9,100.3,105.65,261
ORIENTPPR,20191014,24.1,25.5,24.1,24.95,247220
ORIENTREF,20191014,210,210.8,208.1,208.75,11620
ORISSAMINE,20191014,869.85,870,833.65,847.75,11589
ORTINLABSS,20191014,10.5,10.5,9.15,9.65,2454
OSWALAGRO,20191014,7,7,5.15,5.55,42009
PAGEIND,20191014,20900,21260,20752.05,21009.35,25384
PAISALO,20191014,405.15,421.95,405.15,420,34268
PALASHSECU,20191014,28.85,39,28.85,33.95,5145
PALREDTEC,20191014,17.35,17.8,16.35,16.55,2591
PANACEABIO,20191014,134,140,133,136.4,17225
PANAMAPET,20191014,72.7,72.8,70.05,70.35,12600
PAPERPROD,20191014,228.85,233,227.25,230,7027
PARABDRUGS,20191014,1.1,1.15,1.1,1.1,46
PARACABLES,20191014,8,8.4,8,8.05,32939
PARAGMILK,20191014,155,155.9,153.2,154.4,113178
PARSVNATH,20191014,2.5,2.55,2.4,2.5,103853
PATELENG,20191014,9.5,9.95,9.5,9.75,129144
PATINTLOG,20191014,20.5,21.45,19.8,21.15,8832
PATSPINLTD,20191014,6,6,5.15,5.45,24707
PCJEWELLER,20191014,30.1,33.5,29.35,32.6,15636747
PDMJEPAPER,20191014,13.75,13.75,13.75,13.75,17069
PDPL,20191014,2.4,2.4,2.2,2.4,3462
PDSMFL,20191014,322,327,319,321.5,3089
PEARLPOLY,20191014,7.7,8.45,7.7,7.7,25
PEL,20191014,1374,1393.95,1360,1376.5,1539737
PENIND,20191014,25.2,25.65,24.65,25.05,70252
PENINLAND,20191014,3.45,3.45,3.2,3.35,127746
PERSISTENT,20191014,564,590,551.5,584.35,69811
PETRONENGG,20191014,7.4,8.1,7.4,7.75,248
PETRONET,20191014,258.9,261.8,257.45,258.85,1664770
PFC,20191014,91.55,96.1,91.55,93.45,10733205
PFIZER,20191014,3155,3198,3131,3169.5,12293
PFOCUS,20191014,43.5,44,40.6,42.55,8105
PFS,20191014,12,12.1,11.6,11.9,313547
PGEL,20191014,45.45,53.1,41.25,43.65,509358
PGHH,20191014,11499,11928,11499,11768.6,4168
PGHL,20191014,4422.1,4499,4405.55,4429.4,8551
PGIL,20191014,164,166.4,160.2,161,1734
PHILIPCARB,20191014,112,115,112,112.45,282470
PHOENIXLTD,20191014,705,706,689,694.15,29064
PIDILITIND,20191014,1370.05,1384.8,1359,1362.25,371171
PIIND,20191014,1332.4,1354,1326.15,1339,200034
PILANIINVS,20191014,1980,1980,1901,1932.05,2184
PILITA,20191014,4.6,4.95,4.5,4.65,79404
PIONDIST,20191014,127.3,131.5,127.1,128.8,3890
PIONEEREMB,20191014,21.9,24.9,21.25,22.95,13039
PIRPHYTO,20191014,17.4,17.4,17,17.05,544
PITTIENG,20191014,39.15,41.75,38.75,40.35,23249
PKTEA,20191014,120,120,115.45,120,172
PLASTIBLEN,20191014,170,178,170,177.1,900
PNB,20191014,57.2,58.4,56.75,57.3,17778101
PNBGILTS,20191014,27.7,28.8,27.4,27.9,107815
PNBHOUSING,20191014,508.7,515.9,461.7,469.25,730125
PNC,20191014,13,14.75,13,13.5,34882
PNCINFRA,20191014,165.2,167.3,163.05,163.5,666773
PODDARHOUS,20191014,379.95,379.95,350,364,1327
PODDARMENT,20191014,163,164.9,159.25,160.9,656
POKARNA,20191014,155.5,159,153,153.3,11939
POLYCAB,20191014,669.9,675.9,666,672.15,38252
POLYMED,20191014,213.45,215,210,210.15,3358
POLYPLEX,20191014,438.85,444.9,438.55,441.5,28785
PONNIERODE,20191014,105.7,105.7,102.5,104.35,1177
POWERGRID,20191014,201,202.3,197.7,198.4,6278901
POWERMECH,20191014,698.95,698.95,662.05,665.1,10312
PPAP,20191014,195.9,204,191.5,202.15,23630
PPL,20191014,66.5,67.9,66,66.15,7533
PRABHAT,20191014,78.4,79.25,77.9,78.9,45118
PRADIP,20191014,0.55,0.6,0.55,0.55,635
PRAENG,20191014,6.5,6.5,5.85,6,13043
PRAJIND,20191014,106.8,107.95,105.5,106.05,435810
PRAKASH,20191014,42.2,42.8,41.9,42.15,139376
PRAKASHSTL,20191014,0.25,0.25,0.25,0.25,12170
PRAXIS,20191014,60,63.5,60,61.15,1248
PRECAM,20191014,27.85,29,27.55,28.9,81470
PRECOT,20191014,28.9,29.3,23.7,25,3122
PRECWIRE,20191014,150.9,151.95,146.1,148.05,1795
PREMEXPLN,20191014,171.05,174.9,170.1,171.4,559
PREMIER,20191014,2.55,2.55,2.55,2.55,1150
PREMIERPOL,20191014,18.6,19.5,17.3,18.2,3006
PRESSMN,20191014,21.3,21.3,19.85,20.2,20571
PRESTIGE,20191014,275.2,284.5,275.2,280.3,85234
PRICOLLTD,20191014,32.05,32.7,31.05,32.15,55911
PRIMESECU,20191014,35.9,39.6,35.2,39.05,287460
PROSEED,20191014,0.3,0.35,0.25,0.3,44550
PROVOGE,20191014,0.7,0.7,0.7,0.7,152058
PROZONINTU,20191014,14.6,15.4,14.05,15,18034
PRSMJOHNSN,20191014,78.6,79.25,77,77.05,84655
PSB,20191014,17.2,17.55,17.2,17.25,22972
PSL,20191014,0.65,0.65,0.6,0.6,269
PSPPROJECT,20191014,544.25,558,544,548.3,10340
PSUBNKBEES,20191014,241,245.5,237.26,238.22,2436
PTC,20191014,54.8,55.2,54.3,54.65,416716
PTL,20191014,35.85,35.9,34.45,35.8,1750
PUNJABCHEM,20191014,502.6,535.65,502.6,523.4,3192
PURVA,20191014,60.75,60.75,58.05,59.1,53679
PVR,20191014,1802.8,1805,1783.3,1799.4,315065
QGOLDHALF,20191014,1661.15,1682,1660,1680.15,1318
QUESS,20191014,474.95,475,467.55,470.2,282667
QUICKHEAL,20191014,115,117.7,113.35,115.2,108961
QUINTEGRA,20191014,0.75,0.75,0.7,0.7,7528
RADAAN,20191014,1.15,1.15,1.15,1.15,211
RADICO,20191014,299.25,299.25,294.65,296.4,116452
RADIOCITY,20191014,36.9,36.9,34.6,35.3,27297
RAIN,20191014,85,86.8,83.45,85.7,506462
RAJESHEXPO,20191014,677,682.5,670.95,672.55,203485
RAJSREESUG,20191014,16.3,16.3,15.9,15.95,4137
RAJTV,20191014,47.7,47.7,44.5,44.85,4376
RAJVIR,20191014,16.3,16.3,16.3,16.3,50
RALLIS,20191014,172.55,175.4,172.45,174.5,92513
RAMANEWS,20191014,14.95,15.2,14.2,14.45,8241
RAMASTEEL,20191014,54,55.5,53.35,54.9,2378
RAMCOCEM,20191014,718.2,733.9,716,720.6,181884
RAMCOIND,20191014,171.75,171.75,166.95,169.3,20137
RAMCOSYS,20191014,153.15,155.15,151,153.45,6804
RAMKY,20191014,41.3,43,39.9,40.05,37477
RANASUG,20191014,2.15,2.25,2.1,2.15,118213
RANEENGINE,20191014,229,233,210,213.25,6180
RANEHOLDIN,20191014,870.1,889.85,836.05,880.75,2551
RATNAMANI,20191014,926.8,945.65,914.05,932.05,10985
RAYMOND,20191014,579.25,591.9,565.1,580.3,359334
RBL,20191014,502.95,509,488.45,500.35,6693
RBLBANK,20191014,266,278.35,255.6,258.9,23405045
RCF,20191014,45.1,47.45,44.8,47.15,997752
RCOM,20191014,0.75,0.75,0.7,0.7,5972254
RECLTD,20191014,124.55,127.5,123.7,124.95,3830911
REDINGTON,20191014,107.95,109.9,105.35,106.7,95927
REFEX,20191014,56.35,58.5,54.35,54.35,89464
RELAXO,20191014,496,503.9,496,499.9,72409
RELCAPITAL,20191014,17.5,17.65,15.75,15.75,9014517
RELCNX100,20191014,118.2,118.7,117.66,118.48,323
RELCONS,20191014,52.03,52.73,52.03,52.29,1879
RELDIVOPP,20191014,29.12,29.24,28.93,28.95,347
RELIANCE,20191014,1364.95,1364.95,1350.85,1358,6123412
RELIGARE,20191014,44.5,45.5,44.2,44.2,151463
RELINFRA,20191014,21.5,22,19.85,20,6320813
RELNV20,20191014,550.1,567.96,550,566.09,654
REMSONSIND,20191014,85.85,86.4,84.05,84.5,6007
RENUKA,20191014,6.9,6.9,6.75,6.8,318107
REPCOHOME,20191014,299,302.7,274.6,278.9,102096
REPRO,20191014,575,587,552.55,558.9,1977
RESPONIND,20191014,90,91,88.35,90.2,242735
RETFMID150,20191014,57.71,58.47,57.71,58.08,9505
REVATHI,20191014,348,354.4,340,341.45,454
RGL,20191014,225.35,237.75,224,230.45,1096
RHFL,20191014,3.25,3.4,3.2,3.4,570055
RICOAUTO,20191014,38.6,39.35,38.2,38.5,197270
RIIL,20191014,241,243,238.2,240.5,108337
RITES,20191014,284,286.45,266,267.85,1094119
RKDL,20191014,6.1,6.65,6.1,6.65,3113
RKFORGE,20191014,275.95,275.95,267,268.65,3873
RMCL,20191014,4.55,4.65,4.45,4.65,126107
RML,20191014,249.05,257,247.15,250.45,5031
RNAM,20191014,268.95,273.9,266.15,267.25,721284
RNAVAL,20191014,2.1,2.1,2.05,2.1,735846
ROHITFERRO,20191014,0.7,0.75,0.7,0.75,6060
ROHLTD,20191014,74.85,77.95,74.5,76.45,20532
ROLLT,20191014,2.1,2.2,2.1,2.2,146
ROLTA,20191014,4.5,4.75,4.5,4.6,94925
ROSSELLIND,20191014,58.3,61.75,58.25,59.15,2132
RPGLIFE,20191014,184.5,185.75,180.95,183.45,10229
RPOWER,20191014,2.1,2.15,2,2.05,17359574
RPPINFRA,20191014,90.4,95.2,89.4,89.75,45929
RRSLGETF,20191014,20,20,16.6,19.99,7352
RSSOFTWARE,20191014,18.6,18.6,17.3,17.45,10897
RSWM,20191014,102,104.9,99.8,103.75,104555
RSYSTEMS,20191014,39.5,40.6,38.5,38.8,4201
RTNINFRA,20191014,1.5,1.55,1.45,1.55,67118
RTNPOWER,20191014,1.2,1.3,1.2,1.3,677790
RUBYMILLS,20191014,165.3,174,165.05,166.85,839
RUCHINFRA,20191014,1.95,2.1,1.95,1.95,34588
RUCHIRA,20191014,81,84.6,80.1,80.75,35728
RUCHISOYA,20191014,3.95,3.95,3.7,3.7,2341703
RUPA,20191014,164.1,167.95,161.3,164.4,6079
RUSHIL,20191014,116.5,119.95,110.65,110.65,7577
RVNL,20191014,26.1,26.85,25.1,25.5,24960035
SABEVENTS,20191014,0.8,0.8,0.8,0.8,1
SABTN,20191014,2,2,1.9,1.95,4331
SADBHAV,20191014,129.95,132.65,128.3,132.15,60352
SADBHIN,20191014,44.45,45.95,43.5,44,12837
SAFARI,20191014,591.9,603,570.1,587.4,2282
SAGARDEEP,20191014,53.1,55,50.75,52.45,26050
SAGCEM,20191014,560.1,576.7,551.3,560.55,2632
SAIL,20191014,32.65,33.05,32.3,32.65,21445957
SAKAR,20191014,47.5,48,45.3,47.4,15864
SAKHTISUG,20191014,7.7,8,7.4,7.6,26587
SAKSOFT,20191014,248.35,248.35,234.95,237.25,4598
SAKUMA,20191014,7.55,7.9,7.55,7.9,208811
SALASAR,20191014,101.55,102.5,98.8,100.65,6943
SALONA,20191014,70,75.5,70,71.15,769
SALSTEEL,20191014,2.75,2.75,2.7,2.7,2848
SALZERELEC,20191014,115.05,121.25,113,119.2,9549
SAMBHAAV,20191014,2.5,2.65,2.5,2.5,9307
SANCO,20191014,17.45,17.85,17.1,17.3,314777
SANDESH,20191014,583,606,570,588.85,830
SANDHAR,20191014,233.25,233.4,225.05,230.75,3028
SANGAMIND,20191014,38.75,38.8,37,37.1,1450
SANGHIIND,20191014,49.9,49.9,48,48.2,46076
SANGHVIFOR,20191014,32.1,33,32.05,32.05,203
SANGHVIMOV,20191014,74.05,74.7,67.65,70.95,55196
SANGINITA,20191014,128.9,128.9,115,118.85,31193
SANOFI,20191014,5949.4,5949.4,5838.55,5879.55,16798
SANWARIA,20191014,1.75,1.75,1.65,1.65,3131633
SARDAEN,20191014,147.9,150,146.25,147.5,16628
SAREGAMA,20191014,350.65,363.15,345.25,356.75,40765
SARLAPOLY,20191014,21.4,21.6,21.1,21.25,195703
SASKEN,20191014,600,609.8,595,603.15,8446
SASTASUNDR,20191014,96.5,96.5,90.55,91.1,695
SATHAISPAT,20191014,4.35,4.35,4.35,4.35,16150
SATIA,20191014,715.05,733,707,727.5,3908
SATIN,20191014,270.55,272,265.35,267.8,18158
SBIETFQLTY,20191014,98,98.8,96.88,97.46,1982
SBILIFE,20191014,846.1,847.6,822,828.7,366115
SBIN,20191014,256.95,259.4,254,255.45,28265136
SCAPDVR,20191014,0.35,0.45,0.35,0.45,11832
SCHAEFFLER,20191014,4152.2,4225.8,4111,4128.55,1066
SCHAND,20191014,60.1,61,57.65,59.95,7945
SCHNEIDER,20191014,68.7,70.35,68.7,69.95,16648
SCI,20191014,43.5,45.4,43.4,44.45,2770762
SDBL,20191014,119.9,119.9,116.25,117.25,9838
SEAMECLTD,20191014,350,356.75,339.45,354.7,1324
SELAN,20191014,132.95,132.95,131,131.15,8179
SELMCL,20191014,0.6,0.6,0.55,0.6,42751
SEPOWER,20191014,2.8,2.8,2.6,2.7,2536
SEQUENT,20191014,76.7,79.7,76.2,77.55,209087
SESHAPAPER,20191014,173,178,172.55,175.4,8339
SETCO,20191014,14.9,16.9,14.8,15.05,99982
SETF10GILT,20191014,193.55,193.55,178.02,178.09,55
SETFGOLD,20191014,3439.95,3448,3405.55,3436.95,996
SETFNIF50,20191014,117.5,117.5,116,116.7,48954
SETFNIFBK,20191014,290,304.2,284,284.6,1216206
SETFNN50,20191014,277,277,273,275.59,2897
SETUINFRA,20191014,1.6,1.65,1.6,1.65,51523
SEYAIND,20191014,380,401,370,399,15340
SFL,20191014,1239.25,1252.25,1237,1248.25,915
SGL,20191014,6.85,7.85,6.85,7.25,2195
SHAHALLOYS,20191014,8.25,8.55,8.25,8.25,381
SHAKTIPUMP,20191014,257.8,266,257.8,261.2,13551
SHALBY,20191014,83,86.85,83,83.95,6663
SHALPAINTS,20191014,85,86.85,85,85.8,25289
SHANKARA,20191014,271.75,282.8,271.05,282.8,53652
SHANTIGEAR,20191014,96.15,99.55,95,96.5,3008
SHARDACROP,20191014,273.7,277.55,271.2,274.75,1842
SHARDAMOTR,20191014,825,842.4,772,806.1,2532
SHARIABEES,20191014,255.6,256.59,246.76,256.02,377
SHEMAROO,20191014,246,251.1,244,246.7,3034
SHILPAMED,20191014,256.65,272.65,253.25,257.65,8684
SHIRPUR-G,20191014,10.45,10.45,9.65,9.9,5477
SHIVAMAUTO,20191014,21.25,21.6,20.65,21,22044
SHIVAMILLS,20191014,30.6,31.25,30.6,31.25,351
SHIVATEX,20191014,100.7,112.95,100.7,103.4,403
SHK,20191014,132.35,134,129.45,131.2,30357
SHOPERSTOP,20191014,407.65,418,401.35,414.35,6826
SHREDIGCEM,20191014,16.25,16.3,14.55,16,43601
SHREECEM,20191014,18400,18822.1,18351.1,18695.6,8088
SHREEPUSHK,20191014,94.3,96.5,91.5,92.6,23680
SHREERAMA,20191014,3.75,3.9,3.6,3.6,19138
SHRENIK,20191014,42.3,44.75,41.05,44.1,147416
SHREYANIND,20191014,123,124.8,118,118.9,32872
SHREYAS,20191014,79.7,79.7,73.3,74.9,3840
SHRIPISTON,20191014,715,770,715,745.7,151
SHRIRAMCIT,20191014,1360.15,1360.15,1331.8,1349.95,11490
SHRIRAMEPC,20191014,7.65,8.35,7.65,7.8,78246
SHYAMCENT,20191014,2.4,2.5,2.4,2.5,15934
SICAGEN,20191014,15.5,15.5,14.45,15,15217
SICAL,20191014,24.7,24.7,22.8,22.8,29956
SIEMENS,20191014,1580.1,1604.5,1569.65,1573.7,580227
SIGIND,20191014,20.5,20.5,19.2,20,8942
SIL,20191014,11.35,11.35,11.35,11.35,385
SILINV,20191014,143.2,146,142.1,142.5,1816
SIMBHALS,20191014,6.4,6.8,6.4,6.7,2370
SIMPLEXINF,20191014,42.25,42.6,40.2,41,86382
SINTEX,20191014,1.45,1.45,1.45,1.45,192713
SIRCA,20191014,182,189.5,176.9,184.25,1831
SIS,20191014,851.05,876,845.5,851.15,1041
SITINET,20191014,1.65,1.75,1.65,1.75,160355
SIYSIL,20191014,220.4,220.95,208.25,212.5,6314
SJVN,20191014,23.9,24.55,23.85,24.25,2139555
SKFINDIA,20191014,2144,2144,2080,2103.35,103917
SKIL,20191014,4.3,4.5,4.15,4.15,11407
SKIPPER,20191014,50,50.05,48.3,48.85,17210
SKMEGGPROD,20191014,37.6,39.3,37.5,38.35,12533
SMARTLINK,20191014,89.95,89.95,85.1,85.3,7177
SMLISUZU,20191014,541,544.6,534.85,539.1,1845
SMSLIFE,20191014,279,279,263.4,264.7,7063
SMSPHARMA,20191014,41.95,42.3,41.2,41.5,7423
SNOWMAN,20191014,34.5,38.9,34.05,38.15,1834043
SOBHA,20191014,440,448.4,437.1,442.4,58795
SOLARA,20191014,388,388,363,374.6,5953
SOLARINDS,20191014,1080.05,1100,1080.05,1095.8,2435
SOMANYCERA,20191014,194.5,200.7,192,193.25,30125
SOMATEX,20191014,2.75,2.85,2.7,2.7,4526
SOMICONVEY,20191014,12.4,12.85,11.35,11.95,4052
SONATSOFTW,20191014,300.2,307.3,297.15,301.7,41787
SORILINFRA,20191014,87.7,87.7,87.7,87.7,3807
SOTL,20191014,839.95,850,820.55,834.2,822
SOUTHBANK,20191014,10.2,10.2,9.95,10.05,5136985
SOUTHWEST,20191014,13.5,14.9,13.5,13.7,405
SPAL,20191014,201.05,205,200,203.95,5078
SPANDANA,20191014,1071.3,1128.9,1071.3,1089.7,169869
SPARC,20191014,115.2,122.2,115.2,118.85,687791
SPCENET,20191014,1.25,1.3,1.2,1.2,12305
SPECIALITY,20191014,68.95,68.95,65.2,67.5,10482
SPENCERS,20191014,65.05,67.5,63.15,64.2,75873
SPENTEX,20191014,0.35,0.4,0.35,0.35,118188
SPIC,20191014,18.95,18.95,18.2,18.6,23759
SPICEJET,20191014,121.4,125.2,120,122.4,1034768
SPLIL,20191014,32.8,32.8,31.1,31.55,17275
SPMLINFRA,20191014,7.6,7.6,7.6,7.6,4731
SPTL,20191014,2.6,2.6,2.6,2.6,129036
SPYL,20191014,0.2,0.25,0.2,0.25,19536
SREEL,20191014,171.95,177.05,170.05,171.8,2112
SREINFRA,20191014,7.55,8.05,7.25,7.8,1118654
SRF,20191014,2699,2713.45,2595.2,2612.65,424743
SRHHYPOLTD,20191014,97.2,102,97.2,101.2,1109
SRIPIPES,20191014,171.3,171.3,167.95,168.6,68662
SRTRANSFIN,20191014,1068,1073.3,1036.7,1044.65,626495
SSWL,20191014,766.85,780,762.6,772.85,4994
STAMPEDE,20191014,0.75,0.75,0.7,0.75,35501
STAR,20191014,326,340.8,321.3,338.5,1425059
STARCEMENT,20191014,93,93,90,91.05,27256
STARPAPER,20191014,106.7,108,103.25,103.3,77932
STCINDIA,20191014,46.1,46.1,46.1,46.1,5534
STEELCITY,20191014,29.15,29.8,28.8,29.1,5987
STEELXIND,20191014,10.7,10.7,10.2,10.2,3056
STEL,20191014,71,71,63.4,65.1,6008
STERTOOLS,20191014,163,167.8,160.35,162.25,1899
STRTECH,20191014,143.45,143.8,137,137.9,1150679
SUBCAPCITY,20191014,6.3,6.3,6.3,6.3,384
SUBEX,20191014,4.85,4.95,4.8,4.8,544986
SUBROS,20191014,236,241.05,235,237,15727
SUDARSCHEM,20191014,378.1,394,377,383.85,93886
SUJANAUNI,20191014,0.15,0.2,0.15,0.2,8560
SUMEETINDS,20191014,1.85,1.9,1.75,1.75,60440
SUMIT,20191014,19,20.3,18,19.75,28906
SUMMITSEC,20191014,488.9,488.9,459.35,470.45,2480
SUNCLAYLTD,20191014,1857.4,1868.7,1765.5,1838.15,703
SUNDARAM,20191014,1.45,1.45,1.35,1.4,67351
SUNDARMFIN,20191014,1640,1640,1610,1615.9,6788
SUNDARMHLD,20191014,68.1,69.95,67.7,69.6,17391
SUNDRMBRAK,20191014,240.05,253,240,247.7,400
SUNDRMFAST,20191014,460,476,454.6,459.3,24221
SUNFLAG,20191014,26.3,26.4,25.6,25.7,77546
SUNPHARMA,20191014,387,399,387,394.65,4372357
SUNTECK,20191014,405,415.2,404.25,408.95,105126
SUNTV,20191014,470,482.6,466.45,480.3,981882
SUPERHOUSE,20191014,80.05,82.05,79.55,80.15,2541
SUPERSPIN,20191014,4.45,4.6,4.15,4.25,28411
SUPPETRO,20191014,170.05,174.05,170,170.8,3075
SUPRAJIT,20191014,177,182.5,175.9,179.8,18417
SUPREMEIND,20191014,1209,1211.9,1192,1205.45,49171
SURANASOL,20191014,5.65,6.35,5.4,5.7,47997
SURANAT&P,20191014,3.7,3.7,3.35,3.4,9239
SURYALAXMI,20191014,16.85,18.25,15.75,16.75,77762
SURYAROSNI,20191014,167.75,171.45,161.1,162.45,42252
SUTLEJTEX,20191014,27.15,27.7,26.5,26.85,7301
SUVEN,20191014,257.9,260.95,256.4,258.2,137894
SUZLON,20191014,2.75,2.9,2.65,2.7,11118054
SWANENERGY,20191014,105.75,105.9,104.1,104.8,61819
SWARAJENG,20191014,1165.05,1165.05,1123,1126.4,2582
SWELECTES,20191014,116.9,118.7,102.65,115.5,25976
SWSOLAR,20191014,620.05,626,598.25,607.25,48591
SYMPHONY,20191014,1290.55,1307.55,1234.55,1264.85,6051
SYNCOM,20191014,0.95,0.95,0.9,0.9,9412
SYNDIBANK,20191014,25.1,25.25,24.4,24.55,634464
SYNGENE,20191014,313.6,316,309.9,315.05,83818
TAINWALCHM,20191014,47,49.8,46.55,49,352
TAJGVK,20191014,167,171,161.35,163.6,13694
TAKE,20191014,99.3,104.55,99.3,100.05,94368
TALBROAUTO,20191014,109.5,109.55,104.25,105,8433
TALWALKARS,20191014,2.55,2.55,2.55,2.55,35045
TALWGYM,20191014,3.95,3.95,3.95,3.95,10186
TANLA,20191014,46.6,48.7,46.6,47.1,143261
TANTIACONS,20191014,1.45,1.45,1.4,1.4,940
TARAPUR,20191014,5.2,5.2,5.05,5.05,331
TARMAT,20191014,25.4,26.65,24.4,25.85,6060
TASTYBITE,20191014,9949.95,9998.9,9806,9939.9,2586
TATACHEM,20191014,593.7,598.5,587.65,590,262329
TATACOFFEE,20191014,75.4,75.85,74.5,74.95,155768
TATACOMM,20191014,356.1,368.15,340,354.7,54712
TATAELXSI,20191014,636.25,657,628.6,646.4,1031550
TATAGLOBAL,20191014,274,277.8,273,275.75,2040226
TATAINVEST,20191014,776,787.7,775.45,784.95,4147
TATAMETALI,20191014,565,575.95,554.2,569.7,60377
TATAMOTORS,20191014,122.6,130,122.5,127.85,68048611
TATAMTRDVR,20191014,54.5,58,54.3,56.4,10251514
TATAPOWER,20191014,60.75,61.6,59.55,59.8,4814837
TATASTEEL,20191014,345.75,352.75,342.95,344.85,16723963
TATASTLBSL,20191014,21.4,22.1,21.35,21.55,643267
TATASTLLP,20191014,408.85,415,406.2,410.85,45349
TBZ,20191014,40.85,43,40.75,41.65,132523
TCI,20191014,277,285.95,275.2,282.9,14186
TCIDEVELOP,20191014,337,360,332.5,360,4
TCIEXP,20191014,719,722,707.65,715.3,16607
TCIFINANCE,20191014,9.55,9.75,9.1,9.3,8338
TCNSBRANDS,20191014,730,730,694,705.55,4299
TCPLPACK,20191014,255,260,248,257,7493
TCS,20191014,1995,2032.75,1968,2021,3510704
TDPOWERSYS,20191014,145.1,149,145.1,147.9,4704
TEAMLEASE,20191014,3080,3140.8,3047.3,3070,2314
TECHIN,20191014,3.8,3.8,3.8,3.8,1041
TECHM,20191014,721,728.65,717.45,720.75,1871571
TECHNOE,20191014,269,271.2,265.7,269.05,5191
TECHNOFAB,20191014,32.85,32.85,32.85,32.85,736
TEJASNET,20191014,77.65,81,77.25,78.05,36709
TERASOFT,20191014,24.05,24.8,23.8,23.8,7431
TEXINFRA,20191014,40,41.9,39.6,40.45,15628
TEXMOPIPES,20191014,15.1,15.4,14.75,15.15,13650
TEXRAIL,20191014,46.9,46.9,44.55,44.85,109123
TFCILTD,20191014,79.95,79.95,77.9,78.35,15886
TFL,20191014,4.6,4.6,4.15,4.3,11878
TGBHOTELS,20191014,3.5,3.65,3.35,3.55,13923
THANGAMAYL,20191014,321,350,306.3,337.05,11367
THEINVEST,20191014,114.8,127.9,110.4,125.25,1715
THEMISMED,20191014,242,253.8,242,253.7,4126
THERMAX,20191014,1126,1137,1109.5,1116.05,23864
THOMASCOOK,20191014,140,141.35,137,137.6,133073
THYROCARE,20191014,534.9,534.9,500,505.3,13713
TI,20191014,13.75,14.25,12.8,14,66365
TIDEWATER,20191014,4559,4660,4559,4615.15,1192
TIIL,20191014,320.95,339.9,315.05,325.9,4180
TIINDIA,20191014,373,375.95,369.25,371.55,10634
TIJARIA,20191014,8.7,9.05,8.65,8.85,3607
TIL,20191014,186,190,180,181.6,3420
TIMESGTY,20191014,35.1,35.1,30.1,30.5,311
TIMETECHNO,20191014,57.5,59.1,57,58.8,168087
TIMKEN,20191014,774.95,786.5,762.1,773,22929
TINPLATE,20191014,109.8,112.55,108.3,108.9,296566
TIPSINDLTD,20191014,72,73,70,73,6141
TIRUMALCHM,20191014,61,62.8,60.2,60.5,170845
TITAN,20191014,1239.8,1258,1233.5,1248.95,1241231
TMRVL,20191014,12.35,12.55,12.1,12.45,8963
TNPETRO,20191014,36.65,36.65,35,35.2,46262
TNPL,20191014,185,187,181.05,186.2,83167
TNTELE,20191014,1.3,1.35,1.3,1.35,1244
TOKYOPLAST,20191014,55,58.9,53.2,53.25,3808
TORNTPHARM,20191014,1631.6,1704.1,1631.6,1697.95,366908
TORNTPOWER,20191014,283.25,286,280.7,281.7,717285
TPLPLASTEH,20191014,115,118.45,111,113.75,2180
TREEHOUSE,20191014,5.85,5.9,5.65,5.85,56536
TREJHARA,20191014,12.65,13.9,12.65,13.85,6240
TRENT,20191014,510.6,510.65,502.15,505.7,157195
TRF,20191014,91.55,91.8,87.7,88.35,9778
TRIDENT,20191014,55.85,56.55,55.1,55.7,216835
TRIGYN,20191014,43.3,43.8,39.6,41,42770
TRIL,20191014,8.4,8.6,7.9,7.95,101562
TRITURBINE,20191014,101.55,102.15,99.05,99.95,37507
TRIVENI,20191014,61.2,63.45,61.2,62.6,238507
TTKHLTCARE,20191014,441.25,449.95,435,438.05,1187
TTKPRESTIG,20191014,5926.3,6029.7,5902.85,5936.6,1895
TTL,20191014,38,40.3,36.5,38.55,1100
TTML,20191014,2.65,2.8,2.6,2.7,426070
TV18BRDCST,20191014,22.25,22.45,21.75,21.9,706915
TVSELECT,20191014,113.7,114.1,110,111.7,8739
TVSMOTOR,20191014,392.25,400.5,386.7,397.5,1350640
TVSSRICHAK,20191014,1742,1765.05,1740,1748.65,987
TVTODAY,20191014,313,314.35,302.45,304.8,7694
TVVISION,20191014,1.5,1.5,1.5,1.5,2744
TWL,20191014,43,43,41.1,41.35,1011469
UBL,20191014,1266,1284,1261,1276.35,308362
UCALFUEL,20191014,117,117.05,115.2,115.8,10893
UCOBANK,20191014,12.05,12.15,11.75,11.8,390594
UFLEX,20191014,209.75,210.5,205,208,42524
UFO,20191014,148.85,148.85,142.65,143.65,11328
UGARSUGAR,20191014,12.25,12.55,12.05,12.1,46476
UJAAS,20191014,3.4,3.4,3.15,3.2,68836
UJJIVAN,20191014,299.6,303,294.4,297.35,1564603
ULTRACEMCO,20191014,4075,4207.1,4051.55,4170.3,467406
UMANGDAIRY,20191014,35.1,35.9,33.5,34.55,4619
UMESLTD,20191014,0.85,0.85,0.85,0.85,1304
UNICHEMLAB,20191014,178.55,179.7,177,177.15,12068
UNIENTER,20191014,68.45,70,66.55,69.8,228
UNIONBANK,20191014,49.15,51.15,49.05,49.5,11389521
UNIPLY,20191014,40,47.45,40,44.1,222337
UNITECH,20191014,0.45,0.45,0.4,0.4,8589547
UNITEDBNK,20191014,7.6,7.65,7.5,7.55,283693
UNITEDTEA,20191014,250.05,266.9,250,265.2,297
UNIVCABLES,20191014,147.4,148.15,141.2,145.75,4983
UPL,20191014,583,589.65,568.1,586.65,3373152
URJA,20191014,1.75,1.75,1.65,1.7,684413
USHAMART,20191014,26.3,26.5,25.4,26.2,161325
UTINEXT50,20191014,274,274,270,270,8
UTINIFTETF,20191014,1199,1229,1190.15,1208.77,518
UTISENSETF,20191014,410,410.8,389.7,409.88,614
UTTAMSTL,20191014,6,6,5.7,5.8,107681
UTTAMSUGAR,20191014,94.65,97.2,92.65,93.45,62316
UVSL,20191014,0.05,0.1,0.05,0.05,2061319
V2RETAIL,20191014,129.05,131.2,125.4,126.65,43266
VADILALIND,20191014,789.1,789.1,740.1,745.6,20061
VAIBHAVGBL,20191014,795,810,751,803.35,26439
VAKRANGEE,20191014,25,26.8,24.2,26.65,12022898
VARDHACRLC,20191014,36.9,36.9,35.6,36,4672
VARDMNPOLY,20191014,2.3,2.3,2.2,2.2,301
VARROC,20191014,445.9,454.55,441,448.7,15113
VASCONEQ,20191014,12.8,13.15,12.25,12.6,92590
VASWANI,20191014,5.15,5.45,4.6,5,101286
VBL,20191014,625.9,625.95,611.1,620.95,659965
VEDL,20191014,148.75,152.8,147,147.8,12919085
VENKEYS,20191014,1625,1629.75,1570,1580.85,69496
VENUSREM,20191014,21.2,23.5,21.2,21.9,14211
VESUVIUS,20191014,994.95,995,965.15,986.45,12056
VETO,20191014,53.6,55.3,50.1,54.3,19334
VGUARD,20191014,231.8,236.9,230.1,231.2,328646
VHL,20191014,1488,1490,1462.25,1468.1,270
VICEROY,20191014,1.2,1.25,1.15,1.2,12146
VIDHIING,20191014,58.3,60.6,57.6,58.45,25817
VIJIFIN,20191014,0.5,0.5,0.4,0.45,49128
VIKASECO,20191014,3.25,3.5,3.1,3.1,639449
VIKASMCORP,20191014,3.95,3.95,3.7,3.7,127819
VIKASPROP,20191014,3.3,3.3,3.3,3.3,1394506
VIKASWSP,20191014,10.75,10.75,10.35,10.75,454787
VIMTALABS,20191014,104.75,107.85,104.75,105.6,25439
VINATIORGA,20191014,2166,2175,2140,2146.55,6909
VINDHYATEL,20191014,874.75,885.5,859.9,869.5,8372
VINYLINDIA,20191014,61.1,61.75,60.4,61.05,5771
VIPCLOTHNG,20191014,6.5,6.95,6.3,6.4,75327
VIPIND,20191014,449.85,458.8,444.95,450.7,203061
VIPULLTD,20191014,29.5,29.55,28.1,28.4,130412
VISAKAIND,20191014,278.8,278.8,266.4,268,18143
VISASTEEL,20191014,4.35,4.35,3.5,3.9,28052
VISESHINFO,20191014,0.05,0.1,0.05,0.1,984741
VISHAL,20191014,338,338.05,337.7,338,7500
VISHNU,20191014,130,134.95,119,124.45,5731
VIVIDHA,20191014,0.2,0.2,0.15,0.2,6706
VIVIMEDLAB,20191014,13.9,13.9,13.1,13.4,50189
VLSFINANCE,20191014,49.8,52.2,49.4,50.35,2645
VMART,20191014,2000,2125,1939.75,2055.65,17303
VOLTAMP,20191014,1125.2,1144.45,1112.3,1132.15,1272
VOLTAS,20191014,679.1,686.75,672,673.6,424901
VRLLOG,20191014,265.05,268,262.55,264.85,29436
VSSL,20191014,67.9,67.95,62.25,65.5,3375
VSTIND,20191014,3798,3800.45,3688.2,3776.7,2091
VSTTILLERS,20191014,1269.95,1295,1235,1256.85,8137
VTL,20191014,919,926.15,908.25,916.4,11099
WABAG,20191014,242.8,242.8,230,231.6,81863
WABCOINDIA,20191014,6183,6183,6055.05,6115.1,12082
WALCHANNAG,20191014,58.4,62.7,58.4,59.05,211836
WANBURY,20191014,12,12,11.45,11.95,1270
WATERBASE,20191014,97.9,100.3,97.15,98,39785
WEBELSOLAR,20191014,19.9,21.15,19.65,20.9,40117
WEIZFOREX,20191014,290,292.5,270.05,282.2,799
WEIZMANIND,20191014,22.4,24.3,22.4,24.3,551
WELCORP,20191014,129.8,131.5,128.5,129.05,129236
WELENT,20191014,95.15,96.8,92.1,92.95,203432
WELINV,20191014,151.3,158.95,151,152.05,5231
WELSPUNIND,20191014,50.7,50.9,49.05,50.05,477453
WENDT,20191014,3060,3244,3060,3169.8,1754
WESTLIFE,20191014,324.9,336.3,317.9,320.95,22804
WHEELS,20191014,614.95,619.15,607.05,615.3,1348
WHIRLPOOL,20191014,2048,2119.95,2002,2090.3,68470
WILLAMAGOR,20191014,14.5,15.55,14.25,15,2216
WINDMACHIN,20191014,18.45,19.85,17.25,18.7,25098
WIPL,20191014,61,61,60.85,60.85,4537
WIPRO,20191014,239.8,244.85,238,243.45,3592137
WOCKPHARMA,20191014,246.7,261.8,246.7,253.7,952146
WONDERLA,20191014,271.5,286.35,269.25,282.6,14387
WSI,20191014,0.85,0.85,0.85,0.85,20
WSTCSTPAPR,20191014,235,238.65,230.05,234.9,55853
XCHANGING,20191014,53.5,57.95,51.8,53.1,48532
XELPMOC,20191014,68.05,70,64.1,65.05,6667
XLENERGY,20191014,0.4,0.5,0.4,0.4,7324
XPROINDIA,20191014,23.9,26.2,23.1,23.95,4630
YESBANK,20191014,39.9,41.5,38.8,40.1,223727101
ZEEL,20191014,243,247.85,237.3,242.9,9279242
ZEELEARN,20191014,17.5,17.8,17.1,17.15,94564
ZEEMEDIA,20191014,7,7.05,6.3,6.3,2359903
ZENITHBIR,20191014,0.55,0.6,0.5,0.6,116085
ZENITHEXPO,20191014,36.8,42.8,36.4,37.95,848
ZENSARTECH,20191014,209.7,209.7,201,205.55,11308
ZENTEC,20191014,64.2,65.4,63.25,63.45,5850
ZICOM,20191014,1,1.1,1,1,4819
ZODIACLOTH,20191014,201.75,206.5,193.45,199.75,1323
ZODJRDMKJ,20191014,29.55,33,29.55,31.25,9894
ZOTA,20191014,185.1,187.95,185.1,186.35,21191
ZUARI,20191014,84.4,89.75,84.4,89.1,13863
ZUARIGLOB,20191014,57.25,58.9,57.25,58.75,5715
ZYDUSWELL,20191014,1651,1703,1651,1678.4,14099
NSENIFTY,20191014,11335.90,11420.45,11290.05,11341.15,587579191,0
NIFTYJUNIOR,20191014,26679.60,26899.80,26622.70,26791.60,375422194,0
NIFTYMIDCAPLIQ15,20191014,3654.85,3681.55,3639.05,3649.00,40906620,0
NSE100,20191014,11444.60,11530.60,11403.90,11455.70,973252899,0
NIFTY200,20191014,5821.20,5863.65,5801.90,5826.25,1234460008,0
NSE500,20191014,9187.70,9248.50,9156.90,9192.65,1462070439,0
NSEMIDCAP150,20191014,5791.15,5821.65,5777.35,5786.70,284883816,0
MIDCAP50,20191014,4263.50,4306.25,4258.50,4268.75,228222638,0
NSEMIDCAP,20191014,15593.65,15712.75,15567.25,15593.30,261207109,0
NSESMLCAP100,20191014,5409.65,5427.60,5393.05,5401.55,-,0
NIFTYLARGEMIDCAP250,20191014,-,-,-,5588.48,1258136715,0
NIFTYAUTO,20191014,7401.50,7559.60,7397.80,7520.35,115690568,0
BANKNIFTY,20191014,28238.50,28553.40,28043.25,28181.95,387660772,0
NIFTYFINSERVICE,20191014,12842.15,12944.75,12738.35,12791.20,146469252,0
NIFTYFMGC,20191014,30585.50,30699.90,30493.10,30591.00,26432735,0
NSEIT,20191014,15202.20,15338.60,15147.70,15277.75,28977053,0
NIFTYMEDIA,20191014,1717.30,1734.25,1699.30,1718.25,38363552,0
NIFTYMETAL,20191014,2360.65,2386.50,2352.00,2360.20,115024579,0
NIFTYPHARMA,20191014,7296.05,7411.80,7281.85,7361.70,31876503,0
NIFTYPVTBANK,20191014,15750.40,15929.80,15630.75,15722.90,308920820,0
NIFTYPSUBANK,20191014,2163.20,2199.85,2148.60,2158.25,111488618,0
NIFTYREALTY,20191014,249.60,255.80,248.30,252.05,20249571,0
NIFTYCOMMODITIES,20191014,3244.80,3283.60,3241.75,3266.30,202989219,0
NIFTYCONSUMPTION,20191014,4905.55,4945.00,4891.60,4932.30,63477753,0
NIFTYCPSE,20191014,1908.70,1952.55,1908.70,1940.90,88511191,0
NIFTYENERGY,20191014,15579.20,15701.40,15542.20,15610.20,89857910,0
NIFTY100ESG,20191014,-,-,-,2108.01,815959744,0
NIFTY100ENHESG,20191014,-,-,-,2140.07,791382453,0
NIFTYINFRA,20191014,3191.00,3216.05,3184.55,3200.55,169359354,0
NIFTYMNC,20191014,13365.70,13485.30,13341.50,13439.40,186675580,0
NIFTYPSE,20191014,3198.30,3245.15,3197.60,3221.15,181170161,0
NIFTYSMEEMERGE,20191014,-,-,-,1345.90,691000,0
NIFTYSERVSECTOR,20191014,15871.05,15995.75,15781.75,15847.25,462223969,0
NIFTYSHARIAH25,20191014,-,-,-,4299.62,84592393,0
NIFTY50SHARIAH,20191014,-,-,-,2493.86,87473609,0
NIFTY500SHARIAH,20191014,-,-,-,2926.45,278358577,0
NIFTYABGROUP,20191014,-,-,-,2841.37,144863373,0
NIFTYMAHINDRA,20191014,-,-,-,9801.33,5904383,0
NIFTYTATA,20191014,-,-,-,6480.38,109790665,0
NIFTYTATA25CAP,20191014,-,-,-,4488.63,97773637,0
NIFTYABGROUP,20191014,-,-,-,2841.37,144863373,0
NIFTYLIQ15,20191014,3385.65,3435.80,3382.00,3399.05,454254828,0
NIFTY500VALUE50,20191014,-,-,-,3366.60,361431903,0
NIFTYALPHALOWVOL30,20191014,-,-,-,11754.60,118244192,0
NIFTYQUALLOWVOL30,20191014,-,-,-,8296.77,77660939,0
NIFTYALPHAQUALLOWVOL30,20191014,-,-,-,9473.44,82640184,0
NIFTYALPHAQUALVALLOWVOL30,20191014,-,-,-,7196.81,122904648,0
NIFTY50EQUALWEIGHT,20191014,11606.50,11731.55,11590.30,11654.30,587579191,0
NIFTY100EQUALWEIGHT,20191014,12442.45,12567.40,12417.00,12502.95,973252899,0
NIFTY100LOWVOL30,20191014,8717.15,8781.90,8697.40,8752.30,104425396,0
NIFTY50DIVPOINT,20191014,96.23,96.23,96.23,96.23,-,0
NIFTYDIVOPPS50,20191014,2515.25,2533.60,2512.05,2522.70,268786259,0
NIFTYALPHA50,20191014,12190.95,12263.95,12156.20,12176.05,115123429,0
NIFTYHIGHBETA50,20191014,-,-,-,1193.44,817602784,0
NIFTYLOWVOL50,20191014,-,-,-,10174.35,128988150,0
NIFTY50VALUE20,20191014,5285.40,5324.05,5270.85,5303.00,375413777,0
NIFTYGROWSECT15,20191014,6004.85,6035.95,5969.75,5987.20,76958606,0
NIFTY50TR2XLEV,20191014,6013.65,6103.10,5965.30,6019.25,-,0
NIFTY50PR2XLEV,20191014,4643.35,4712.40,4606.00,4647.65,-,0
NIFTY50TR1XINV,20191014,359.55,361.00,356.85,359.40,-,0
NIFTY50PR1XINV,20191014,409.15,410.85,406.10,409.00,-,0
NIFTY-GS-COMPSITE,20191014,2033.43,2038.74,2032.93,2038.41,-,0
NIFTY-GS-4-8YR,20191014,2121.07,2126.48,2121.07,2126.28,-,0
NIFTY-GS-8-13YR,20191014,1999.35,2004.93,1998.61,2004.50,-,0
NIFTY-GS-10YR,20191014,1845.43,1852.21,1844.03,1851.29,-,0
NIFTY-GS-10YR-CLN,20191014,945.40,948.94,944.67,948.46,-,0
NIFTY-GS-11-15YR,20191014,2117.83,2122.09,2117.83,2121.78,-,0
NIFTY-GS-15YRPLUS,20191014,2286.31,2286.34,2286.31,2286.31,-,0
VIX,20191014,17.14,17.96,17.06,17.43,0,0
