<ticker>,<date>,<open>,<high>,<low>,<close>,<volume>,<o/i>
20MICRONS,20191003,38.95,38.95,37,37.65,24437
21STCENMGM,20191003,13.2,13.2,13.2,13.2,20
3IINFOTECH,20191003,2,2,1.9,2,668807
3MINDIA,20191003,20287.95,20287.95,19800,19988.75,1377
3PLAND,20191003,6.2,6.2,6.2,6.2,15
5PAISA,20191003,172,174.8,171.8,171.8,3233
63MOONS,20191003,119.8,122.65,116,119.4,98903
A2ZINFRA,20191003,9.8,10.1,9.8,9.9,81888
AARTIDRUGS,20191003,461,461,443,455.75,3648
AARTIIND,20191003,759.95,760,741.15,748.9,110544
AARVEEDEN,20191003,15.85,15.9,14.6,14.9,9648
AAVAS,20191003,1570,1620,1570,1612.95,5138
ABAN,20191003,25,26.15,23.75,26.1,64408
ABB,20191003,1480.45,1486,1450.1,1461.1,182070
ABBOTINDIA,20191003,10961,11298,10911,10997.85,13582
ABCAPITAL,20191003,80.6,80.95,78.5,78.75,1422854
ABFRL,20191003,206.5,211.5,203.3,210.4,196473
ABMINTLTD,20191003,14.1,14.1,14.1,14.1,25
ACC,20191003,1564,1582.85,1537,1545.75,715946
ACCELYA,20191003,800,845,800,819.95,2825
ACE,20191003,74.6,76.85,72.85,75.05,130973
ADANIENT,20191003,143,145,141.4,143.55,2070232
ADANIGAS,20191003,130,132.9,128.1,128.65,401737
ADANIGREEN,20191003,56.7,63.25,55,61.2,3183487
ADANIPORTS,20191003,403.5,406.2,398.6,403.9,2619077
ADANIPOWER,20191003,61.6,62.1,60.6,61.3,7901384
ADANITRANS,20191003,224.35,227.65,221,222.15,67034
ADFFOODS,20191003,263.2,266.5,260.75,264.4,9841
ADHUNIKIND,20191003,104.8,109.5,100.5,107.95,171020
ADLABS,20191003,2.8,2.95,2.75,2.9,239685
ADORWELD,20191003,305.25,307.85,302,304.45,1917
ADROITINFO,20191003,7.65,7.65,7.65,7.65,112
ADSL,20191003,13.7,13.7,13.1,13.4,37239
ADVANIHOTR,20191003,54.1,54.55,52.25,52.55,8304
ADVENZYMES,20191003,149.15,153,148,149.45,44516
AEGISCHEM,20191003,174.75,184.95,172.5,183.4,125481
AFFLE,20191003,1073.85,1138,1035.25,1075.05,83171
AGARIND,20191003,113,116,113,114.7,2159
AGCNET,20191003,118.95,119,113.35,118.35,1329
AGLSL,20191003,49.95,52.8,47.1,49.85,3006
AGRITECH,20191003,46.45,48.95,45.5,46.35,7916
AGROPHOS,20191003,102.8,104.05,102.75,104,323878
AHLEAST,20191003,188.85,188.9,175.4,177.15,2215
AHLUCONT,20191003,277.45,284,276,280.05,89792
AHLWEST,20191003,304,324.85,292.15,304.4,586
AIAENG,20191003,1711.9,1711.9,1649,1663.85,22881
AIONJSW,20191003,10.05,10.25,9.7,10,94039
AIRAN,20191003,13.4,13.4,13,13,3467
AJANTPHARM,20191003,998,1026,962,1017.1,106273
AJMERA,20191003,124.8,125.5,118.1,121.45,44543
AKSHARCHEM,20191003,217.35,217.35,196.05,206.6,1351
AKSHOPTFBR,20191003,7.15,7.8,7.1,7.1,137548
AKZOINDIA,20191003,1944.95,1944.95,1885.75,1892.1,28929
ALANKIT,20191003,20.95,20.95,19.5,19.85,191518
ALBERTDAVD,20191003,336.55,345.95,335.55,338.6,2191
ALBK,20191003,27.8,28.15,27.35,27.6,753175
ALCHEM,20191003,1,1,1,1,500
ALEMBICLTD,20191003,47,47.2,45.5,46.6,43309
ALICON,20191003,342,342,311,338.2,1106
ALKALI,20191003,45.65,47.8,44.2,45.25,8292
ALKEM,20191003,1916,1960,1885,1898.3,35304
ALKYLAMINE,20191003,853.05,879.9,849,855.35,4218
ALLCARGO,20191003,102.2,109.7,100.9,108.35,344024
ALLSEC,20191003,290,307.8,290,304.1,1704
ALMONDZ,20191003,10.35,10.4,10.1,10.1,175
ALOKTEXT,20191003,1.55,1.55,1.55,1.55,285069
ALPA,20191003,15.05,15.45,14.9,15.25,6125
ALPHAGEO,20191003,213.05,213.3,202.65,202.65,5305
ALPSINDUS,20191003,0.3,0.35,0.3,0.3,6238
AMARAJABAT,20191003,701.5,716.9,693.7,711.9,246954
AMBER,20191003,901,905,867.25,874.5,13062
AMBIKCO,20191003,926,926,902.4,909.25,2341
AMBUJACEM,20191003,198.4,201.25,193.75,196.35,2884359
AMDIND,20191003,15.65,16.45,15.1,15.45,7798
AMJLAND,20191003,17.75,17.75,16.6,17.05,17216
AMRUTANJAN,20191003,354,360.55,342.1,347.75,22918
ANANTRAJ,20191003,32.2,32.2,30.2,30.5,101165
ANDHRABANK,20191003,17,17,15.3,16.65,401354
ANDHRACEMT,20191003,2.5,2.5,2.45,2.45,8097
ANDHRSUGAR,20191003,272.6,278.8,266.55,270.9,14759
ANIKINDS,20191003,8,8,7.1,7.5,2437
ANKITMETAL,20191003,0.45,0.5,0.45,0.45,14896
ANSALAPI,20191003,4.6,4.6,4.6,4.6,9445
ANSALHSG,20191003,4.5,4.75,4.35,4.6,19758
ANTGRAPHIC,20191003,0.7,0.75,0.7,0.75,3733
ANUP,20191003,460,467.95,451,458.55,5779
APARINDS,20191003,550.45,554.2,548.15,548.95,1452
APCL,20191003,141.6,145.45,138,140,2985
APCOTEXIND,20191003,191.05,192,184.55,187.2,27427
APEX,20191003,231.5,232,217.05,219.85,41170
APLAPOLLO,20191003,1421.8,1421.8,1321,1329.3,39798
APLLTD,20191003,522,532.3,517,525.9,22307
APOLLO,20191003,74.5,74.95,71.5,72.7,12684
APOLLOHOSP,20191003,1355.65,1383.85,1348.55,1379.1,443258
APOLLOTYRE,20191003,169.1,172.6,167.2,168.85,2587269
APOLSINHOT,20191003,827.05,828,803,810,208
APTECHT,20191003,153.8,157.3,150,151.9,122016
ARCHIDPLY,20191003,26.2,27.8,26.1,27,5119
ARCHIES,20191003,20.15,20.15,18.25,18.75,25344
ARCOTECH,20191003,1.85,1.95,1.85,1.85,16202
ARIES,20191003,60.85,61.9,58.15,59.65,24730
ARIHANT,20191003,18,18,17.1,18,580
ARIHANTSUP,20191003,36,36,36,36,53
ARMANFIN,20191003,534.9,535,525,529.95,3650
AROGRANITE,20191003,41.15,41.25,40.25,40.4,5376
ARROWGREEN,20191003,53.9,53.9,49.9,51.8,2290
ARROWTEX,20191003,9.6,9.9,9.4,9.85,4464
ARSHIYA,20191003,19.55,21.35,19.55,21.35,26864
ARSSINFRA,20191003,21,22.35,21,21.75,4238
ARVIND,20191003,46.75,47,45.45,46.15,1245775
ARVINDFASN,20191003,427.15,430.6,423.65,424.6,18249
ARVSMART,20191003,84.6,87,83.85,85.4,11110
ASAHIINDIA,20191003,180,185,179.75,183.65,13503
ASAHISONG,20191003,129,135.7,126.5,129.05,2864
ASAL,20191003,34,35,32.1,33.1,2536
ASHAPURMIN,20191003,31,32.15,29.65,31.65,211141
ASHIANA,20191003,103.5,104.4,100,102.95,92096
ASHIMASYN,20191003,7.95,8.5,7.95,8.25,18873
ASHOKA,20191003,97,99.65,95.15,97.4,100800
ASHOKLEY,20191003,65,68.35,64.35,67.65,34086758
ASIANHOTNR,20191003,110.95,110.95,104,104.9,394
ASIANPAINT,20191003,1765,1768.25,1732.2,1748.95,1010826
ASIANTILES,20191003,228.9,237,226,230.1,111651
ASPINWALL,20191003,127.05,138.45,121.5,132.2,1755
ASSAMCO,20191003,0.55,0.6,0.55,0.6,120433
ASTEC,20191003,393,404.05,388.5,393.55,3792
ASTERDM,20191003,113.2,121,113.2,119.8,43748
ASTRAL,20191003,1144.85,1182,1131.15,1154.4,54929
ASTRAMICRO,20191003,76.55,79.95,76.55,79,71395
ASTRAZEN,20191003,2297.95,2297.95,2201,2218.4,9681
ASTRON,20191003,105,108.3,100.95,106.15,745887
ATFL,20191003,498,498,482.35,487.45,2157
ATLANTA,20191003,8.25,8.25,7.85,7.85,1412
ATUL,20191003,3976.55,4025,3953.55,4015.55,4317
ATULAUTO,20191003,234.15,234.15,227,228.3,29026
AUBANK,20191003,650,652.8,642.65,649.85,179831
AURIONPRO,20191003,108.7,108.7,99.25,100.75,8472
AUROPHARMA,20191003,570,583.7,559.1,579.65,1673837
AUSOMENT,20191003,30.75,30.85,27.6,30.2,282
AUTOAXLES,20191003,925,925,882.05,889.75,5260
AUTOIND,20191003,39.45,39.45,36.35,38,6837
AUTOLITIND,20191003,22.3,22.9,21.2,21.2,4171
AVADHSUGAR,20191003,273.5,290.4,268.45,279.25,106469
AVANTIFEED,20191003,356,367.6,351.1,360.2,146882
AVTNPL,20191003,22.45,22.9,22.25,22.85,15155
AXISBANK,20191003,675,675.9,646.7,668.4,17615854
AXISCADES,20191003,80.5,80.95,78.3,80.15,34157
AXISGOLD,20191003,3335.2,3375,3310.25,3363.65,579
AXISNIFTY,20191003,1160,1170.87,1158.34,1168.78,70
AYMSYNTEX,20191003,31,31.95,28.05,28.5,17909
BAGFILMS,20191003,1.55,1.65,1.55,1.6,284243
BAJAJ-AUTO,20191003,2915,2939.7,2882.5,2897.9,292132
BAJAJCON,20191003,244,244,240,241.95,141967
BAJAJELEC,20191003,385.1,392,380.5,387.45,58121
BAJAJFINSV,20191003,8433,8485,8320.45,8446.45,207759
BAJAJHIND,20191003,6.45,6.75,6.2,6.55,641473
BAJAJHLDNG,20191003,3590,3664.35,3489.55,3525.25,33716
BAJFINANCE,20191003,3985,4004.95,3931.85,3959.8,1245840
BALAJITELE,20191003,51.5,54,51,53.75,17528
BALAMINES,20191003,320,336.95,300.55,330.9,30251
BALAXI,20191003,85.65,85.65,81.4,81.4,11
BALKRISHNA,20191003,28.25,29.7,28.25,28.65,5566
BALKRISIND,20191003,756,771.5,746.3,761.55,210570
BALLARPUR,20191003,0.45,0.5,0.4,0.5,1451576
BALMLAWRIE,20191003,165.7,172.45,164.25,170.25,155689
BALPHARMA,20191003,38.15,38.75,37.2,38.35,3436
BALRAMCHIN,20191003,159.85,164.5,157.95,163.1,1987937
BANARBEADS,20191003,40.75,40.75,36.1,36.3,6578
BANARISUG,20191003,1184.9,1190.05,1125.1,1134.95,406
BANCOINDIA,20191003,102.8,102.8,99.5,100,21927
BANDHANBNK,20191003,471,491.2,464.6,478.5,475319
BANG,20191003,23.35,23.35,21,22.05,9328
BANKBARODA,20191003,90.75,93.1,89.4,90.9,32868099
BANKBEES,20191003,2949.88,2949.88,2887,2903.38,21776
BANKINDIA,20191003,60.9,62.5,59.45,61.9,9250868
BANSWRAS,20191003,70.2,73.7,70.2,70.5,3688
BARTRONICS,20191003,2.1,2.1,1.9,1.9,17658
BASF,20191003,980,1006.9,979.1,989.65,5748
BASML,20191003,132.1,132.95,125.2,128.35,4014
BATAINDIA,20191003,1719.55,1738.55,1676,1688,538283
BAYERCROP,20191003,3369.9,3369.9,3325,3351.9,2074
BBL,20191003,932,944.75,917.2,924.6,7054
BBTC,20191003,1131.8,1152,1106.3,1120.75,82804
BCG,20191003,3.3,3.3,3.1,3.2,219712
BCP,20191003,10,10.1,9.8,9.8,91042
BDL,20191003,289.95,295.95,285.35,293.75,27374
BEARDSELL,20191003,11.45,12,11.05,11.4,2179
BEDMUTHA,20191003,11.95,12.55,10.8,11.05,21254
BEL,20191003,106.2,107.2,104.3,105.4,6971659
BEML,20191003,949,965,931,955.45,630243
BEPL,20191003,55,56.6,53.1,53.95,323051
BERGEPAINT,20191003,432.05,432.9,423.3,428.05,1354552
BFINVEST,20191003,271.8,278,270.1,275.5,22385
BFUTILITIE,20191003,173.8,176.9,171.55,172.4,216225
BGLOBAL,20191003,1.6,1.6,1.55,1.6,1059
BGRENERGY,20191003,34,34.7,33.4,33.7,31896
BHAGERIA,20191003,104.1,108,102.9,106.6,6424
BHAGYANGR,20191003,18.45,19,18,18.9,2664
BHAGYAPROP,20191003,20.5,21,20.25,20.25,979
BHANDARI,20191003,1.25,1.25,1.15,1.2,26526
BHARATFORG,20191003,443.55,452.25,435.75,441.25,1433241
BHARATGEAR,20191003,65.5,69.3,62.95,64.5,7046
BHARATRAS,20191003,5852.15,5990,5770.05,5948.05,1109
BHARATWIRE,20191003,27.45,28.3,27,28.05,10277
BHARTIARTL,20191003,350.95,355.6,341.3,344.9,4944826
BHEL,20191003,46.7,48.3,46.2,47.2,11115713
BIGBLOC,20191003,24.25,25.5,24.25,25.05,743
BIL,20191003,175,179.8,167.05,171.8,649
BILENERGY,20191003,1,1,0.95,0.95,77367
BINDALAGRO,20191003,10,10.1,9.55,9.75,15825
BIOCON,20191003,222.5,233,221.45,232.2,4420153
BIOFILCHEM,20191003,4.35,4.35,4.35,4.35,723
BIRLACABLE,20191003,50.3,51.95,48.6,49.4,34004
BIRLACORPN,20191003,563,567.15,533.65,547.25,92511
BIRLAMONEY,20191003,37,37,35.05,35.6,33533
BKMINDST,20191003,0.9,0.95,0.9,0.9,21702
BLBLIMITED,20191003,3.3,3.3,3.25,3.25,2950
BLISSGVS,20191003,103.45,103.45,100,100.5,224989
BLKASHYAP,20191003,9.9,9.9,9.25,9.35,27080
BLS,20191003,80,81.85,78.95,80.05,221516
BLUEBLENDS,20191003,1.35,1.35,1.35,1.35,450
BLUECOAST,20191003,2.5,2.55,2.5,2.55,130
BLUEDART,20191003,2501.55,2501.55,2350,2384.55,5383
BLUESTARCO,20191003,791.15,805,786.6,797.35,14927
BODALCHEM,20191003,76.15,76.15,72.75,73.85,110291
BOMDYEING,20191003,73.2,76,72.25,73.15,1046984
BOROSIL,20191003,169,177.3,165.15,170.45,57039
BOSCHLTD,20191003,13330.3,13641.65,13289.55,13563.7,18342
BPCL,20191003,496.2,539.9,494.4,531.6,25984601
BPL,20191003,20.25,21,19.35,20.65,89154
BRFL,20191003,4.65,5,4.6,4.95,40256
BRIGADE,20191003,202,213.55,196.4,208.6,191118
BRITANNIA,20191003,2914.8,2919,2850,2902.95,285265
BRNL,20191003,63.55,68.9,63.55,66.95,20863
BROOKS,20191003,32.25,33.4,32,32.65,13403
BSE,20191003,565,567.5,557.5,564.75,90052
BSELINFRA,20191003,1.05,1.05,1.05,1.05,5352
BSL,20191003,28.35,28.35,25.8,27.3,4311
BSLGOLDETF,20191003,3449.95,3529.95,3437,3460.2,88
BSLNIFTY,20191003,123.45,123.45,123.45,123.45,7
BSOFT,20191003,66.7,67.15,61,62.05,971266
BURNPUR,20191003,1.4,1.4,1.35,1.35,4031
BUTTERFLY,20191003,150,153.4,148.05,150.15,21068
BVCL,20191003,10.95,12,10.95,11.85,3169
BYKE,20191003,22.5,22.75,21.45,21.55,11089
CADILAHC,20191003,233,235.35,230.05,233.9,640323
CALSOFT,20191003,11,11.35,10.65,10.65,24258
CAMLINFINE,20191003,54.2,54.65,53,53.25,91504
CANBK,20191003,176.3,183.75,175.1,181.4,8064670
CANFINHOME,20191003,390,397,385.8,390.15,105163
CANTABIL,20191003,215.2,216.05,210,211.2,12956
CAPACITE,20191003,191,199,191,194.65,17369
CAPLIPOINT,20191003,420.15,422,410,413.1,20550
CAPTRUST,20191003,135.5,140.1,135.5,139.4,6118
CARBORUNIV,20191003,297,304.5,293,299.85,33202
CAREERP,20191003,93.15,95.1,92.25,93.7,15464
CARERATING,20191003,511.95,515.95,507,511.5,19541
CASTEXTECH,20191003,0.45,0.5,0.4,0.5,67547
CASTROLIND,20191003,136,137.7,133.35,133.85,1207858
CCHHL,20191003,3.75,3.75,3.5,3.5,22690
CCL,20191003,235,237.65,234.95,235.15,9548
CDSL,20191003,202.5,206,200.5,205.1,173166
CEATLTD,20191003,973,984.8,953.2,965.4,70391
CEBBCO,20191003,13.55,14.05,12.6,13.95,10233
CELEBRITY,20191003,6.25,6.4,6.15,6.15,4859
CELESTIAL,20191003,3.3,3.45,3.15,3.4,9510
CENTENKA,20191003,179,179.9,174.1,176.55,8570
CENTEXT,20191003,2.7,3,2.7,2.95,18791
CENTRALBK,20191003,17.7,18.05,17.5,17.8,479640
CENTRUM,20191003,23.65,24.5,22.1,22.95,291427
CENTUM,20191003,405,414.9,390,398.25,796
CENTURYPLY,20191003,154,163,154,161.25,113459
CENTURYTEX,20191003,898.1,907.75,882.65,889.4,394432
CERA,20191003,2650.9,2656,2590.05,2623.95,3067
CEREBRAINT,20191003,22.25,23.5,22,22.15,108440
CESC,20191003,725,752.85,724.6,749,328408
CESCVENT,20191003,355,370.2,344.4,348.8,8471
CGCL,20191003,201.2,221,201,217,366479
CGPOWER,20191003,14.1,14.1,14.1,14.1,347072
CHALET,20191003,325,325,316.9,320.55,109705
CHAMBLFERT,20191003,153.3,153.3,146.6,149.1,188896
CHEMFAB,20191003,175.05,179.85,175,176,547
CHENNPETRO,20191003,166.55,177,166.55,175.8,690294
CHOLAFIN,20191003,293.55,300.85,285,290.1,1823132
CHOLAHLDNG,20191003,487.65,488.45,472.05,483.35,21570
CHROMATIC,20191003,0.5,0.5,0.45,0.45,4052
CIGNITITEC,20191003,348.45,348.5,328.05,330.95,33225
CIMMCO,20191003,21,21,19.9,20.55,9253
CINELINE,20191003,33.35,35.8,33.2,33.85,2657
CINEVISTA,20191003,13.45,13.45,13.45,13.45,47808
CIPLA,20191003,411,421,406.5,418.1,2639852
CKFSL,20191003,0.7,0.7,0.7,0.7,6281
CLEDUCATE,20191003,77.25,85,77.25,83.6,12539
CLNINDIA,20191003,292.8,296.9,291,292.55,6279
CMICABLES,20191003,59.7,60.4,53.7,58.3,11595
CNOVAPETRO,20191003,9.9,9.9,8.35,8.55,611
COALINDIA,20191003,193,193,185.25,186.75,12270678
COCHINSHIP,20191003,331.1,336.55,331.1,332.2,29616
COFFEEDAY,20191003,43.4,43.4,43.4,43.4,163486
COLPAL,20191003,1499.7,1501.95,1477.35,1489.75,322883
COMPINFO,20191003,10.35,10.35,9.25,10,61011
COMPUSOFT,20191003,7.75,8.8,7.75,8.3,31547
CONCOR,20191003,635,642.75,622.3,631.85,1868252
CONFIPET,20191003,28.85,30.35,28.15,30,178002
CONSOFINVT,20191003,36.15,36.15,36.15,36.15,49
CONTROLPR,20191003,240.8,247,235.2,245.05,3665
CORALFINAC,20191003,10.95,10.95,10.15,10.55,1979
CORDSCABLE,20191003,41.05,43.45,40.15,42.25,9782
COROMANDEL,20191003,415.9,417.5,410.7,412.6,54915
CORPBANK,20191003,15,15,14.1,14.35,170340
COSMOFILMS,20191003,210,212.5,208,210.45,4919
COUNCODOS,20191003,2.45,2.45,2.35,2.35,16327
COX&KINGS,20191003,3.5,3.5,3.5,3.5,506374
CPSEETF,20191003,23.5,23.61,23.31,23.38,5287004
CREATIVE,20191003,64,64,64,64,2450
CREDITACC,20191003,675,675,655,669.75,178498
CREST,20191003,98.6,98.6,93.05,94.2,469
CRISIL,20191003,1349.05,1350,1291.2,1312.55,69721
CROMPTON,20191003,244,247.9,239.2,244,607080
CTE,20191003,31.45,31.45,25.2,26.5,2390
CUB,20191003,210,212.9,206,211.25,409418
CUBEXTUB,20191003,10.65,10.65,10.3,10.3,250
CUMMINSIND,20191003,564,574,556.25,559.5,466250
CUPID,20191003,134.15,137.3,131.05,133.55,9603
CYBERTECH,20191003,48,54,47,52.4,21087
CYIENT,20191003,463.4,470,455.85,466.8,96805
DAAWAT,20191003,24.15,24.15,23.05,23.8,473439
DABUR,20191003,436.1,438.95,431.65,433.65,1637904
DALBHARAT,20191003,807.5,814.8,792,794.3,45131
DALMIASUG,20191003,89.45,93.45,88,91.05,131121
DAMODARIND,20191003,30.9,32.65,27.1,27.65,2042
DATAMATICS,20191003,74.5,76.45,73.1,74.55,25189
DBCORP,20191003,139.15,141.45,138.3,139,15753
DBL,20191003,405.7,405.7,392.25,393.9,140280
DBREALTY,20191003,7.65,7.7,7.4,7.45,158469
DCAL,20191003,161.8,165.9,158,163.55,260207
DCBBANK,20191003,187.75,189,182.25,188.25,1106152
DCM,20191003,23.65,24.9,23.5,23.8,4746
DCMNVL,20191003,28.5,29,27,27.3,3960
DCMSHRIRAM,20191003,391.8,411,391.8,405.6,100458
DCW,20191003,15.9,15.9,14.45,14.8,243299
DECCANCE,20191003,344,358.15,343,348.5,4168
DEEPAKFERT,20191003,98.8,98.8,95,95.45,203737
DEEPAKNTR,20191003,287.9,296.8,286.2,295.5,114959
DEEPIND,20191003,100,102.25,97.5,99.9,3853
DELTACORP,20191003,165.7,165.7,153,154.1,1046880
DELTAMAGNT,20191003,38.05,39.5,36.2,36.3,520
DEN,20191003,53.4,53.45,49.6,50.9,48912
DENORA,20191003,215,225.35,203.55,217.25,2507
DFMFOODS,20191003,245.05,245.95,244.05,244.05,11141
DGCONTENT,20191003,5.55,6,5.55,5.6,9184
DHAMPURSUG,20191003,214.35,225,210.4,223.3,625779
DHANBANK,20191003,14,14.85,14,14.7,207492
DHANUKA,20191003,314,316.3,307.2,310.6,25510
DHARSUGAR,20191003,8.3,8.3,7.7,7.7,11624
DHFL,20191003,31,33.5,26.3,31.7,15179975
DHUNINV,20191003,193,201.4,187.75,194.9,197
DIAMONDYD,20191003,900,900,865,868.8,203
DICIND,20191003,330.65,346.9,330.65,337,178
DIGISPICE,20191003,5.5,5.5,5.5,5.5,6053
DISHTV,20191003,16.35,18.3,16.1,17.75,39614436
DIVISLAB,20191003,1610,1647.9,1595.05,1628.35,348048
DIXON,20191003,2904.1,2995.95,2845,2922.85,10333
DLF,20191003,145.65,152,144.6,149.9,12704415
DLINKINDIA,20191003,91,91,86.5,88.05,13032
DMART,20191003,1898.9,1939.9,1872,1885.2,433208
DNAMEDIA,20191003,0.35,0.45,0.35,0.35,8675
DOLAT,20191003,51.25,59.4,50.7,57.85,212532
DOLLAR,20191003,185.2,194.3,185.2,192.9,5466
DONEAR,20191003,29.8,30.85,28.1,29.45,4982
DPSCLTD,20191003,10.5,11,10,10.85,16280
DQE,20191003,2.65,2.85,2.65,2.75,3902
DREDGECORP,20191003,334.05,344.7,330.8,335.2,166230
DRREDDY,20191003,2679.8,2684.45,2636,2677.15,297000
DSSL,20191003,25.25,26.85,25.25,26.25,1651
DTIL,20191003,169,169,157.1,168.3,1160
DUCON,20191003,5.4,5.55,5.35,5.35,29455
DVL,20191003,67,67.2,64.35,66.55,7490
DWARKESH,20191003,24.1,25.7,24,25.05,540282
DYNAMATECH,20191003,1295,1299,1240,1244.45,472
DYNPRO,20191003,121.95,122,117.1,119.4,8093
EASTSILK,20191003,0.7,0.75,0.7,0.7,8279
ECLERX,20191003,419.05,427.15,412.1,415.45,13403
EDELWEISS,20191003,94.95,96.55,80.1,87.4,13739686
EICHERMOT,20191003,17825,18340,17723.1,18284.65,122882
EIDPARRY,20191003,161.85,165.45,158.2,159.9,57137
EIHAHOTELS,20191003,310.65,314.05,295,297.8,3636
EIHOTEL,20191003,176,178,173.55,176.25,34822
EIMCOELECO,20191003,288.05,302.9,281.5,297.4,3106
EKC,20191003,26.2,27,26.2,26.45,28950
ELECON,20191003,31.2,32.3,31.2,31.65,19594
ELECTCAST,20191003,14.8,15,14.65,14.7,31414
ELECTHERM,20191003,128,132.5,121.65,126.1,6345
ELGIEQUIP,20191003,293.55,293.55,276,278.95,17622
ELGIRUBCO,20191003,16,16.7,15.3,16.45,1859
EMAMILTD,20191003,317.95,319.7,301,315.05,897532
EMAMIPAP,20191003,93.1,98,92.15,92.15,3038
EMAMIREAL,20191003,43.8,43.8,41.65,41.65,7240
EMCO,20191003,0.85,0.9,0.8,0.85,7313
EMKAY,20191003,68.15,69.7,65.05,67.15,26160
EMMBI,20191003,120.85,122.9,116.2,118.05,6929
ENDURANCE,20191003,977,988.6,931,956.55,26105
ENERGYDEV,20191003,5.4,5.6,5.15,5.3,20318
ENGINERSIN,20191003,113.8,114.5,111.1,112.2,1163032
ENIL,20191003,354.3,364.3,316.05,325.35,3232
EON,20191003,14.8,14.95,14.1,14.2,4718
EQ30,20191003,303,340.45,303,332.75,66
EQUITAS,20191003,101,104.35,101,102.6,1301796
ERIS,20191003,435.45,443.15,425,431.4,30405
EROSMEDIA,20191003,14.4,15.25,14.4,14.75,184720
ESABINDIA,20191003,1221.2,1248.9,1219.95,1228.35,783
ESCORTS,20191003,603,624,588.85,619.25,5748420
ESSARSHPNG,20191003,7.6,7.6,7,7.3,16898
ESSELPACK,20191003,116.6,116.6,111.55,114.3,44050
ESTER,20191003,32,32,30.7,31.15,26332
EVEREADY,20191003,45,45,41.5,42.25,195084
EVERESTIND,20191003,320.95,323.9,314.85,317.55,15667
EXCEL,20191003,0.9,0.9,0.8,0.9,23336
EXCELINDUS,20191003,901,929.7,890.25,897.95,5157
EXIDEIND,20191003,194.3,199.55,192.8,196.25,1480761
EXPLEOSOL,20191003,291.05,299.9,291,295.95,555
FACT,20191003,39.5,39.95,39.1,39.55,47252
FAIRCHEM,20191003,506.7,515.95,495.3,496.65,3784
FCL,20191003,25.6,26.05,24.8,25.45,69862
FCONSUMER,20191003,25.55,26.1,23.55,25.45,1929381
FCSSOFT,20191003,0.25,0.25,0.2,0.2,347954
FDC,20191003,172.8,174.3,166,168.1,17203
FEDERALBNK,20191003,87.45,89.55,85.4,88.8,10668940
FEL,20191003,19.1,22,18.5,21.2,548006
FELDVR,20191003,18.6,22,17.6,20.95,54627
FIEMIND,20191003,335,348.8,334,337.1,7161
FILATEX,20191003,37.4,37.4,35.75,36.15,60972
FINCABLES,20191003,379.25,388.3,369,370.85,61744
FINEORG,20191003,1750,1778.95,1730.5,1738.35,16103
FINPIPE,20191003,593.9,596.6,584,589.75,110461
FLEXITUFF,20191003,8.55,8.55,8.55,8.55,653
FLFL,20191003,429.55,429.8,419,423.2,9979
FMGOETZE,20191003,538.9,555,534.95,546.8,876
FMNL,20191003,26,28.2,26,28.2,7646
FORCEMOT,20191003,1092,1102,1074,1083.65,11517
FORTIS,20191003,134.75,136.7,134.55,135.2,660396
FOSECOIND,20191003,1276,1287.7,1260,1280,515
FRETAIL,20191003,381.05,387,378.8,380.55,204552
FSC,20191003,518.5,527,506.85,524.7,4976
FSL,20191003,46.1,46.6,45.35,45.8,1784130
GABRIEL,20191003,101,104.15,100.05,102.6,42315
GAEL,20191003,156.15,159.25,155,156.2,15856
GAIL,20191003,133,133.7,130.85,131.7,8352681
GAL,20191003,2.15,2.2,1.85,2.15,105898
GALAXYSURF,20191003,1488,1488,1461.95,1475.5,3782
GALLANTT,20191003,28.3,28.3,26.8,28,305
GALLISPAT,20191003,21.25,21.95,20.5,20.85,5391
GAMMNINFRA,20191003,0.3,0.3,0.25,0.25,590422
GANDHITUBE,20191003,326.95,326.95,311.1,314.8,2904
GANECOS,20191003,242.25,247.9,241.7,243.65,2591
GANESHHOUC,20191003,36.5,37.8,35.15,36,24438
GANGESSECU,20191003,35.5,36.5,35.5,36.5,67
GARDENSILK,20191003,10.05,11.25,9.65,10.1,10933
GARFIBRES,20191003,1197.8,1211.9,1191,1204.35,2113
GATI,20191003,53.75,55.9,51.5,55.1,452730
GAYAHWS,20191003,0.25,0.25,0.2,0.25,132627
GAYAPROJ,20191003,110.9,114.5,105.55,112.4,69081
GDL,20191003,102.5,103.7,100.05,103.1,81273
GEECEE,20191003,89.05,93.9,82.4,90.8,8531
GENESYS,20191003,78,79.5,76.8,78.4,9328
GENUSPAPER,20191003,6.7,6.85,6.15,6.2,208684
GENUSPOWER,20191003,22.35,22.9,22.35,22.45,55340
GEOJITFSL,20191003,28.5,28.5,26.5,27.2,49791
GEPIL,20191003,793,798.7,765,774.9,54361
GESHIP,20191003,279,284.6,273.15,280,18253
GET&D,20191003,185,189.95,181.5,183.85,21985
GFLLIMITED,20191003,74.9,78.9,71.5,78.9,36434
GFSTEELS,20191003,4.45,4.45,4.45,4.45,2282
GHCL,20191003,206,212.05,204,209.75,35128
GICHSGFIN,20191003,132,144,131.15,138.8,179968
GICRE,20191003,227.5,235,219,222.15,246484
GILLANDERS,20191003,30.75,31.9,29,29.15,2506
GILLETTE,20191003,7025,7098,7008.1,7057.8,1540
GINNIFILA,20191003,8.1,8.5,7.9,8.1,14092
GIPCL,20191003,67.7,68.5,66.9,68.25,49070
GKWLIMITED,20191003,749.95,784.9,720,732.5,126
GLAXO,20191003,1375,1389.85,1365.05,1375.1,25371
GLENMARK,20191003,320,324.25,313.15,319.55,767353
GLOBALVECT,20191003,62,62,57.35,57.35,8483
GLOBOFFS,20191003,5.9,6.3,5.85,5.95,4242
GLOBUSSPR,20191003,125.2,128.9,122.1,125.2,28220
GMBREW,20191003,401.5,404.45,384.05,390.25,47039
GMDCLTD,20191003,60,62,60,61.15,94319
GMMPFAUDLR,20191003,1500,1517,1470,1493,2904
GMRINFRA,20191003,16.4,17,16.4,16.9,12434052
GNA,20191003,238.5,244.8,231.05,240.05,25339
GNFC,20191003,197.9,198.75,194.05,196.05,187051
GOACARBON,20191003,263.15,263.15,263.15,263.15,1302
GOCLCORP,20191003,290.7,295,286.3,294.8,4571
GODFRYPHLP,20191003,959,967,950.6,959.55,40642
GODREJAGRO,20191003,479,479,468.95,472.15,25414
GODREJCP,20191003,678.1,681.2,655.3,659.95,1224879
GODREJIND,20191003,406.95,406.95,379.2,381.95,2177722
GODREJPROP,20191003,980,1054,962.05,1006.55,426253
GOKEX,20191003,84,87.3,84,85.3,54311
GOKUL,20191003,14.05,14.6,14,14.35,256
GOKULAGRO,20191003,14.5,14.5,13.8,14.5,2041
GOLDBEES,20191003,3306.05,3348.05,3306.05,3335.4,42409
GOLDENTOBC,20191003,26.9,27.95,25.65,27,2454
GOLDIAM,20191003,135.8,136.35,128.35,133.5,58846
GOLDSHARE,20191003,3340.15,3450,3340.15,3383.75,1099
GOLDTECH,20191003,10.15,10.6,9.9,10.2,12575
GOODLUCK,20191003,54.5,56.45,53.55,54.4,8140
GPIL,20191003,141.55,142.8,136.2,137.4,33615
GPPL,20191003,86.2,86.2,82.1,82.4,60057
GPTINFRA,20191003,34.9,40,32.7,38.15,20748
GRANULES,20191003,103.5,104.9,102,103.3,243660
GRAPHITE,20191003,280,291.3,276.7,282.45,1029937
GRASIM,20191003,691,695.95,670,679.65,3048990
GRAVITA,20191003,44.3,44.35,42,42.35,16125
GREAVESCOT,20191003,140.1,142.8,135.25,136.1,430140
GREENLAM,20191003,859.95,868,839.1,857.3,2758
GREENPLY,20191003,154.3,157.1,150.6,154.8,18518
GREENPOWER,20191003,2.2,2.3,2.2,2.2,39836
GRINDWELL,20191003,601.05,614.45,594.15,605.45,16247
GROBTEA,20191003,316.85,316.85,290.15,291.25,74
GRPLTD,20191003,885.1,939.95,870,879,222
GRSE,20191003,165,171.75,164.05,165.4,238771
GRUH,20191003,259.65,272.15,257.4,264.4,381312
GSCLCEMENT,20191003,17,17.15,16.1,16.9,13454
GSFC,20191003,76,76.75,75,75.95,198108
GSKCONS,20191003,8588.8,8590.85,8440.1,8454.9,7794
GSPL,20191003,213.6,213.6,202.25,205.05,470856
GSS,20191003,28.6,29.65,28.35,28.35,12362
GTL,20191003,2.15,2.15,1.95,1.95,51584
GTLINFRA,20191003,0.5,0.55,0.45,0.55,1339818
GTNIND,20191003,7.1,7.4,6.75,6.75,6514
GTNTEX,20191003,7.85,7.85,7.5,7.5,3222
GTPL,20191003,70.45,70.6,67.75,69.6,20456
GUFICBIO,20191003,68,69,65.1,66,32899
GUJALKALI,20191003,440.1,451.45,437.2,442.35,19575
GUJAPOLLO,20191003,150.9,150.95,136.15,139.7,1583
GUJGASLTD,20191003,171.65,171.8,167.6,169.2,148136
GULFOILLUB,20191003,865,865,849.7,852.4,6089
GULFPETRO,20191003,38.55,39.5,37,38.35,32135
GULPOLY,20191003,45,45,43.25,43.25,5310
GVKPIL,20191003,4,4.2,3.95,4.05,1075920
HAL,20191003,693,709.6,686,703.75,7157
HARITASEAT,20191003,410.95,419.95,409,413,1561
HARRMALAYA,20191003,54.05,55.5,53.1,53.6,13923
HATHWAY,20191003,21,21,19.95,20.05,414195
HATSUN,20191003,615.6,629.85,607.8,624.75,2885
HAVELLS,20191003,708.95,711,697.05,702,965453
HAVISHA,20191003,0.5,0.6,0.5,0.5,11601
HBLPOWER,20191003,18.4,18.4,17.2,17.55,61533
HBSL,20191003,6.85,6.85,6.8,6.8,142
HCC,20191003,8.4,8.8,8.1,8.25,1012601
HCG,20191003,112.9,112.9,102.55,106,2803
HCL-INSYS,20191003,7.25,7.55,7.15,7.3,491029
HCLTECH,20191003,1058,1090,1054.15,1076.8,1717651
HDFC,20191003,1990,1999,1951.25,1974.55,4882403
HDFCAMC,20191003,2720,2750,2650.05,2706.1,185453
HDFCBANK,20191003,1239.95,1243.8,1216.35,1223.55,8149438
HDFCLIFE,20191003,596.3,597.85,575.5,592.9,3634620
HDFCMFGETF,20191003,3426,3445,3416,3439.85,1281
HDFCNIFETF,20191003,1187.06,1191.27,1180.4,1187.6,1065
HDFCSENETF,20191003,4070,4070,3982.43,3988.73,149
HDIL,20191003,3.65,3.65,3.65,3.65,158522
HEG,20191003,966,989,944,971.75,334926
HEIDELBERG,20191003,185,186.7,182.35,185.2,150712
HERCULES,20191003,85.95,86.25,84.05,85.25,5769
HERITGFOOD,20191003,378,379.8,370,370.15,8900
HEROMOTOCO,20191003,2710,2734,2655,2667.45,937439
HESTERBIO,20191003,1710,1758,1702,1735.5,4002
HEXATRADEX,20191003,5.75,5.75,5.75,5.75,1730
HEXAWARE,20191003,375,376.75,367,368.65,431536
HFCL,20191003,17.7,18.1,17.4,17.85,1345827
HGINFRA,20191003,199.05,212,199,208.6,24368
HGS,20191003,566.1,566.1,550,553.15,4947
HIKAL,20191003,147.95,149.5,145.55,146.5,62024
HIL,20191003,1241.2,1252.25,1220,1224.2,6066
HILTON,20191003,9.1,9.25,8.75,8.75,6697
HIMATSEIDE,20191003,135,138.15,131.45,133.2,67235
HINDALCO,20191003,186.5,187.95,180,182.6,13862733
HINDCOMPOS,20191003,187.95,188,172.5,176.25,1280
HINDCOPPER,20191003,33.7,34.3,32.4,32.75,865095
HINDMOTORS,20191003,5.4,5.55,5.1,5.5,71657
HINDNATGLS,20191003,39.05,39.05,37.1,37.9,2475
HINDOILEXP,20191003,93.9,96.3,92.7,94.15,131075
HINDPETRO,20191003,310.5,327.45,310.5,322.95,12775386
HINDSYNTEX,20191003,3.15,3.15,3.15,3.15,260
HINDUJAVEN,20191003,313.9,353.95,301.3,325.05,7214
HINDUNILVR,20191003,1984.75,1985.3,1958.35,1962.05,1423468
HINDZINC,20191003,211,213.3,207.7,209.45,899805
HIRECT,20191003,159,159,151,151.6,15513
HISARMETAL,20191003,48,49.8,45.25,48.95,1727
HITECH,20191003,180.95,181,170.55,172.7,4221
HITECHCORP,20191003,83,83,80.65,80.8,661
HITECHGEAR,20191003,167.95,170,160.2,168.5,2152
HMVL,20191003,76.55,83,76.1,79.75,9161
HNDFDS,20191003,525,545,506,532.75,1200
HNGSNGBEES,20191003,3199.99,3200,3195,3195,18
HONAUT,20191003,27900,28289,27599.95,28079.5,469
HONDAPOWER,20191003,1087,1098.5,1045,1087.95,5166
HOTELEELA,20191003,7.1,7.2,6.9,7,97179
HOVS,20191003,71.1,73.45,71.1,71.6,1520
HPL,20191003,44,44,41.3,41.9,15085
HSCL,20191003,77.5,79,76.1,76.65,270539
HSIL,20191003,41.25,41.9,41.15,41.75,29939
HTMEDIA,20191003,21.15,22,20.55,21.15,47960
HUBTOWN,20191003,15,15,14.35,14.6,50572
HUDCO,20191003,33.4,34.2,32.9,33.8,749001
IBMFNIFTY,20191003,109,113,107.25,108,3330
IBREALEST,20191003,41.5,41.5,41.5,41.5,195846
IBULHSGFIN,20191003,277,306.1,252.15,266.15,40046617
IBULISL,20191003,116.85,116.85,116.85,116.85,2381
IBVENTURES,20191003,106.1,121.25,103.3,115.65,2876319
ICICI500,20191003,150,150,148,148,122115
ICICIB22,20191003,34.6,34.8,34.21,34.59,643165
ICICIBANK,20191003,424,434.6,422.3,427.3,23275379
ICICIBANKN,20191003,309,309,281,285.53,411198
ICICIBANKP,20191003,159.7,160.17,155.7,159.69,523
ICICIGI,20191003,1199.65,1204.5,1170.3,1193.7,216338
ICICIGOLD,20191003,34.05,37.5,34.05,34.2,37685
ICICILIQ,20191003,999.94,1000,999.94,1000,6845
ICICILOVOL,20191003,91,92,89.27,90.01,29003
ICICIMCAP,20191003,65.5,68,60.9,61.05,30335
ICICINF100,20191003,122.5,123.03,122.14,122.67,675
ICICINIFTY,20191003,120.17,120.17,118.55,119.12,124120
ICICINV20,20191003,56,56,54.81,54.93,3427
ICICINXT50,20191003,28.77,28.77,27.15,27.18,12779
ICICIPRULI,20191003,465.4,474,464.1,468.75,2153461
ICICISENSX,20191003,406,407.54,405,405.36,251
ICIL,20191003,41,41.6,38.8,40.3,168203
ICRA,20191003,2810.35,2891,2701.1,2749.4,23334
IDBI,20191003,32,32,29.75,30.8,4333547
IDBIGOLD,20191003,3476,3538,3476,3538,22
IDEA,20191003,5.35,5.4,5,5.1,119493478
IDFC,20191003,32.9,32.9,31.4,31.65,1095444
IDFCFIRSTB,20191003,38,38,36.25,37.15,26646414
IDFNIFTYET,20191003,115.7,125.5,115,118,46
IEX,20191003,120,124,119.5,123,98639
IFBAGRO,20191003,384.75,388,365.5,369.35,8409
IFBIND,20191003,662.1,672.9,645.3,653.4,2992
IFCI,20191003,7,7.05,6.9,6.95,662901
IFGLEXPOR,20191003,156,169,153.05,160.15,111600
IGARASHI,20191003,184.15,186.8,181,182.05,10870
IGL,20191003,350.2,353.75,346.35,352.3,1038828
IGPL,20191003,167,168,160,162.25,12632
IIFL,20191003,126,130,122.2,127.15,365284
IIFLSEC,20191003,27.9,30.65,27.9,27.9,466513
IIFLWAM,20191003,1274.3,1299.95,1212,1289.75,13675
IITL,20191003,57,62.5,57,62.5,15
IMFA,20191003,171.6,180,168.8,176.4,8286
IMPAL,20191003,896.05,939.55,896,926.4,1103
IMPEXFERRO,20191003,0.35,0.35,0.3,0.3,8917
INDBANK,20191003,7.25,7.85,7.15,7.25,13709
INDHOTEL,20191003,154,156.5,153,154.6,2963464
INDIACEM,20191003,80.35,80.5,79,79.65,940763
INDIAGLYCO,20191003,224.4,230,218.2,220.4,40688
INDIAMART,20191003,1799.5,1893,1737.25,1863.85,31152
INDIANB,20191003,117.3,124.65,116.3,121,1441999
INDIANCARD,20191003,110.15,110.15,110.15,110.15,610
INDIANHUME,20191003,270.2,272.7,263,266.85,11833
INDIGO,20191003,1812.1,1847.7,1780.55,1826.05,1184111
INDLMETER,20191003,16.6,17.75,16.5,17.25,3316
INDNIPPON,20191003,320.05,329,320.05,321.65,2804
INDOCO,20191003,145.35,148.25,140.45,142.45,7624
INDORAMA,20191003,29.55,30.75,29.35,29.35,2303
INDOSTAR,20191003,209.65,221.9,202.7,210.9,27926
INDOTECH,20191003,85.9,85.9,83.6,85.55,802
INDOTHAI,20191003,23.6,24.9,22.5,22.9,59296
INDOWIND,20191003,3,3,2.85,2.85,11254
INDRAMEDCO,20191003,36.8,37.05,36.3,36.85,26700
INDSWFTLAB,20191003,42,42.45,39.3,40.95,93374
INDSWFTLTD,20191003,5.6,5.6,5.25,5.6,6810
INDTERRAIN,20191003,78.3,78.3,71.3,74.8,13233
INDUSINDBK,20191003,1295,1309.45,1220,1255.5,13455663
INEOSSTYRO,20191003,633.95,635,625.1,628.4,3840
INFIBEAM,20191003,39.7,40.7,39.4,39.85,1477677
INFOBEAN,20191003,66,68.85,62.6,63,4415
INFRABEES,20191003,323,329.95,323,329.67,189
INFRATEL,20191003,249.9,250.55,245.7,248.25,1812820
INFY,20191003,792.55,797.85,784.15,785.6,5497672
INGERRAND,20191003,640,640,636,636.55,898
INOXLEISUR,20191003,329.65,335,321.5,323.75,92246
INOXWIND,20191003,32.55,33.5,31.4,32.5,21899
INSECTICID,20191003,590,599.9,587.3,596.4,1752
INSPIRISYS,20191003,44.15,45,43.25,45,384
INTEGRA,20191003,0.25,0.25,0.25,0.25,137
INTELLECT,20191003,178.7,190.55,176.35,189,314459
INTENTECH,20191003,32,33.35,29.6,30.9,20091
INVENTURE,20191003,15.45,15.5,14.9,14.95,44192
IOB,20191003,9.7,9.85,9.5,9.6,484559
IOC,20191003,150.9,153.95,149.55,151.75,25503112
IOLCP,20191003,175.5,176,171.5,172.2,186563
IPAPPM,20191003,330,333.3,317,323.3,30769
IPCALAB,20191003,899.9,910,880,904.95,167787
IRB,20191003,70.5,72.45,68.5,69.35,733170
IRCON,20191003,369.2,369.2,356.5,364.2,30886
ISEC,20191003,273.05,276.9,262.5,263.65,158502
ISFT,20191003,82.7,86.7,82.5,82.5,253
ISMTLTD,20191003,3.8,3.95,3.6,3.85,24084
ITC,20191003,257.7,262.15,256.05,261.65,12356337
ITDC,20191003,226.2,248.75,221,248.75,107380
ITDCEM,20191003,47.5,48.85,46.5,46.85,92806
ITI,20191003,79.45,85.55,78.5,84.8,1649321
IVC,20191003,3.1,3.2,3,3.2,247348
IVP,20191003,63.8,64.9,61,61.05,415
IVZINGOLD,20191003,3401,3445,3401,3445,36
IZMO,20191003,29.6,31.25,28.45,30.9,11247
J&KBANK,20191003,32,32.65,31,31.75,612423
JAGRAN,20191003,63,63.5,62.1,62.3,41968
JAGSNPHARM,20191003,23.5,24.5,23.2,23.95,9167
JAIBALAJI,20191003,18.7,19.85,18.7,19.75,8411
JAICORPLTD,20191003,76.85,79.05,76,76.55,650424
JAMNAAUTO,20191003,35.3,37,35,36.15,625242
JAYAGROGN,20191003,144,144.75,140.3,141.6,6216
JAYBARMARU,20191003,180.3,187.4,173.6,176.55,71903
JAYNECOIND,20191003,4.55,4.75,4.55,4.75,7330
JAYSREETEA,20191003,47,49.25,46.3,47.2,75526
JBCHEPHARM,20191003,362,371,352.6,360.65,404060
JBFIND,20191003,7,7.6,7,7.35,23123
JBMA,20191003,180,184.8,168,171,40082
JCHAC,20191003,1915,1925.95,1851,1891.15,2489
JHS,20191003,15.9,16.45,15.5,15.6,18099
JIKIND,20191003,0.2,0.3,0.2,0.25,1741
JINDALPHOT,20191003,16.25,16.25,16.25,16.25,8
JINDALPOLY,20191003,220.15,225.2,218.8,220.95,10992
JINDALSAW,20191003,83,83.95,81.85,83,313222
JINDALSTEL,20191003,95.5,99.5,94.5,95.9,18649281
JINDCOT,20191003,2.3,2.3,2.3,2.3,1078
JINDRILL,20191003,75,78.05,71.65,74,2394
JINDWORLD,20191003,58,58.5,54,56,179771
JISLDVREQS,20191003,14.25,14.85,14.15,14.25,22054
JISLJALEQS,20191003,18.75,19.2,18.4,18.55,1278384
JITFINFRA,20191003,7.25,7.85,7.25,7.4,320
JIYAECO,20191003,45.8,47.45,43.4,44.15,212127
JKCEMENT,20191003,1039.2,1043,1015.2,1027.2,10784
JKIL,20191003,129,133.05,126.1,131.75,83871
JKLAKSHMI,20191003,303,311.45,299.25,301.2,29121
JKPAPER,20191003,128.9,130.6,122.45,126.1,2729261
JKTYRE,20191003,67,69.65,66.3,69.3,274015
JMA,20191003,23.7,23.7,22.1,23.25,960
JMCPROJECT,20191003,109.65,111.9,109.45,109.85,28105
JMFINANCIL,20191003,76.6,76.6,72.2,73.9,433876
JMTAUTOLTD,20191003,1.1,1.15,1.1,1.1,146562
JOCIL,20191003,83.45,93,83.45,87.25,710
JPASSOCIAT,20191003,2.35,2.35,2.2,2.2,4012762
JPINFRATEC,20191003,1.2,1.25,1.15,1.2,665317
JPOLYINVST,20191003,14.95,14.95,14.95,14.95,358
JPPOWER,20191003,1.55,1.6,1.45,1.5,588171
JSL,20191003,34.15,35.1,33.85,34.15,149681
JSLHISAR,20191003,60.95,61.95,59.8,60.5,80987
JSWENERGY,20191003,62.25,63.5,60.75,61.3,327279
JSWHL,20191003,2635.15,2811.55,2635.1,2765.8,552
JSWSTEEL,20191003,220.95,225.7,218.3,221.55,5324110
JTEKTINDIA,20191003,82.65,84,81,81.3,18025
JUBILANT,20191003,505.9,505.9,490.05,492.85,118001
JUBLFOOD,20191003,1322,1348.8,1312.4,1322.7,588810
JUBLINDS,20191003,101.25,102.9,96.75,97.5,9064
JUMPNET,20191003,57.6,59.5,57.2,58,468762
JUNIORBEES,20191003,283.6,283.6,279.12,280.45,42276
JUSTDIAL,20191003,690.15,693.7,655.95,661.8,1342188
JYOTHYLAB,20191003,168.2,168.2,160.5,165.25,56290
KABRAEXTRU,20191003,65.9,69.1,65.9,68.05,3612
KAJARIACER,20191003,558.3,580,546.4,561.55,479303
KAKATCEM,20191003,153.65,154.45,151.2,153.2,7099
KALPATPOWR,20191003,479,489,476.45,480.1,25749
KALYANIFRG,20191003,161.1,165,160.05,165,168
KAMATHOTEL,20191003,38.3,39,37.1,38.3,14396
KAMDHENU,20191003,104.1,109.9,104.1,106.9,2765
KANANIIND,20191003,3.1,3.1,2.8,3,1187
KANORICHEM,20191003,43.95,44,41.1,42.7,14071
KANSAINER,20191003,510.55,514.7,490.05,496.3,275107
KARDA,20191003,177,181.9,170.6,178.4,155804
KARMAENG,20191003,9.4,10.05,9.25,9.4,806
KARURVYSYA,20191003,56.9,58.4,54.5,57.85,391406
KAUSHALYA,20191003,0.45,0.45,0.45,0.45,740
KAVVERITEL,20191003,2.4,2.4,2.4,2.4,107
KAYA,20191003,380.1,386.75,370.1,374.35,3221
KCP,20191003,69.8,69.8,67,67.8,42703
KCPSUGIND,20191003,13.2,13.2,12.8,12.9,59818
KDDL,20191003,378.75,378.75,352.1,362.3,1167
KEC,20191003,272,272,266.8,270.95,87422
KECL,20191003,8.85,8.85,8.35,8.45,18250
KEI,20191003,512,530.95,497.35,526.45,130170
KELLTONTEC,20191003,22.1,22.2,22.1,22.1,113787
KENNAMET,20191003,1097,1138,1076.05,1093.95,305
KERNEX,20191003,26.4,26.4,25.6,25.6,103
KESARENT,20191003,33.05,33.6,32.35,32.35,5311
KESORAMIND,20191003,52,52.85,51.1,51.6,87401
KGL,20191003,0.25,0.3,0.25,0.25,1929997
KHADIM,20191003,230.85,230.85,212.7,221.55,9549
KICL,20191003,1721.95,1721.95,1626.05,1634,258
KILITCH,20191003,121,122,119.4,120.9,2543
KINGFA,20191003,655.05,675,655,665.4,2962
KIOCL,20191003,120.15,126.65,120,123.5,10830
KIRIINDUS,20191003,406.65,418.45,406.6,416.4,59395
KIRLOSBROS,20191003,156.05,158.65,150.8,154.75,6650
KIRLOSENG,20191003,181.05,183,173.6,178.35,13883
KIRLOSIND,20191003,677.95,697,675.1,694.8,142
KITEX,20191003,91.6,93.4,90,90.9,27611
KKCL,20191003,994,998.4,980,980.55,156
KMSUGAR,20191003,6.85,7.1,6.2,6.8,79641
KNRCON,20191003,229.8,229.8,218.1,219.8,169256
KOHINOOR,20191003,13.2,13.2,12.35,12.4,11289
KOKUYOCMLN,20191003,69.75,69.75,63.3,64.15,31860
KOLTEPATIL,20191003,237.6,249.55,225.9,245.65,103203
KOPRAN,20191003,28.1,28.1,26.3,27.3,67197
KOTAKBANK,20191003,1644.25,1644.25,1607,1615.75,2654566
KOTAKBKETF,20191003,294.95,296.19,291,292.38,242993
KOTAKGOLD,20191003,334.1,338.8,334.1,336.5,22286
KOTAKNIFTY,20191003,117.01,117.79,116.5,117.08,34831
KOTAKNV20,20191003,56.5,56.9,55.3,55.98,13282
KOTAKPSUBK,20191003,224.7,238.45,216.3,219.69,10188
KOTARISUG,20191003,10,10.5,9.95,10,29964
KOTHARIPET,20191003,15.75,16.9,15.75,16.3,2186
KOTHARIPRO,20191003,60,63.35,58.2,58.6,1657
KPITTECH,20191003,94.7,97.7,93.15,96.6,227018
KPRMILL,20191003,545.85,551.55,540,544.9,191413
KRBL,20191003,219.5,220,213.55,216.1,43995
KREBSBIO,20191003,78.5,89,75,81.8,1183
KRIDHANINF,20191003,7.5,7.5,7.5,7.5,28017
KRISHANA,20191003,53,57.2,50,50.25,1870
KSB,20191003,662.05,667.7,651.4,654.95,6814
KSCL,20191003,489.1,500.3,481.55,492.2,100673
KSERASERA,20191003,0.1,0.15,0.05,0.1,612547
KSK,20191003,0.4,0.45,0.4,0.45,457575
KSL,20191003,185.1,190,183.55,186.8,25250
KTIL,20191003,32,34.15,32,32.55,2834
KTKBANK,20191003,73.4,74,71.7,72.2,718029
KWALITY,20191003,1.4,1.45,1.35,1.35,960278
L&TFH,20191003,82.9,85.9,81,82,14518175
LAKSHVILAS,20191003,31.35,31.35,31.35,31.35,57981
LALPATHLAB,20191003,1343,1398,1321.25,1389.85,57138
LAMBODHARA,20191003,30.9,35.15,28.65,32.05,38559
LAOPALA,20191003,171.3,179.95,169.3,173.65,45788
LASA,20191003,16.8,17,16.8,16.95,8129
LAURUSLABS,20191003,362.5,363.8,352.95,355.95,8254
LAXMIMACH,20191003,3510.1,3585,3390.6,3463.8,4633
LEMONTREE,20191003,56,57.6,56,56.3,185876
LFIC,20191003,54,54,54,54,2
LGBBROSLTD,20191003,306.1,306.1,282.05,286.2,7957
LGBFORGE,20191003,2.7,2.7,2.5,2.55,6352
LIBAS,20191003,57.45,57.45,57.45,57.45,5
LIBERTSHOE,20191003,100,102.9,99.3,99.75,40398
LICHSGFIN,20191003,375,390.35,372.75,380.2,2579275
LICNETFGSC,20191003,20.64,20.64,20.01,20.49,859
LICNETFN50,20191003,118.73,118.73,118.73,118.73,24
LICNETFSEN,20191003,487.35,487.35,435.1,438.55,31
LINCOLN,20191003,149,149.45,146.1,146.75,6273
LINCPEN,20191003,175.1,181.5,175.1,176.4,299
LINDEINDIA,20191003,515,515.35,510.1,513.3,14119
LIQUIDBEES,20191003,999.5,1000.01,999.5,999.99,791499
LIQUIDETF,20191003,999.05,1000.01,988.85,1000.01,7511
LOKESHMACH,20191003,33.55,36.5,32.65,35.3,25641
LOTUSEYE,20191003,22.5,23.5,21.75,22.8,2142
LOVABLE,20191003,59.95,62.9,59.95,60.55,6960
LPDC,20191003,1.75,1.75,1.65,1.65,502
LSIL,20191003,0.45,0.5,0.4,0.45,378174
LT,20191003,1445.45,1475.5,1422.25,1458.05,1966976
LTI,20191003,1500,1514.1,1487.75,1505.05,45916
LTTS,20191003,1510,1599,1500,1591.35,79746
LUMAXIND,20191003,1208.65,1214.35,1150.55,1170.65,1517
LUMAXTECH,20191003,82,83.3,80.7,82.2,12167
LUPIN,20191003,693,707,676.85,701.2,2504322
LUXIND,20191003,1190,1232.35,1170.3,1191,52582
LYKALABS,20191003,16.5,16.5,15.4,15.95,5001
LYPSAGEMS,20191003,4.15,4.55,4.15,4.4,6022
M&M,20191003,558,564.95,547.1,562.7,3797753
M&MFIN,20191003,321,327,315.55,325.95,1762532
M100,20191003,16.7,16.83,16.15,16.48,25380
M50,20191003,111.95,111.95,109.99,110.63,2209
MAANALU,20191003,65.4,66.9,63.35,63.95,3735
MADHAV,20191003,23.4,24.95,23.4,24.95,428
MADHUCON,20191003,4,4,3.8,3.8,15464
MADRASFERT,20191003,21.6,21.8,21.2,21.55,88943
MAGADSUGAR,20191003,106,112,105.1,107.6,11741
MAGMA,20191003,47.05,50.95,47.05,48.95,50513
MAGNUM,20191003,3.65,3.65,3.5,3.5,4330
MAHABANK,20191003,11.15,11.5,11,11.05,197620
MAHAPEXLTD,20191003,73.15,80.75,73.15,80.75,3126
MAHASTEEL,20191003,127.95,131.25,122.5,131.25,27490
MAHESHWARI,20191003,210,213.85,208.2,212.7,35470
MAHINDCIE,20191003,166.2,167.4,162.05,165.75,52631
MAHLIFE,20191003,425.95,429.9,413.1,427.45,11752
MAHLOG,20191003,354.9,356.85,339.55,352.3,48799
MAHSCOOTER,20191003,4429.75,4554.95,4400,4428.6,16106
MAHSEAMLES,20191003,370.15,374.25,365,369.2,7115
MAITHANALL,20191003,475.2,486.95,463,465.65,13729
MAJESCO,20191003,440,456.5,440,447.9,15246
MALUPAPER,20191003,37.3,37.3,36.6,36.6,19532
MAN50ETF,20191003,114.1,114.7,114.1,114.4,1668
MANAKALUCO,20191003,4.7,4.9,4.55,4.65,9523
MANAKCOAT,20191003,3.9,4,3.7,4,7586
MANAKSIA,20191003,33.55,34.9,33.55,33.6,7634
MANAKSTEEL,20191003,11.85,11.95,11.2,11.5,7703
MANALIPETC,20191003,19.4,19.45,18.6,18.8,170561
MANAPPURAM,20191003,132.1,135.95,131.85,133.45,3371691
MANGALAM,20191003,30.4,30.4,28.05,29.1,10957
MANGCHEFER,20191003,34.25,34.5,33.25,33.65,14928
MANGLMCEM,20191003,309.2,322.8,298.05,308.4,94408
MANGTIMBER,20191003,6.5,7,6.5,6.7,169
MANINDS,20191003,41.3,42.5,41,42.1,20986
MANINFRA,20191003,19.4,19.75,18.1,19.5,150164
MANUGRAPH,20191003,14.55,14.55,13.65,13.8,1526
MARALOVER,20191003,17.35,17.45,16.4,17.45,1660
MARATHON,20191003,79.35,79.35,72.65,76.2,6270
MARICO,20191003,386.4,390,380.3,384,1999508
MARKSANS,20191003,13.5,13.5,12.2,13.3,341230
MARUTI,20191003,6786.6,6794.95,6680,6754.05,850852
MASFIN,20191003,723.4,724,700,705.1,11209
MASTEK,20191003,342.2,348,329,334.15,11480
MATRIMONY,20191003,549.95,550,530.15,541,1191
MAWANASUG,20191003,32.3,35.45,32.25,34.75,219568
MAXINDIA,20191003,60.9,62.45,60.05,60.85,141846
MAXVIL,20191003,43.5,45,42,42.55,35176
MAYURUNIQ,20191003,212,214.95,209.95,211.3,23109
MAZDA,20191003,340,355.1,340,354.75,2110
MBAPL,20191003,83,83,83,83,100
MBECL,20191003,4,4.2,4,4.2,5770
MBLINFRA,20191003,5.55,5.9,5.5,5.6,68688
MCDHOLDING,20191003,17.9,18.25,17.6,18.1,3843
MCDOWELL-N,20191003,638.1,638.1,617.75,620.55,1626483
MCLEODRUSS,20191003,8.65,8.65,8,8.05,260815
MCX,20191003,951,968,940.35,956.5,369189
MEGASOFT,20191003,6.4,6.5,6.4,6.5,8734
MEGH,20191003,50.7,51.1,49.35,49.7,488574
MELSTAR,20191003,1,1,1,1,523
MENONBE,20191003,58.25,64,58.25,62.6,35369
MEP,20191003,27.75,28.85,27.05,27.6,69703
MERCATOR,20191003,1.05,1.15,1.05,1.15,1014695
METALFORGE,20191003,5.35,5.35,4.85,5.15,10235
METROPOLIS,20191003,1225.1,1244.6,1225,1238.25,25165
MFSL,20191003,417,428.3,414.1,418.6,374399
MGL,20191003,902.2,904.95,877.05,891.35,283285
MHRIL,20191003,219.6,219.6,210.35,213.7,24319
MIC,20191003,0.5,0.6,0.5,0.5,18218
MIDHANI,20191003,124.7,125,121.5,122.9,69236
MINDACORP,20191003,89.1,93,89.1,92,52958
MINDAIND,20191003,344.35,348,333.7,344.85,57337
MINDTECK,20191003,35.95,35.95,33.15,34.75,1577
MINDTREE,20191003,720,730,711.7,720.05,439989
MIRCELECTR,20191003,7.1,7.6,6.8,7,643623
MIRZAINT,20191003,53.65,55.4,53.25,54.1,80374
MMFL,20191003,424.45,424.45,401,402.8,646
MMTC,20191003,16.2,16.3,15.1,15.75,814545
MOHITIND,20191003,5.2,5.2,4.3,4.75,8676
MOHOTAIND,20191003,14.5,15.2,14.15,14.15,1266
MOIL,20191003,139.1,139.45,136.2,137,216210
MOLDTECH,20191003,52.9,52.95,50,50.65,3296
MOLDTKPAC,20191003,305,305,293,295.9,9300
MONTECARLO,20191003,238,249.75,231.75,232.8,5755
MORARJEE,20191003,13.25,14.5,13.25,13.25,3431
MOREPENLAB,20191003,15.8,16.3,15.8,15.95,360004
MOTHERSUMI,20191003,104.35,104.6,98.85,99.4,9390062
MOTILALOFS,20191003,632.5,639.7,621.65,630.75,19747
MOTOGENFIN,20191003,36.3,39.9,36.25,38.95,118
MPHASIS,20191003,940,944.75,936.2,937.75,173642
MPSLTD,20191003,485,495,478.45,486.9,2456
MRF,20191003,61863.4,62065,61200,61471.05,5960
MRO-TEK,20191003,16.1,16.1,15.95,15.95,199
MRPL,20191003,48.8,51.8,48.2,51.35,1709502
MSPL,20191003,4.95,5.1,4.95,5.1,366
MSTCLTD,20191003,91.25,94.6,88.75,92.2,32726
MTEDUCARE,20191003,19.85,21.15,19.7,19.7,20568
MTNL,20191003,5.45,6.6,5.35,6.6,6617481
MUKANDENGG,20191003,13.9,13.9,11.35,11.8,2796
MUKANDLTD,20191003,32,32.35,30.8,31.05,13610
MUKTAARTS,20191003,38.5,38.8,37.1,37.4,15125
MUNJALAU,20191003,40,40.9,38.1,38.8,106607
MUNJALSHOW,20191003,128.25,133.3,126.75,129,16794
MURUDCERA,20191003,16.85,16.85,16.15,16.25,15049
MUTHOOTCAP,20191003,529.8,539,485.65,505.35,14343
MUTHOOTFIN,20191003,669.4,686.8,662.9,665.75,915774
MVL,20191003,0.05,0.1,0.05,0.1,347334
N100,20191003,544.7,544.7,530,531.9,6501
NACLIND,20191003,28.65,30,26.75,29.25,117563
NAGAROIL,20191003,0.25,0.25,0.2,0.25,198183
NAGREEKCAP,20191003,8.5,8.85,8.5,8.5,2220
NAGREEKEXP,20191003,16.15,16.15,13.35,14.7,10232
NAHARCAP,20191003,72.25,72.25,68.8,70,3822
NAHARINDUS,20191003,24.95,25.35,23.05,24.1,5296
NAHARPOLY,20191003,33.5,34.9,33.5,33.6,2233
NAHARSPING,20191003,49,50,48,49.1,6737
NATCOPHARM,20191003,570,575,565,567.05,48372
NATHBIOGEN,20191003,355.05,355.4,344.55,346.85,2284
NATIONALUM,20191003,45.45,45.45,43.55,44.5,7824046
NATNLSTEEL,20191003,2.05,2.15,1.95,2.05,2041
NAUKRI,20191003,2079.95,2159,2075,2122,193061
NAVINFLUOR,20191003,724,733.55,694.15,697,33809
NAVKARCORP,20191003,32.2,35,32.2,33.85,129797
NAVNETEDUL,20191003,106.9,109.65,105,105.4,14399
NBCC,20191003,34.2,35.35,33.9,34.35,12388007
NBIFIN,20191003,1495,1495,1361,1370.2,133
NBVENTURES,20191003,78.1,78.9,77.1,77.75,29682
NCC,20191003,52.05,54.35,51.55,52.85,14450449
NCLIND,20191003,102,105.9,100.4,100.9,28874
NDGL,20191003,559.95,560.05,559.95,560,15
NDL,20191003,35,36.45,33.6,33.9,6634
NDTV,20191003,30.6,30.65,29.1,29.65,15797
NECCLTD,20191003,5.1,5.2,5.05,5.1,16736
NECLIFE,20191003,12.95,13.15,12.4,12.55,90440
NELCAST,20191003,39.05,39.95,37,37.2,76728
NELCO,20191003,232.2,241.8,230.95,238.65,28919
NEOGEN,20191003,356,375,356,371.1,49070
NESCO,20191003,589.5,589.5,565,566.4,13769
NESTLEIND,20191003,13680,13749.6,13566.05,13709.85,40894
NETWORK18,20191003,20.65,21.4,20.1,20.8,212857
NEULANDLAB,20191003,493,502.85,486.65,490.2,62142
NEWGEN,20191003,269.95,269.95,263.35,264.55,5760
NEXTMEDIA,20191003,10.5,10.6,9.75,9.95,23356
NFL,20191003,24,24.5,23.65,24.05,335829
NH,20191003,233.4,240,231.05,235.8,17017
NHPC,20191003,22,22.1,21.8,21.95,2366623
NIACL,20191003,106.1,108.8,102.75,103.85,130887
NIBL,20191003,6.2,6.7,6.2,6.25,1582
NIFTYBEES,20191003,1211.99,1212,1193.7,1198.44,56157
NIFTYEES,20191003,14600,14600,14600,14600,1
NIITLTD,20191003,90.05,91.45,89.55,89.8,227415
NIITTECH,20191003,1358.1,1380,1343.05,1368,268527
NILAINFRA,20191003,3.9,4.15,3.75,4,378144
NILASPACES,20191003,1.15,1.2,1.15,1.2,268935
NILKAMAL,20191003,1192.9,1216,1186.85,1195.15,10710
NIPPOBATRY,20191003,456.05,466,455,457,262
NITCO,20191003,25.5,26,25.05,25.6,118277
NITESHEST,20191003,1.6,1.7,1.6,1.65,22229
NITINSPIN,20191003,48.05,49,48,48.05,9880
NLCINDIA,20191003,56.15,57.25,55.4,56.1,135946
NMDC,20191003,94.5,98,94.05,97.4,13061706
NOCIL,20191003,100.75,103.45,98.2,99.15,475666
NOIDATOLL,20191003,4.85,4.85,4.65,4.65,4750
NPBET,20191003,152,162.34,152,160.28,29
NRAIL,20191003,266,266,243,245.05,19058
NRBBEARING,20191003,100.9,101.05,93,94.05,170481
NSIL,20191003,860,860,817.1,821.65,255
NTL,20191003,0.35,0.35,0.35,0.35,1140
NTPC,20191003,117.55,117.55,114.6,116.75,10477900
NUCLEUS,20191003,320.8,323.6,315.55,319.4,6674
OAL,20191003,191.55,196,184,187.55,4610
OBEROIRLTY,20191003,492,507.9,486.65,489.85,459549
OCCL,20191003,1004.15,1028.4,1000.05,1020,1183
OFSS,20191003,3054,3143,3054,3084.05,9920
OIL,20191003,143,145.45,141.15,144.6,1006347
OILCOUNTUB,20191003,6.25,6.55,6,6.55,8204
OISL,20191003,4.6,4.75,4.4,4.4,32410
OLECTRA,20191003,187.75,207,187.75,201.75,84739
OMAXAUTO,20191003,40.4,40.45,38.3,40.45,16664
OMAXE,20191003,193,193,189.6,190.2,310423
OMKARCHEM,20191003,6.35,6.4,5.8,6,3388
OMMETALS,20191003,19.7,19.7,17.8,18.35,17062
ONELIFECAP,20191003,4.75,5.25,4.75,5.2,1892
ONEPOINT,20191003,17.9,17.9,17.9,17.9,1
ONGC,20191003,128.2,129.85,125.4,128.1,7082143
ONMOBILE,20191003,33.2,34.9,32.75,33.7,39673
ONWARDTEC,20191003,61.4,65.5,60.1,63,2974
OPTIEMUS,20191003,38.4,41.9,38.4,38.4,17111
OPTOCIRCUI,20191003,4,4,3.85,3.95,281332
ORBTEXP,20191003,96.7,96.75,87.5,89.9,7238
ORICONENT,20191003,19.75,19.75,18.5,19.15,27609
ORIENTABRA,20191003,17.7,17.7,16.55,16.7,13328
ORIENTALTL,20191003,13.1,13.45,13,13.05,1713
ORIENTBANK,20191003,58.15,59.4,57.45,58.7,825686
ORIENTBELL,20191003,131,133.05,127.65,128.15,3886
ORIENTCEM,20191003,90.9,90.9,86.85,87.2,55247
ORIENTELEC,20191003,166.4,166.4,160.2,162.7,288695
ORIENTHOT,20191003,36.5,37.45,36.05,36.4,14246
ORIENTLTD,20191003,111.4,120,106,110.75,347
ORIENTPPR,20191003,28.9,29,27.2,27.6,1057682
ORIENTREF,20191003,205,208.9,204,207.95,187083
ORISSAMINE,20191003,790,932,790,930.4,105197
ORTINLABSS,20191003,10.95,10.95,10.6,10.6,2209
OSWALAGRO,20191003,6.4,6.5,5.8,6.05,7873
PAGEIND,20191003,21830.6,22044.35,21500,21633.9,29043
PAISALO,20191003,412.5,422,410,417.6,16792
PALASHSECU,20191003,39,39.75,35.55,37.3,4042
PALREDTEC,20191003,19,20,18.75,19.8,653
PANACEABIO,20191003,135,148.5,134.5,141.2,37569
PANAMAPET,20191003,72.95,75.05,71.1,71.95,16174
PAPERPROD,20191003,221.35,238,221,236.45,36068
PARABDRUGS,20191003,1.2,1.2,1.15,1.15,4250
PARACABLES,20191003,8.95,9,8.75,8.8,27360
PARAGMILK,20191003,153.05,156.9,153.05,154.9,112385
PARSVNATH,20191003,2.4,2.5,2.35,2.4,163282
PATELENG,20191003,10.55,10.7,9.95,10.35,305296
PATINTLOG,20191003,24.5,25.25,24,24.8,16805
PATSPINLTD,20191003,5.8,6.45,5.65,6.3,1198
PCJEWELLER,20191003,30.05,32.25,29.7,31.55,7758655
PDMJEPAPER,20191003,18.75,18.75,18.45,18.45,30425
PDPL,20191003,2.8,2.8,2.8,2.8,402
PDSMFL,20191003,334,336.45,327,330.05,1228
PEARLPOLY,20191003,8.3,8.9,8.3,8.4,3285
PEL,20191003,1677,1677,1523.8,1575.15,3497223
PENIND,20191003,25.25,27.55,25.25,26.5,36507
PENINLAND,20191003,4.15,4.15,3.85,3.85,110849
PERSISTENT,20191003,561.05,566,556,557.55,27794
PETRONENGG,20191003,8.25,8.25,8,8.2,634
PETRONET,20191003,258.65,263.15,256.75,258,2753985
PFC,20191003,93.8,96.8,93.55,95.1,11327793
PFIZER,20191003,3246,3259,3204.5,3213.9,11937
PFOCUS,20191003,39.75,42,37,38.9,19517
PFS,20191003,12.05,12.35,11.9,12.1,409254
PGEL,20191003,45,46.7,43.9,44.4,64171
PGHH,20191003,11999.95,12038.5,11666.65,11729.15,3678
PGHL,20191003,4558,4617.95,4430,4441.05,12323
PGIL,20191003,165,168.65,163.5,164.45,917
PHILIPCARB,20191003,113.1,116.4,112.75,114.5,452649
PHOENIXLTD,20191003,699,699.95,685.35,695.65,109165
PIDILITIND,20191003,1444.9,1447.9,1377.55,1393.15,435985
PIIND,20191003,1260,1308,1241.05,1299.9,92331
PILANIINVS,20191003,2000,2000,1892.55,1937.4,3571
PILITA,20191003,5.15,5.15,4.75,4.95,20790
PIONDIST,20191003,139,158.5,134,142.75,61272
PIONEEREMB,20191003,23.35,24.8,22.55,23.35,10451
PIRPHYTO,20191003,21.35,22.95,21.35,21.35,4137
PITTIENG,20191003,40.6,42.25,40.25,40.9,12765
PKTEA,20191003,124,124,118.75,122.6,113
PLASTIBLEN,20191003,183,186,176,179.05,2402
PNB,20191003,58.5,59.95,57.85,59.05,22655441
PNBGILTS,20191003,31.5,31.95,30.85,31,127288
PNBHOUSING,20191003,586.1,601.85,570.05,573,197165
PNC,20191003,14.85,14.85,13.1,13.65,4322
PNCINFRA,20191003,184.95,184.95,179.2,180.45,115789
PODDARHOUS,20191003,400,400,400,400,3
PODDARMENT,20191003,157,159.65,156.05,156.95,2304
POKARNA,20191003,138.75,144.05,135.2,137.7,22168
POLYCAB,20191003,676.65,692.75,664.05,675.15,52237
POLYMED,20191003,219.95,219.95,212.3,214.85,1387
POLYPLEX,20191003,417.1,425,416,420.45,64976
PONNIERODE,20191003,106,112.85,106,109.8,882
POWERGRID,20191003,196.7,200,194.5,199.1,5306011
POWERMECH,20191003,717.95,724.5,680,700.8,12385
PPAP,20191003,189.05,192.85,185.75,189.9,4158
PPL,20191003,69.5,69.5,67.1,68.4,11157
PRABHAT,20191003,74.55,77.45,74.55,77.1,63334
PRADIP,20191003,0.7,0.7,0.7,0.7,109
PRAENG,20191003,6,6.55,6,6.15,6793
PRAJIND,20191003,105.7,108.8,105.4,106.1,722110
PRAKASH,20191003,42.7,44,39.1,41.85,839689
PRAKASHSTL,20191003,0.15,0.2,0.15,0.2,1653
PRAXIS,20191003,63.1,65,61.9,62,6390
PRECAM,20191003,27.95,28.35,25.75,27.6,28866
PRECOT,20191003,32.8,32.8,26.1,26.85,768
PRECWIRE,20191003,159,162.85,153.1,154,5103
PREMEXPLN,20191003,171.65,175.1,171,171.6,15227
PREMIER,20191003,2.45,2.45,2.45,2.45,500
PREMIERPOL,20191003,20.7,20.7,18.85,19.4,769
PRESSMN,20191003,21.5,21.55,19.8,21,26622
PRESTIGE,20191003,288.6,294,284.1,286.25,122035
PRICOLLTD,20191003,34.4,36,33.3,34.4,87628
PRIMESECU,20191003,31.95,34.4,31.95,33.9,12882
PROSEED,20191003,0.35,0.35,0.35,0.35,1
PROVOGE,20191003,0.45,0.45,0.4,0.4,170336
PROZONINTU,20191003,16.25,17.05,16.2,16.5,14813
PRSMJOHNSN,20191003,80,80.05,79,79.1,74429
PSB,20191003,18.3,18.8,17.9,18.05,66632
PSL,20191003,0.7,0.75,0.65,0.7,22615
PSPPROJECT,20191003,540,556.2,540,545.65,5613
PSUBNKBEES,20191003,244,246.5,241.04,243.45,6975
PTC,20191003,54.25,54.7,53.4,53.55,582336
PTL,20191003,35.15,36.4,35.05,35.75,3310
PUNJABCHEM,20191003,521,530,511,528.5,2532
PURVA,20191003,62.1,62.9,60,60.2,43100
PVR,20191003,1827.1,1839.2,1803.45,1833.9,326448
QGOLDHALF,20191003,1656.15,1665,1654,1663.5,1240
QUESS,20191003,454.9,469.6,446,465,124063
QUICKHEAL,20191003,126.05,127.15,121.45,123.25,108436
QUINTEGRA,20191003,0.35,0.45,0.35,0.45,7179
RADAAN,20191003,1.5,1.5,1.2,1.35,3889
RADICO,20191003,303,310.9,302.5,303.95,220332
RADIOCITY,20191003,36.65,38.35,36.65,37,27838
RAIN,20191003,90.95,92,87.65,90.3,740472
RAJESHEXPO,20191003,673.2,678,665.5,667.8,175667
RAJSREESUG,20191003,16.2,17,16.2,16.75,4325
RAJTV,20191003,42,43,41,42.15,625
RALLIS,20191003,168.95,170.9,164.25,167.6,66845
RAMANEWS,20191003,15.4,16.25,15.4,15.65,53604
RAMASTEEL,20191003,58.5,59.95,56.25,56.55,3682
RAMCOCEM,20191003,734.3,734.3,716.4,719.05,230978
RAMCOIND,20191003,183.05,184.65,177.6,178.7,8365
RAMCOSYS,20191003,160,161,157,159.2,31503
RAMKY,20191003,52.1,52.2,48.15,49.55,77133
RANASUG,20191003,2.25,2.3,2.15,2.25,102689
RANEENGINE,20191003,258.8,261.55,244,245.75,2381
RANEHOLDIN,20191003,910.95,925.05,904.95,922.5,533
RATNAMANI,20191003,974,974,937,939.35,2104
RAYMOND,20191003,564,572,552,555.8,369207
RBL,20191003,498,514.95,485.25,502.85,19783
RBLBANK,20191003,300,319.6,292.15,312,27052594
RCF,20191003,47.75,47.9,46.35,47.05,786242
RCOM,20191003,0.7,0.75,0.65,0.7,25268083
RECLTD,20191003,122.75,125.65,121.75,124.85,5111048
REDINGTON,20191003,115.35,116,108,108.45,299869
REFEX,20191003,61.3,63,60.25,60.25,103747
RELAXO,20191003,502.5,507.55,498.95,503,63646
RELCAPITAL,20191003,21.6,23.65,21.25,22,8194647
RELCNX100,20191003,121,126.7,117.14,117.15,346
RELCONS,20191003,52.54,53,52.22,52.27,1379
RELDIVOPP,20191003,29.5,29.5,29.17,29.38,543
RELIANCE,20191003,1286,1314.7,1281.3,1311.05,6183107
RELIGARE,20191003,40.1,40.1,40.1,40.1,67320
RELINFRA,20191003,27.55,28.55,25.9,26.1,11189377
RELNV20,20191003,570,572,560.48,563.87,276
REMSONSIND,20191003,80.3,87,80.3,85,8138
RENUKA,20191003,6.75,6.95,6.7,6.85,387119
REPCOHOME,20191003,308.9,310.45,295.7,303.3,29757
REPRO,20191003,550.8,558,547.55,553.15,888
RESPONIND,20191003,92.05,93.55,90.25,91.4,149271
RETFMID150,20191003,58,58.48,57.8,58.42,24106
REVATHI,20191003,374.85,374.85,360,371.2,80
RGL,20191003,250.6,259,242.2,251.65,1181
RHFL,20191003,3.55,3.55,3.55,3.55,131204
RICOAUTO,20191003,41.95,42.25,40.4,40.75,145324
RIIL,20191003,248.7,251.6,244,246.4,116121
RITES,20191003,263.05,265.35,258.95,263.7,207188
RKDL,20191003,6.9,6.9,6.3,6.3,1916
RKFORGE,20191003,300,300,285.1,286.45,7902
RMCL,20191003,3.7,3.9,3.6,3.85,50232
RML,20191003,276.1,276.1,266.25,268.85,6919
RNAM,20191003,268,274.75,266.45,273,2946035
RNAVAL,20191003,1.75,1.75,1.75,1.75,212170
ROHLTD,20191003,84.05,86.95,82.3,85.6,24704
ROLTA,20191003,4.95,5,4.75,4.85,186315
ROSSELLIND,20191003,47.15,52.95,47.15,47.95,6352
RPGLIFE,20191003,195.8,198.6,186.1,189.8,21134
RPOWER,20191003,2.65,2.8,2.4,2.55,28330855
RPPINFRA,20191003,93.6,96,92.4,94.15,24659
RRSLGETF,20191003,20.09,20.12,20.05,20.08,12890
RSSOFTWARE,20191003,18.7,19,18.05,18.25,21164
RSWM,20191003,104,106.2,101.6,102.65,10472
RSYSTEMS,20191003,40.45,41.3,40,40,213
RTNINFRA,20191003,1.75,1.75,1.75,1.75,29656
RTNPOWER,20191003,1.4,1.45,1.4,1.4,371045
RUBYMILLS,20191003,200.5,213.95,200.5,203.6,1177
RUCHINFRA,20191003,2.15,2.15,2.1,2.1,1020
RUCHIRA,20191003,91,91.1,85.55,87.9,153380
RUCHISOYA,20191003,3.5,3.55,3.4,3.45,2297831
RUPA,20191003,165,174,165,169.25,10641
RUSHIL,20191003,127.5,137,126.25,128.95,4498
RVNL,20191003,23.8,24,23.2,23.4,3557901
SABTN,20191003,2.4,2.4,2.3,2.3,2117
SADBHAV,20191003,135.9,137,129,130.4,119038
SADBHIN,20191003,40.1,42,38.8,41.4,19422
SAFARI,20191003,572,619,572,584.7,3890
SAGARDEEP,20191003,47,48.55,43.95,43.95,32681
SAGCEM,20191003,615,615,587.05,592.55,2719
SAIL,20191003,31.6,32.3,31.1,31.45,28415533
SAKAR,20191003,47,50,47,48.65,19924
SAKHTISUG,20191003,8.1,8.75,8.1,8.25,22279
SAKSOFT,20191003,242,246,242,242.2,2511
SAKUMA,20191003,8.05,8.75,7.95,8.75,178393
SALASAR,20191003,105,107.25,102,105.2,13209
SALONA,20191003,74.9,74.9,70,70,491
SALSTEEL,20191003,2.95,3.05,2.9,2.9,24748
SALZERELEC,20191003,125.7,125.7,117.2,118.15,5081
SAMBHAAV,20191003,2.8,2.8,2.65,2.7,776
SANCO,20191003,17.65,18.85,16.9,17.3,15034
SANDESH,20191003,595,595,585,590,521
SANDHAR,20191003,225.5,246.65,225.5,233.55,53056
SANGAMIND,20191003,38.05,39.6,36.2,36.35,8192
SANGHIIND,20191003,50.5,52.8,50,50.7,73690
SANGHVIFOR,20191003,31.05,31.3,31,31,6120
SANGHVIMOV,20191003,89,89.8,83.35,84.1,23477
SANGINITA,20191003,109,114,109,111.05,30400
SANOFI,20191003,5861,5924,5775,5872.45,16814
SANWARIA,20191003,2.05,2.1,2,2,1856671
SARDAEN,20191003,150.1,150.5,147.2,147.95,23756
SAREGAMA,20191003,340,350,335,341.55,13409
SARLAPOLY,20191003,22,22,21.05,21.7,43309
SASKEN,20191003,598.9,610.05,591.1,601.05,4585
SASTASUNDR,20191003,94.5,98.95,94.5,97.9,994
SATHAISPAT,20191003,5.7,5.75,5.7,5.75,114
SATIA,20191003,710,720,701.05,717.25,729
SATIN,20191003,301.1,307.85,296.85,305.2,23412
SBIETFQLTY,20191003,98.5,103,96.75,96.95,3957
SBILIFE,20191003,827.9,836.15,820.05,830.65,455628
SBIN,20191003,254,260.7,250.1,254.15,56207921
SCAPDVR,20191003,0.45,0.55,0.45,0.5,6034
SCHAEFFLER,20191003,4231.05,4317.9,4201.1,4265.05,2797
SCHAND,20191003,61.2,63.25,61.2,63,8678
SCHNEIDER,20191003,74.9,75.85,74.1,75.05,19157
SCI,20191003,44.75,44.75,43.1,43.65,3616358
SDBL,20191003,123.45,123.45,119,120.2,5142
SEAMECLTD,20191003,397,397,381.35,385.2,3309
SELAN,20191003,138,138.95,133.5,133.9,16313
SELMCL,20191003,0.6,0.6,0.55,0.6,39654
SEPOWER,20191003,2.3,2.4,2.3,2.4,218
SEQUENT,20191003,72,73.75,70.5,71.05,135041
SESHAPAPER,20191003,194.95,195,184.25,186.4,37913
SETCO,20191003,14.35,14.55,14.1,14.35,77507
SETF10GILT,20191003,197.6,203.83,185,192.24,284
SETFGOLD,20191003,3355.35,3404,3355.1,3397.2,3561
SETFNIF50,20191003,118.02,118.02,116.14,116.59,89600
SETFNIFBK,20191003,292,296.95,286.3,287.66,39820
SETFNN50,20191003,280.84,284.8,277,278.91,10584
SETUINFRA,20191003,1.9,1.95,1.85,1.85,30574
SEYAIND,20191003,386,389,377.35,381.1,13751
SFL,20191003,1277.3,1333,1260,1271.25,17335
SGL,20191003,7.55,8.25,7.55,7.9,733
SHAHALLOYS,20191003,9.75,9.75,8.5,8.75,6646
SHAKTIPUMP,20191003,280,280.5,269.5,271.8,15093
SHALBY,20191003,85.8,87.8,82.85,85.1,21662
SHALPAINTS,20191003,79.2,83.25,79.2,81.95,20417
SHANKARA,20191003,308.35,318.45,298.2,299.2,104838
SHANTIGEAR,20191003,96.4,96.4,94.5,95,7197
SHARDACROP,20191003,290.25,292.75,285,285.95,1694
SHARDAMOTR,20191003,944,948,920,932.05,377
SHARIABEES,20191003,259,259.98,259,259.98,14
SHEMAROO,20191003,238.1,248.4,228.4,232.9,7318
SHILPAMED,20191003,271,281.9,265.05,271.75,7371
SHIRPUR-G,20191003,11.6,11.7,10.65,10.75,28314
SHIVAMAUTO,20191003,23,23.15,21.9,22.1,113011
SHIVAMILLS,20191003,31,31.85,28.1,31.85,1621
SHIVATEX,20191003,107.2,124.5,102.5,105.7,4824
SHK,20191003,135.3,136.5,130,130.6,28122
SHOPERSTOP,20191003,429.9,429.9,414.65,427.95,5206
SHREDIGCEM,20191003,17.15,17.15,16.1,16.5,41910
SHREECEM,20191003,18400,18643.95,18127.65,18259.6,16230
SHREEPUSHK,20191003,98,102,96,96.7,11602
SHREERAMA,20191003,4,4.2,3.9,3.95,16278
SHRENIK,20191003,38.15,38.15,36.25,37.35,29077
SHREYANIND,20191003,138.05,140,128.4,130.1,44714
SHREYAS,20191003,79.8,83.5,77.85,78.55,2661
SHRIPISTON,20191003,722.05,757,722.05,750,21
SHRIRAMCIT,20191003,1330,1334.15,1291,1303.85,1072
SHRIRAMEPC,20191003,12.25,12.6,11.95,12.05,46370
SHYAMCENT,20191003,2.75,2.75,2.55,2.55,6163
SICAGEN,20191003,18.45,18.45,17.05,17.55,7719
SICAL,20191003,26.6,27.6,26.6,26.9,46029
SIEMENS,20191003,1543,1552,1500.55,1525.65,637424
SIGIND,20191003,21.25,22.5,21.1,22.35,1751
SILINV,20191003,147.05,150.8,147,149.7,1167
SIMBHALS,20191003,6.6,6.85,6.25,6.7,12953
SIMPLEXINF,20191003,43.2,46.2,42.85,44.45,63768
SINTEX,20191003,1.75,1.75,1.75,1.75,276654
SIRCA,20191003,194.95,194.95,183.9,184.75,2019
SIS,20191003,850.75,870.45,837.2,851.95,28521
SITINET,20191003,1.9,1.9,1.9,1.9,13832
SIYSIL,20191003,224.9,224.9,213.25,221.8,8868
SJVN,20191003,24.45,24.45,23.85,23.9,1118380
SKFINDIA,20191003,2167.9,2179.95,2107,2151,6191
SKIL,20191003,4.8,5.2,4.8,4.8,13921
SKIPPER,20191003,51.35,52.2,50.25,51.25,9842
SKMEGGPROD,20191003,39.75,41.35,38.1,40.7,15626
SMARTLINK,20191003,75.9,75.9,72.5,74.15,4978
SMLISUZU,20191003,537.85,551,530.65,547.3,4585
SMSLIFE,20191003,320,323.55,298.1,305.65,14755
SMSPHARMA,20191003,42.2,43.25,41.65,42.45,23157
SNOWMAN,20191003,37.7,40.5,37.3,40.1,981080
SOBHA,20191003,474.95,477,456.6,459.05,161661
SOLARA,20191003,351.6,377.05,349.8,368.45,24089
SOLARINDS,20191003,1102,1105,1080,1095.7,2603
SOMANYCERA,20191003,195,195.5,188.2,192.35,124732
SOMATEX,20191003,3,3.3,3,3,1187
SOMICONVEY,20191003,12.8,13.6,12.55,13.1,869
SONATSOFTW,20191003,312,315.15,305,313,74807
SORILINFRA,20191003,119.2,119.2,119.2,119.2,2078
SOTL,20191003,920,939,910,920.25,303
SOUTHBANK,20191003,10.6,10.8,10.45,10.65,2802715
SOUTHWEST,20191003,13.05,13.3,13.05,13.3,1001
SPAL,20191003,203.7,204.5,195.05,202.45,290542
SPANDANA,20191003,900,923.95,866.6,893.5,25545
SPARC,20191003,119.45,125.25,115.15,121.3,650942
SPCENET,20191003,1.05,1.15,1.05,1.15,15101
SPECIALITY,20191003,68,73.2,67,71.75,14264
SPENCERS,20191003,69.75,72.1,66.9,67.5,83112
SPENTEX,20191003,0.45,0.45,0.4,0.4,32706
SPIC,20191003,19.1,19.5,18.5,18.75,57958
SPICEJET,20191003,125,125.7,123,124,963611
SPLIL,20191003,31.5,32.45,28.75,32.05,25420
SPMLINFRA,20191003,10.2,10.2,9.9,10.2,11396
SPTL,20191003,3.35,3.35,3.35,3.35,99567
SPYL,20191003,0.2,0.3,0.2,0.25,161374
SREEL,20191003,172.95,176.4,168.1,172.75,2131
SREINFRA,20191003,8.05,9,7.85,8.4,1142190
SRF,20191003,2678.95,2749.15,2642.15,2731,206802
SRHHYPOLTD,20191003,101.5,104,99.5,101.65,411
SRIPIPES,20191003,176.4,179.65,173,174.6,28012
SRTRANSFIN,20191003,1050,1058.95,1010,1032.25,794503
SSWL,20191003,779.95,779.95,775.45,778.65,2971
STAMPEDE,20191003,0.7,0.8,0.7,0.8,81605
STAR,20191003,307,320.1,302.1,312.3,1460294
STARCEMENT,20191003,92.5,95,88,90.5,84408
STARPAPER,20191003,142,142,140.35,140.35,45701
STCINDIA,20191003,65,66.7,62.55,62.55,131580
STEELCITY,20191003,29.75,30.7,28.55,29.3,2374
STEELXIND,20191003,9.8,10.3,9.55,10.15,10348
STEL,20191003,69.9,69.9,65.1,67.7,6366
STERTOOLS,20191003,160.85,164.4,159.05,162.95,1450
STINDIA,20191003,5.55,6.05,5.55,6.05,74
STRTECH,20191003,149.5,154.6,145.85,149.3,738298
SUBCAPCITY,20191003,6.3,6.3,6.3,6.3,11
SUBEX,20191003,5.3,5.5,5.2,5.35,284040
SUBROS,20191003,248,253.9,241.5,244.4,36106
SUDARSCHEM,20191003,373.8,382.5,357.75,359.35,117810
SUJANAUNI,20191003,0.15,0.2,0.15,0.15,16069
SUMEETINDS,20191003,2.05,2.35,1.95,2,268009
SUMIT,20191003,17.5,19,17.1,18.3,9901
SUMMITSEC,20191003,480.05,488.75,456,482.6,1171
SUNCLAYLTD,20191003,1960.8,2033.4,1925.25,1956.15,695
SUNDARAM,20191003,1.3,1.35,1.3,1.35,251577
SUNDARMFIN,20191003,1615,1631.75,1585,1619.95,91230
SUNDARMHLD,20191003,71,73,70.25,70.85,5476
SUNDRMBRAK,20191003,250.05,263.95,249.9,254.7,1262
SUNDRMFAST,20191003,474.8,474.95,465,465.6,17478
SUNFLAG,20191003,28.2,28.45,27.15,27.5,83060
SUNPHARMA,20191003,382,391.45,377.65,388.15,5216456
SUNTECK,20191003,399.7,413.9,396.4,404.1,135306
SUNTV,20191003,469.95,488,466,485.1,1937035
SUPERHOUSE,20191003,76.15,80.5,76.15,80.25,1727
SUPERSPIN,20191003,4.15,4.15,3.2,3.55,49674
SUPPETRO,20191003,177.65,177.7,168.1,169.6,13008
SUPRAJIT,20191003,174.4,175,172,173.85,9726
SUPREMEIND,20191003,1215,1233,1200,1213.8,23400
SURANASOL,20191003,5.6,5.8,5.15,5.6,27499
SURANAT&P,20191003,3.2,3.5,3.2,3.4,5957
SURYALAXMI,20191003,17.5,20.95,17.15,17.8,1663
SURYAROSNI,20191003,179,182.7,175,175.35,31799
SUTLEJTEX,20191003,27.75,28.8,26.55,27.6,2104
SUVEN,20191003,271,272.75,261.25,264.4,197881
SUZLON,20191003,2.2,2.35,2.05,2.3,14334069
SWANENERGY,20191003,106.35,109.95,103.5,107.9,74598
SWARAJENG,20191003,1169.55,1169.55,1083.05,1148.45,8181
SWELECTES,20191003,119.25,122.95,118.1,119.85,3659
SWSOLAR,20191003,613.75,614.8,602.1,607.8,89238
SYMPHONY,20191003,1270.1,1275,1248,1266.5,2917
SYNCOM,20191003,0.85,0.9,0.8,0.8,12298
SYNDIBANK,20191003,26.2,26.2,25.3,25.75,835055
SYNGENE,20191003,306,311,302.6,309.8,25806
TAINWALCHM,20191003,51.4,51.4,46,47.95,769
TAJGVK,20191003,173,177.1,170.35,172.45,12118
TAKE,20191003,104.25,105,102.25,103.2,97355
TALBROAUTO,20191003,106,107.05,104,104.55,3566
TALWALKARS,20191003,3.25,3.25,3.25,3.25,37751
TALWGYM,20191003,5.2,5.45,5.2,5.2,14837
TANLA,20191003,48.8,49.9,46.95,47.05,135722
TANTIACONS,20191003,1.5,1.5,1.5,1.5,600
TARMAT,20191003,23.1,25.5,23.1,25,2829
TASTYBITE,20191003,9698,9748,9500.05,9584.2,133
TATACHEM,20191003,582.1,589.6,575.75,585.25,312626
TATACOFFEE,20191003,74.8,75.7,74,74.3,142711
TATACOMM,20191003,364,374.4,352.45,365.9,760542
TATAELXSI,20191003,674.5,692.3,672,687.3,760953
TATAGLOBAL,20191003,270,274.35,268.5,272.75,1509727
TATAINVEST,20191003,830,830,803.65,804.2,23511
TATAMETALI,20191003,539.95,539.95,517.6,521.95,11093
TATAMOTORS,20191003,112.65,123.5,112.65,122.4,65103359
TATAMTRDVR,20191003,50.85,55.4,50.6,54.7,10014298
TATAPOWER,20191003,58.95,59.75,58.6,59.35,5139225
TATASTEEL,20191003,346.5,348.9,338.45,339.6,12130956
TATASTLBSL,20191003,21.9,21.9,21.2,21.3,705505
TATASTLLP,20191003,384.6,392.7,383,384.9,22696
TBZ,20191003,41.25,42.5,40.5,41.15,40082
TCI,20191003,291.95,292.7,285.5,289.15,5951
TCIDEVELOP,20191003,340,340,335,335,9
TCIEXP,20191003,698,709,690,698.2,17141
TCIFINANCE,20191003,9.95,10.5,9.55,10,5086
TCNSBRANDS,20191003,746.95,754,713.05,743.35,16969
TCPLPACK,20191003,278.5,292.45,277.3,283.55,1046
TCS,20191003,2070,2081.15,2046.15,2060.25,2317618
TDPOWERSYS,20191003,148.25,153.25,147.75,149.6,5807
TEAMLEASE,20191003,3000,3024,2901.5,3012.4,11418
TECHIN,20191003,4.4,4.4,4.4,4.4,100
TECHM,20191003,705.25,717.75,692.55,702.5,2111319
TECHNOE,20191003,272.95,282.6,265.05,274.9,78293
TECHNOFAB,20191003,24.65,24.65,22.4,24.65,15354
TEJASNET,20191003,83,87,80.2,82.55,34298
TERASOFT,20191003,25,25.4,24.15,24.25,18019
TEXINFRA,20191003,42.1,43.5,40.4,40.95,9428
TEXMOPIPES,20191003,15.1,17.2,15.1,15.7,49650
TEXRAIL,20191003,45.3,45.5,43.6,44.7,83469
TFCILTD,20191003,77.25,80.85,76,80,114536
TFL,20191003,3.7,4,3.7,4,5672
TGBHOTELS,20191003,3.75,4,3.7,3.9,1513
THANGAMAYL,20191003,324,330.5,320,330.1,2979
THEINVEST,20191003,118.6,118.6,111.95,113,1715
THEMISMED,20191003,223.55,225.1,223.4,223.4,2376
THERMAX,20191003,1130.55,1153,1116.65,1137.85,17617
THOMASCOOK,20191003,140,142,138.05,140.5,104827
THYROCARE,20191003,502.05,504.95,497.1,500.3,9975
TI,20191003,12.65,13.15,12.6,12.7,16243
TIDEWATER,20191003,4515,4587.75,4500,4515.9,683
TIIL,20191003,368.1,368.1,354.95,359.75,1746
TIINDIA,20191003,384.85,393.9,381,385,14734
TIJARIA,20191003,9.35,9.45,8.9,9,11461
TIL,20191003,193,202.35,191,197.6,3135
TIMESGTY,20191003,33.6,34.5,33.35,33.55,1157
TIMETECHNO,20191003,57.15,58.35,54,57.6,286446
TIMKEN,20191003,799.95,815,782,802.75,42493
TINPLATE,20191003,113.8,116.1,109.95,111.55,318070
TIPSINDLTD,20191003,72.8,72.8,70,70.8,834
TIRUMALCHM,20191003,71.05,71.6,68.6,68.9,359090
TITAN,20191003,1279.4,1298,1268.75,1295.5,1449986
TMRVL,20191003,12.15,12.7,11.6,12.6,12741
TNPETRO,20191003,35.35,35.35,34.35,34.95,69874
TNPL,20191003,198,198,192.1,192.85,151095
TNTELE,20191003,1.4,1.4,1.35,1.35,125
TOKYOPLAST,20191003,52.95,54,52.5,53.45,6481
TORNTPHARM,20191003,1605.75,1612.85,1578,1598.85,234100
TORNTPOWER,20191003,282.2,286.5,280.05,284.35,833692
TPLPLASTEH,20191003,129,129,114.3,119.05,2944
TREEHOUSE,20191003,5.65,6,5.55,5.75,27260
TREJHARA,20191003,14.45,15.45,14.45,14.7,964
TRENT,20191003,481.5,500,481.1,499.6,166739
TRF,20191003,98.05,98.05,94.8,96.15,14544
TRIDENT,20191003,58.15,58.5,56.5,56.9,258392
TRIGYN,20191003,45.25,47.3,45.1,45.8,24065
TRIL,20191003,7.4,8,7.1,7.5,80101
TRITURBINE,20191003,105.7,105.7,99.25,101.5,1164777
TRIVENI,20191003,59.7,64.5,59.65,63.8,636700
TTKHLTCARE,20191003,452.05,459.35,441.2,453.95,400
TTKPRESTIG,20191003,6101.1,6150.05,6090.5,6100.35,2049
TTL,20191003,37.5,39,36.5,38.1,462
TTML,20191003,2.6,2.8,2.6,2.75,498775
TV18BRDCST,20191003,24.4,25,23.5,24.5,1106545
TVSELECT,20191003,120,124.85,113.5,121.55,21147
TVSMOTOR,20191003,405,414.7,402,405.3,1993787
TVSSRICHAK,20191003,1770,1796.95,1700.3,1718.4,5434
TVTODAY,20191003,301.7,318.6,299,310.5,192709
TVVISION,20191003,1.5,1.55,1.5,1.55,205
TWL,20191003,46.3,47.9,45.5,46,329832
UBL,20191003,1321.15,1333.5,1315,1326.55,237495
UCALFUEL,20191003,125.4,125.4,122,122.7,5289
UCOBANK,20191003,11.7,11.9,11.4,11.5,588848
UFLEX,20191003,209.5,212,208,210,42111
UFO,20191003,146.95,146.95,136.95,138.35,34969
UGARSUGAR,20191003,12.5,12.95,12.35,12.55,64186
UJAAS,20191003,3.3,3.4,3.15,3.25,125193
UJJIVAN,20191003,308,316.3,305.55,310.65,1061552
ULTRACEMCO,20191003,4219,4219,4114,4146.8,321369
UMANGDAIRY,20191003,37.35,37.9,36.75,37.85,2784
UMESLTD,20191003,0.95,0.95,0.95,0.95,1403
UNICHEMLAB,20191003,176.95,179.45,176,177.45,14891
UNIENTER,20191003,70.35,72.05,66.6,68.55,1973
UNIONBANK,20191003,50.9,52.4,49.9,51.5,10569763
UNIPLY,20191003,49.8,49.8,47.1,47.75,37379
UNITECH,20191003,0.5,0.55,0.5,0.5,12203926
UNITEDBNK,20191003,8.05,8.05,7.9,7.95,432058
UNITEDTEA,20191003,265,265,242.6,245.35,469
UNIVCABLES,20191003,156.05,160,151.3,154.3,16885
UPL,20191003,590,598.5,572.25,594.4,1610688
URJA,20191003,1.9,1.9,1.9,1.9,236975
USHAMART,20191003,26.05,27.1,26.05,27,301150
UTINEXT50,20191003,280.63,287,279,280,105
UTINIFTETF,20191003,1206,1206,1196.7,1196.7,104
UTISENSETF,20191003,404.7,413,400.1,402.99,784
UTISXN50,20191003,310,314,310,313,16
UTTAMSTL,20191003,7,7.1,6.7,6.95,54660
UTTAMSUGAR,20191003,98.5,103.85,97,100.25,138951
UVSL,20191003,0.05,0.1,0.05,0.05,10672297
V2RETAIL,20191003,149.8,150,140.5,142.5,69060
VADILALIND,20191003,755.75,830,745.55,802.8,56430
VAIBHAVGBL,20191003,850,850,821,825.2,11404
VAKRANGEE,20191003,30.2,30.8,29,29.15,4429932
VARDHACRLC,20191003,35.85,36.8,34.95,35.45,10093
VARDMNPOLY,20191003,2.65,2.65,2.6,2.6,324
VARROC,20191003,452.4,452.4,436,443.75,5762
VASCONEQ,20191003,12.95,13.3,12.35,12.45,233707
VASWANI,20191003,6.25,6.3,6.15,6.2,10270
VBL,20191003,607.95,625.3,595.75,618.3,102357
VEDL,20191003,149,149,143.3,144.4,13962779
VENKEYS,20191003,1545,1555,1500,1516.9,69681
VENUSREM,20191003,21.85,21.85,20.85,21.1,6787
VESUVIUS,20191003,1005.85,1005.85,972.15,984.6,2600
VETO,20191003,48,49,46.55,47.3,16350
VGUARD,20191003,223.1,226,221.15,225.65,157140
VHL,20191003,1599.95,1599.95,1502.25,1511.55,344
VICEROY,20191003,1.3,1.35,1.25,1.35,15732
VIDHIING,20191003,60,62,59.95,60.6,211269
VIJIFIN,20191003,0.45,0.45,0.4,0.45,75559
VIKASECO,20191003,4.1,4.15,3.8,3.8,447985
VIKASMCORP,20191003,3.85,4.1,3.8,3.95,155287
VIKASPROP,20191003,3.5,3.5,3.5,3.5,316048
VIKASWSP,20191003,12,12.35,11.35,11.5,411261
VIMTALABS,20191003,104,107,103.25,104.1,10834
VINATIORGA,20191003,2197,2212,2101.15,2132.2,22687
VINDHYATEL,20191003,1005,1027,990,1019,3794
VINYLINDIA,20191003,61,62.9,61,62.2,4625
VIPCLOTHNG,20191003,9.15,9.15,8.05,8.15,138903
VIPIND,20191003,450,469.85,446.05,464.8,259706
VIPULLTD,20191003,32,32.8,31.5,31.9,131041
VISAKAIND,20191003,296.4,300,287.5,294.75,16423
VISASTEEL,20191003,4.3,4.7,4.3,4.55,11427
VISESHINFO,20191003,0.05,0.1,0.05,0.05,2211153
VISHAL,20191003,338,338,338,338,25
VISHNU,20191003,118.25,125.65,118,120.15,1212
VIVIDHA,20191003,0.25,0.25,0.2,0.2,51101
VIVIMEDLAB,20191003,14.65,15.4,14.4,14.5,70510
VLSFINANCE,20191003,51.95,56.85,51.95,53.2,13085
VMART,20191003,2024.9,2024.9,1905,1934.95,20215
VOLTAMP,20191003,1143,1150,1120,1127.7,2858
VOLTAS,20191003,669.95,682,664.75,674.4,800102
VRLLOG,20191003,276,278.5,269,273.55,75919
VSSL,20191003,67.45,69.9,65,68.7,2849
VSTIND,20191003,3747.2,3788,3675,3700.5,1914
VSTTILLERS,20191003,1223.65,1285,1190,1272.7,3175
VTL,20191003,929.75,930,905.05,908.9,8437
WABAG,20191003,272.3,273,264,264.8,45243
WABCOINDIA,20191003,6239,6239,6114,6122.2,11399
WALCHANNAG,20191003,58.8,62.65,57.5,59.2,69146
WANBURY,20191003,11.65,12.25,11.65,11.65,1385
WATERBASE,20191003,101,104,98.35,100.65,35118
WEBELSOLAR,20191003,20.2,20.65,18.8,20.25,35373
WEIZFOREX,20191003,277,289,273.5,278.75,237
WEIZMANIND,20191003,23.4,25.35,23.15,24,517
WELCORP,20191003,125.3,129,124.3,125.05,356869
WELENT,20191003,90.25,93.45,90,90.5,157518
WELINV,20191003,150.6,159.25,150.55,159,1447
WELSPUNIND,20191003,52.05,52.45,50.3,51.5,287905
WENDT,20191003,2425.05,2499,2400,2428.05,185
WESTLIFE,20191003,296.2,296.25,282,286.35,37395
WHEELS,20191003,578.9,618,570,599.45,4027
WHIRLPOOL,20191003,1953,1971.95,1876,1952.55,73685
WILLAMAGOR,20191003,16,16,15.75,15.75,185
WINDMACHIN,20191003,21.25,21.25,20.05,20.25,11443
WIPL,20191003,82.6,82.6,82.6,82.6,5
WIPRO,20191003,234.2,239.6,232.55,235.85,4785230
WOCKPHARMA,20191003,253.75,262.9,248,251.85,612306
WONDERLA,20191003,278.7,278.95,265.15,267.4,17694
WSI,20191003,0.7,0.7,0.65,0.65,5001
WSTCSTPAPR,20191003,249,252.25,243,250.2,259356
XCHANGING,20191003,52.8,53.7,52.55,53.1,4373
XELPMOC,20191003,62,69,62,65.75,2269
XLENERGY,20191003,0.5,0.5,0.4,0.5,22146
XPROINDIA,20191003,25.5,27.5,23.25,24.95,1512
YESBANK,20191003,35.2,43.45,35.2,42.5,584506441
ZEEL,20191003,237,257.95,225.4,251.55,30258702
ZEELEARN,20191003,19.85,19.95,18.7,19.7,86068
ZEEMEDIA,20191003,8.95,9.3,8.6,9,912744
ZENITHBIR,20191003,0.35,0.45,0.35,0.45,190467
ZENITHEXPO,20191003,41.5,44.85,39.4,39.7,1174
ZENSARTECH,20191003,215,215.95,210,210.6,20617
ZENTEC,20191003,64.3,64.35,61.4,62.45,4633
ZICOM,20191003,0.95,1,0.95,1,8462
ZODIACLOTH,20191003,203.3,203.3,196.3,200.85,38
ZODJRDMKJ,20191003,30.25,32.75,30.25,30.55,1505
ZOTA,20191003,188.45,189,184.55,187.4,20591
ZUARI,20191003,92.85,92.85,89.1,89.8,13488
ZUARIGLOB,20191003,62,68,62,62.25,10558
ZYDUSWELL,20191003,1700,1700,1645,1651.85,8732
NSENIFTY,20191003,11322.25,11370.40,11257.35,11314.00,1017479514,0
NIFTYJUNIOR,20191003,27151.60,27285.35,26924.30,27023.20,367964313,0
NIFTYMIDCAPLIQ15,20191003,3657.90,3702.55,3630.55,3684.60,57264065,0
NSE100,20191003,11458.90,11504.60,11393.55,11444.80,1395458125,0
NIFTY200,20191003,5830.60,5855.90,5797.70,5826.00,1689228118,0
NSE500,20191003,9207.15,9243.80,9153.70,9198.40,1908360195,0
NSEMIDCAP150,20191003,5799.40,5841.90,5768.60,5810.65,299631968,0
MIDCAP50,20191003,4282.90,4332.95,4259.55,4303.65,246342229,0
NSEMIDCAP,20191003,15668.55,15808.10,15587.40,15715.30,293769993,0
NSESMLCAP100,20191003,5479.70,5512.25,5433.10,5480.80,-,0
NIFTYLARGEMIDCAP250,20191003,-,-,-,5597.46,1695090093,0
NIFTYAUTO,20191003,7458.40,7521.95,7431.75,7493.75,122347551,0
BANKNIFTY,20191003,28606.70,28769.10,28240.80,28414.10,825756750,0
NIFTYFINSERVICE,20191003,12943.15,12985.95,12786.70,12847.75,195338234,0
NIFTYFMGC,20191003,30819.60,30831.20,30567.95,30791.00,26332585,0
NSEIT,20191003,15318.80,15417.25,15228.90,15277.95,19672683,0
NIFTYMEDIA,20191003,1726.50,1789.30,1694.85,1771.30,75184413,0
NIFTYMETAL,20191003,2368.95,2370.90,2316.50,2326.55,127881703,0
NIFTYPHARMA,20191003,7418.80,7497.30,7323.30,7461.75,22004567,0
NIFTYPVTBANK,20191003,15976.35,16044.45,15761.35,15867.50,714434707,0
NIFTYPSUBANK,20191003,2194.35,2242.75,2176.80,2209.25,144564740,0
NIFTYREALTY,20191003,248.35,256.10,246.20,251.20,14517100,0
NIFTYCOMMODITIES,20191003,3255.05,3276.05,3229.35,3254.75,232634704,0
NIFTYCONSUMPTION,20191003,4908.10,4909.25,4866.05,4892.80,82788890,0
NIFTYCPSE,20191003,1938.45,1943.15,1911.10,1927.10,88281965,0
NIFTYENERGY,20191003,15348.45,15635.85,15245.80,15592.70,106871200,0
NIFTY100ESG,20191003,-,-,-,2098.90,-,0
NIFTY100ENHESG,20191003,-,-,-,2131.15,-,0
NIFTYINFRA,20191003,3147.60,3187.65,3123.95,3171.20,181692371,0
NIFTYMNC,20191003,13278.85,13282.15,13118.60,13174.30,179696704,0
NIFTYPSE,20191003,3246.95,3283.75,3215.90,3272.55,197198603,0
NIFTYSMEEMERGE,20191003,-,-,-,1352.44,698450,0
NIFTYSERVSECTOR,20191003,15976.40,16024.45,15847.35,15883.60,880444365,0
NIFTYSHARIAH25,20191003,-,-,-,4274.27,79501577,0
NIFTY50SHARIAH,20191003,-,-,-,2484.58,-,0
NIFTY500SHARIAH,20191003,-,-,-,2924.22,215204461,0
NIFTYABGROUP,20191003,-,-,-,2770.12,138379430,0
NIFTYMAHINDRA,20191003,-,-,-,9717.42,7817286,0
NIFTYTATA,20191003,-,-,-,6578.99,103326342,0
NIFTYTATA25CAP,20191003,-,-,-,4517.29,91893802,0
NIFTYABGROUP,20191003,-,-,-,2770.12,138379430,0
NIFTYLIQ15,20191003,3394.95,3414.15,3353.25,3383.00,859409803,0
NIFTY500VALUE50,20191003,-,-,-,3420.67,390327516,0
NIFTYALPHALOWVOL30,20191003,-,-,-,11708.63,-,0
NIFTYQUALLOWVOL30,20191003,-,-,-,8243.35,-,0
NIFTYALPHAQUALLOWVOL30,20191003,-,-,-,9407.51,81044092,0
NIFTYALPHAQUALVALLOWVOL30,20191003,-,-,-,7185.37,96705932,0
NIFTY50EQUALWEIGHT,20191003,11549.10,11642.05,11465.20,11597.55,1017479514,0
NIFTY100EQUALWEIGHT,20191003,12489.50,12565.25,12419.75,12491.25,1395458125,0
NIFTY50DIVPOINT,20191003,96.23,96.23,96.23,96.23,-,0
NIFTYDIVOPPS50,20191003,2547.00,2557.90,2531.80,2547.75,274202350,0
NIFTYALPHA50,20191003,12147.35,12256.20,12068.75,12167.30,120977810,0
NIFTYHIGHBETA50,20191003,-,-,-,1211.05,1241242430,0
NIFTYLOWVOL50,20191003,-,-,-,10060.50,106995797,0
NIFTY50VALUE20,20191003,5264.30,5299.35,5233.00,5272.80,736167048,0
NIFTY50TR2XLEV,20191003,6011.05,6060.90,5942.35,6002.20,-,0
NIFTY50PR2XLEV,20191003,4641.35,4679.85,4588.30,4634.50,-,0
NIFTY50TR1XINV,20191003,359.70,361.70,358.20,359.95,-,0
NIFTY50PR1XINV,20191003,409.30,411.60,407.60,409.60,-,0
NIFTY-GS-COMPSITE,20191003,2037.47,2045.52,2037.47,2043.81,-,0
NIFTY-GS-4-8YR,20191003,2119.44,2125.90,2119.44,2124.31,-,0
NIFTY-GS-8-13YR,20191003,2004.98,2013.60,2004.98,2011.85,-,0
NIFTY-GS-10YR,20191003,1850.30,1857.65,1850.30,1855.90,-,0
NIFTY-GS-10YR-CLN,20191003,949.97,953.80,949.97,952.89,-,0
NIFTY-GS-11-15YR,20191003,2133.57,2146.53,2133.57,2143.36,-,0
NIFTY-GS-15YRPLUS,20191003,2294.75,2312.91,2294.75,2305.95,-,0
VIX,20191003,16.76,18.05,16.42,17.70,0,0
