<ticker>,<date>,<open>,<high>,<low>,<close>,<volume>,<o/i>
20MICRONS,20191118,35.1,35.5,34.2,34.55,43425
21STCENMGM,20191118,14,14,13.7,13.75,1133
3IINFOTECH,20191118,1.9,1.95,1.85,1.9,736741
3MINDIA,20191118,22260,22465,22260,22390.35,581
3PLAND,20191118,5.95,6.2,5.95,6.2,336
5PAISA,20191118,157.75,158.5,154,154.75,5209
63MOONS,20191118,110,114.7,106,107.3,190363
A2ZINFRA,20191118,8.75,9,8.55,8.75,490862
AARTIDRUGS,20191118,529.1,529.1,515.05,523,10319
AARTIIND,20191118,814.85,840,805.25,834.8,137066
AARVEEDEN,20191118,13.5,13.5,12.25,12.8,5824
AAVAS,20191118,1627.75,1648,1621.05,1643.35,51794
ABAN,20191118,29.45,29.45,28,28.15,25822
ABB,20191118,1466.35,1474,1445,1455.65,33730
ABBOTINDIA,20191118,12450.1,13050,12401,12815.4,22583
ABCAPITAL,20191118,81.35,82.35,80.3,81.8,2087573
ABFRL,20191118,213,215.4,208.2,212.75,609509
ABSLBANETF,20191118,310,329.97,308.27,329.84,79
ACC,20191118,1490,1509.1,1486.2,1492.1,644344
ACCELYA,20191118,1111,1129,1060.2,1072.9,14481
ACE,20191118,83,83.95,81.6,82.05,236939
ADANIENT,20191118,203.8,205.6,200.1,201.15,2041767
ADANIGAS,20191118,146.8,147,146.15,146.35,316184
ADANIGREEN,20191118,95.95,96,93.65,94.05,643258
ADANIPORTS,20191118,366.3,367.45,364.1,365.65,1835202
ADANIPOWER,20191118,61,61.65,59.5,59.85,7928200
ADANITRANS,20191118,269.25,275.9,265.5,269.2,163193
ADFFOODS,20191118,304,306,295.7,297.25,59883
ADHUNIKIND,20191118,109.75,109.75,96.5,97.15,92244
ADLABS,20191118,3.75,3.75,3.45,3.45,56308
ADORWELD,20191118,315,322,310.25,315.3,9767
ADROITINFO,20191118,9.8,9.8,8.9,9.55,802
ADSL,20191118,16.3,17.8,15.6,17.25,122721
ADVANIHOTR,20191118,55,57,55,55.85,1086
ADVENZYMES,20191118,169.3,169.3,164.75,165.1,40983
AEGISCHEM,20191118,177.45,178.85,172.2,175.45,123183
AFFLE,20191118,1648.8,1675,1626.95,1636.65,140123
AGARIND,20191118,112.6,112.9,108.55,109.1,3518
AGCNET,20191118,132.85,132.85,123.7,123.9,6212
AGRITECH,20191118,43.7,44.7,43,43.6,7317
AGROPHOS,20191118,122.75,124.3,122.75,124.15,688388
AHLEAST,20191118,173.75,177.9,173.15,173.8,6333
AHLUCONT,20191118,283.9,283.9,273.6,274.6,1954
AHLWEST,20191118,274,278.4,268,272.5,1016
AIAENG,20191118,1648,1665.55,1639.35,1649.8,31066
AIONJSW,20191118,10.3,10.3,9.9,10,78896
AIRAN,20191118,11.5,11.5,10.8,11,6973
AJANTPHARM,20191118,970.6,984.5,966,972.75,42024
AJMERA,20191118,122,122.8,120.05,120.8,13462
AKASH,20191118,63.5,64.95,60.1,62.05,2015
AKSHARCHEM,20191118,194,218.95,194,205.85,5144
AKSHOPTFBR,20191118,6.6,6.6,6.4,6.45,168900
AKZOINDIA,20191118,1911,1934,1908.25,1920,5049
ALANKIT,20191118,15.4,15.4,14.15,14.4,45865
ALBERTDAVD,20191118,431,445.15,423.05,428.9,11397
ALBK,20191118,25.5,25.95,25.1,25.2,903946
ALCHEM,20191118,0.85,0.85,0.85,0.85,10
ALEMBICLTD,20191118,52.55,53.75,51.2,51.75,147875
ALICON,20191118,377.5,382.5,377,378.4,242
ALKALI,20191118,43.9,43.9,40.35,41.35,6387
ALKEM,20191118,2071.05,2110,2055,2099.75,98127
ALKYLAMINE,20191118,1029,1035,1006,1007.75,5394
ALLCARGO,20191118,95.05,95.95,95,95.2,46831
ALLSEC,20191118,276.6,287.95,276.55,279.7,3965
ALMONDZ,20191118,9.7,10.15,9.25,9.35,10539
ALOKTEXT,20191118,2.1,2.1,2.1,2.1,352338
ALPA,20191118,16,16.95,16,16.6,28152
ALPHAGEO,20191118,165,165.2,158,160.95,8999
ALPSINDUS,20191118,0.75,0.75,0.65,0.75,20740
AMARAJABAT,20191118,745.05,754,741.75,749.25,507565
AMBER,20191118,975,1004.95,972.35,1000.85,61832
AMBIKCO,20191118,884.1,890,881.25,887,3342
AMBUJACEM,20191118,202,204.15,200.3,201.2,1975524
AMDIND,20191118,16.7,17.65,16.5,16.7,1955
AMJLAND,20191118,18.6,19.4,18.6,18.95,16832
AMRUTANJAN,20191118,424,442,423.95,436.45,65877
ANANTRAJ,20191118,35,35,32.3,33.75,328481
ANDHRABANK,20191118,17.25,17.6,17.2,17.4,820749
ANDHRACEMT,20191118,2.85,2.85,2.65,2.75,27702
ANDHRSUGAR,20191118,290,298,288,295.85,20520
ANIKINDS,20191118,8.65,8.65,8.65,8.65,501
ANKITMETAL,20191118,0.7,0.7,0.6,0.65,73541
ANSALAPI,20191118,4.8,4.9,4.8,4.8,28671
ANSALHSG,20191118,6.1,6.1,6.1,6.1,62781
ANTGRAPHIC,20191118,0.6,0.65,0.55,0.65,40396
ANUP,20191118,484.5,492.95,471.2,488.8,17605
APARINDS,20191118,480.1,485.1,465.05,470.9,11920
APCL,20191118,146.1,156.4,145,148.65,7179
APCOTEXIND,20191118,163,163,160.1,160.65,14139
APEX,20191118,317.5,317.5,292.25,294.35,259212
APLAPOLLO,20191118,1519.9,1536.7,1492.55,1523.15,57887
APLLTD,20191118,556,561.4,544,547.9,36849
APOLLO,20191118,70.25,71.5,65,68.7,100826
APOLLOHOSP,20191118,1419,1428.6,1398.2,1403.95,783234
APOLLOPIPE,20191118,367.4,374.95,354.95,370.65,7449
APOLLOTYRE,20191118,168.65,170.25,167.1,169.15,2781990
APOLSINHOT,20191118,749,774,705.6,735.35,1515
APTECHT,20191118,160.9,163,159.1,160.7,133112
ARCHIDPLY,20191118,28.5,28.5,26,26.7,13237
ARCHIES,20191118,19.1,19.7,19.1,19.25,14088
ARCOTECH,20191118,2.6,2.6,2.6,2.6,17721
ARIES,20191118,70.2,70.6,66.1,66.8,64906
ARIHANT,20191118,29.25,31.45,27.25,27.65,5302
ARIHANTSUP,20191118,27.5,27.5,26.05,26.35,5655
ARMANFIN,20191118,565.2,570,550,556.9,2797
AROGRANITE,20191118,39.95,40,38,38.05,5126
ARROWGREEN,20191118,56.85,56.9,52.7,53,4220
ARROWTEX,20191118,11.5,11.5,9.5,9.8,23035
ARSHIYA,20191118,16.85,16.95,16.05,16.2,34729
ARSSINFRA,20191118,23.75,24.05,23.05,23.4,4404
ARVIND,20191118,49,49.5,47.6,47.8,736241
ARVINDFASN,20191118,364,370,356.1,360.95,52195
ARVSMART,20191118,94.95,95,90.1,92.3,8459
ASAHIINDIA,20191118,202,203.55,199.6,200.2,26113
ASAHISONG,20191118,143.95,145.8,139.35,141.6,3679
ASAL,20191118,32.85,32.85,31.05,31.5,4859
ASHAPURMIN,20191118,25,27.35,25,26.35,4432
ASHIANA,20191118,98.75,101,97.95,99,213639
ASHIMASYN,20191118,7.1,7.2,6.7,6.9,20866
ASHOKA,20191118,95.95,96.8,93.65,94.05,2261354
ASHOKLEY,20191118,80.2,82.6,78.8,82.15,25361242
ASIANHOTNR,20191118,94.05,98,94.05,95.25,505
ASIANPAINT,20191118,1760.7,1765.45,1734.5,1739,1273055
ASIANTILES,20191118,225.25,234,225.15,230.7,89197
ASPINWALL,20191118,137,144.5,136,144,4059
ASTEC,20191118,355.7,374,355.7,365.05,2609
ASTERDM,20191118,150.5,156.1,147.5,151.9,356180
ASTRAL,20191118,1087.5,1094,1067,1072.9,164573
ASTRAMICRO,20191118,76.9,79.1,76.2,76.8,76162
ASTRAZEN,20191118,2628,2673.95,2620.45,2633.35,9906
ASTRON,20191118,40,40,37.65,39.15,157756
ATFL,20191118,561.25,598.5,561.25,587.35,7973
ATLANTA,20191118,6.85,7,6.6,6.95,14657
ATLASCYCLE,20191118,51.5,54.8,51.5,52.35,3858
ATNINTER,20191118,0.2,0.25,0.2,0.25,26506
ATUL,20191118,4046.4,4072,4005.25,4033.2,7943
ATULAUTO,20191118,219,223.75,218.5,219.1,5035
AUBANK,20191118,803,812,792.1,800.2,227568
AURIONPRO,20191118,75.1,77.75,75,75.55,3003
AUROPHARMA,20191118,414.75,428.95,412.65,425.15,5806824
AUSOMENT,20191118,39.5,40.05,38.5,40.05,32238
AUTOAXLES,20191118,826.9,826.9,802,804.65,7011
AUTOIND,20191118,24.6,27.6,24.3,26.15,93512
AUTOLITIND,20191118,22.7,22.7,19.2,20.8,6230
AVADHSUGAR,20191118,246,249.2,235.95,236.75,60975
AVANTIFEED,20191118,542.95,544.35,506.6,509.35,576808
AVTNPL,20191118,28.95,29.95,28.75,29.2,151093
AXISBANK,20191118,717.8,725.5,712.2,722.95,7907958
AXISCADES,20191118,69.8,70.5,67.6,68.65,81712
AXISGOLD,20191118,3335.7,3359,3335.15,3340.2,185
AXISNIFTY,20191118,1231.92,1232.44,1220.09,1230.65,216
AYMSYNTEX,20191118,30.05,31.5,29.2,31.5,7297
BAGFILMS,20191118,2,2,2,2,87810
BAJAJ-AUTO,20191118,3225,3225,3146.75,3156.9,441118
BAJAJCON,20191118,243.55,244.2,236.35,237.5,266723
BAJAJELEC,20191118,322.8,322.95,312,318.4,230548
BAJAJFINSV,20191118,9065.5,9126,9015.45,9104.25,211760
BAJAJHIND,20191118,7.15,7.15,6.65,6.95,2366514
BAJAJHLDNG,20191118,3720.05,3733,3680.85,3701.9,106305
BAJFINANCE,20191118,4199,4209.55,4145.15,4154.9,927364
BALAJITELE,20191118,57.25,59.7,57.25,57.9,42134
BALAMINES,20191118,345.9,353.65,338,341.8,13010
BALAXI,20191118,75,75,70.4,74.95,782
BALKRISHNA,20191118,16.4,17.2,15.75,16.5,13071
BALKRISIND,20191118,866.1,866.1,837,848.35,754333
BALLARPUR,20191118,0.55,0.55,0.5,0.5,652281
BALMLAWRIE,20191118,190.55,191.8,188,188.65,107546
BALPHARMA,20191118,43.35,44.05,41.3,41.6,11567
BALRAMCHIN,20191118,148.5,149.4,142.4,143.1,784117
BANARBEADS,20191118,32,33.5,30.6,31.75,4323
BANARISUG,20191118,1186,1217.5,1185.95,1192.9,1084
BANCOINDIA,20191118,99.7,100.65,95,95.5,88380
BANDHANBNK,20191118,564,564.2,550,558.65,910990
BANG,20191118,16.5,16.95,16.05,16.8,1234
BANKBARODA,20191118,94.9,96.2,94.3,95.9,20091100
BANKBEES,20191118,3160,3184.49,3154,3157.04,13186
BANKINDIA,20191118,69.65,71.6,68.9,71.3,10705199
BANSWRAS,20191118,96.95,97.5,91,95.65,45972
BARTRONICS,20191118,1.65,1.7,1.65,1.65,6306
BASF,20191118,947,955.85,946,949.25,8708
BASML,20191118,125.05,128.95,121.5,127.35,5731
BATAINDIA,20191118,1732,1738.9,1698.6,1701.75,493578
BAYERCROP,20191118,3330.95,3610,3330.95,3586.75,34542
BBL,20191118,845.2,860,825,835.55,11248
BBTC,20191118,1179.7,1184.9,1141.2,1150.05,75200
BCG,20191118,3.1,3.2,3.1,3.2,391239
BCP,20191118,9.3,9.3,9,9.25,489058
BDL,20191118,332.05,336,321,324.25,56401
BEARDSELL,20191118,9.6,10.25,9.3,9.95,198
BEDMUTHA,20191118,12.25,13.85,12.1,12.8,11404
BEL,20191118,111.05,112.3,109.55,109.9,5911062
BEML,20191118,955.1,961.65,936.1,941.05,236434
BEPL,20191118,48.25,49.1,48,48.1,186006
BERGEPAINT,20191118,489.75,492.05,483.85,490.7,1263521
BFINVEST,20191118,315.35,329.95,315.3,324.7,69632
BFUTILITIE,20191118,268.25,277.75,262.65,265.1,146533
BGLOBAL,20191118,1.9,1.9,1.8,1.9,7015
BGRENERGY,20191118,31.6,31.6,27.75,28.45,89761
BHAGERIA,20191118,100,103.4,99.15,101.85,13248
BHAGYANGR,20191118,18.55,21.1,18.55,18.9,3096
BHAGYAPROP,20191118,21.9,21.9,19.15,19.4,3272
BHANDARI,20191118,1.2,1.2,1.1,1.15,108192
BHARATFORG,20191118,448.1,452.5,443.05,448.2,2101685
BHARATGEAR,20191118,74.9,75.85,70.55,72.35,16137
BHARATRAS,20191118,6600.05,6666.2,6400,6438.8,1842
BHARATWIRE,20191118,29.05,30.85,28.55,29.25,6579
BHARTIARTL,20191118,396,420.55,392.1,409.2,42661408
BHEL,20191118,54.5,54.8,53.6,53.95,10536197
BIGBLOC,20191118,24.9,25.75,24,24.6,524
BIL,20191118,159.05,169.8,159.05,168.95,2445
BILENERGY,20191118,1.35,1.35,1.35,1.35,23876
BINDALAGRO,20191118,10,10.5,10,10.35,11100
BIOCON,20191118,258.55,263,257.3,260.5,1470719
BIOFILCHEM,20191118,5.65,5.65,5.65,5.65,2281
BIRLACABLE,20191118,65.95,68,63.3,63.6,134476
BIRLACORPN,20191118,640.05,652,640.05,650.3,74141
BIRLAMONEY,20191118,32.9,33.75,32.65,33.15,36304
BKMINDST,20191118,0.65,0.7,0.65,0.7,97998
BLBLIMITED,20191118,3.35,3.7,3.3,3.65,488
BLISSGVS,20191118,139.05,139.65,136,136.7,104096
BLKASHYAP,20191118,9,9.85,8.95,9.85,37228
BLS,20191118,62.8,67.95,60.4,66.75,212872
BLUEBLENDS,20191118,0.7,0.7,0.7,0.7,100
BLUECOAST,20191118,1.65,1.75,1.65,1.75,693
BLUEDART,20191118,2179.5,2189.9,2152.55,2159.4,3272
BLUESTARCO,20191118,814.9,820,792,798.1,52000
BODALCHEM,20191118,66.5,68.3,66.25,67.6,115399
BOMDYEING,20191118,78.95,80.9,78.5,79.35,1270957
BOROSIL,20191118,193.55,196.55,189.05,190.2,41133
BOSCHLTD,20191118,15114.9,15155,14933,15048.85,11422
BPCL,20191118,520,528,517.25,521.75,17072336
BPL,20191118,19.5,19.5,18.85,19,63860
BRFL,20191118,4.1,4.1,3.85,4.1,11187
BRIGADE,20191118,214,218.65,212.6,214.45,94251
BRITANNIA,20191118,3203,3217.15,3126,3140.9,429862
BRNL,20191118,61.7,61.7,60.05,60.95,2763
BROOKS,20191118,30.35,32.6,30.35,31.45,10582
BSE,20191118,497.6,506,497.6,503.65,52598
BSELINFRA,20191118,1,1.1,1,1,27900
BSL,20191118,30,30.1,27.45,29.7,16950
BSLGOLDETF,20191118,3558.95,3584,3505,3506.1,175
BSLNIFTY,20191118,129.34,130.03,129.34,129.8,146
BSOFT,20191118,66.45,66.9,65.1,65.55,221538
BURNPUR,20191118,1.3,1.3,1.2,1.25,37631
BUTTERFLY,20191118,189,192.9,188.1,190.5,21192
BVCL,20191118,11.2,11.75,11,11.1,405
BYKE,20191118,18.9,20,18.9,19.3,10938
CADILAHC,20191118,236.5,246.8,236.25,241.5,2865890
CALSOFT,20191118,17.25,17.9,17,17.5,2979
CAMLINFINE,20191118,60,61.8,59.6,61.1,72862
CANBK,20191118,206.8,211.45,205.3,210.8,9063595
CANFINHOME,20191118,380.05,388.9,378.8,384,156182
CANTABIL,20191118,223,229,220.7,226.85,19687
CAPACITE,20191118,198.85,203.5,196,200.55,80340
CAPLIPOINT,20191118,371,373.95,340.6,354.35,124667
CARBORUNIV,20191118,312,312.25,304.5,305.05,73770
CAREERP,20191118,125,126.8,118.2,119.95,20839
CARERATING,20191118,508.95,508.95,496.25,498.6,110741
CASTEXTECH,20191118,0.5,0.55,0.5,0.5,57660
CASTROLIND,20191118,144.9,145.7,142.95,144.55,688092
CCHHL,20191118,3.55,3.55,3.4,3.4,20261
CCL,20191118,207.8,207.8,202.85,204.85,88335
CDSL,20191118,222,228.9,222,226.4,247291
CEATLTD,20191118,961,967.65,947,950.5,132463
CEBBCO,20191118,16.3,16.65,14.6,14.85,262947
CELEBRITY,20191118,6.75,7.05,6.45,6.85,83901
CELESTIAL,20191118,3.5,3.5,3.25,3.3,4131
CENTENKA,20191118,182.95,182.95,176,179.2,19729
CENTEXT,20191118,2.65,2.85,2.65,2.8,20136
CENTRALBK,20191118,21.15,22,20.75,20.95,1076112
CENTRUM,20191118,21.05,22.25,20.85,22.05,395308
CENTUM,20191118,387,389,378,386.65,1780
CENTURYPLY,20191118,174,178,170.1,171.3,216504
CENTURYTEX,20191118,418.35,450.4,418.2,448.3,3515787
CERA,20191118,2524.7,2524.7,2415,2442.65,2915
CEREBRAINT,20191118,22,24.75,21.8,23.75,1822314
CESC,20191118,758,766.5,747.95,761.55,269793
CESCVENT,20191118,310,324,295,311.3,21477
CGCL,20191118,197.7,202.9,195.5,201.05,421211
CGPOWER,20191118,15.8,15.95,14.7,14.95,889469
CHALET,20191118,348,361,340,358.45,31084
CHAMBLFERT,20191118,156.6,160.7,156.5,158.35,214402
CHEMFAB,20191118,168.15,172.75,165.2,166.9,1860
CHENNPETRO,20191118,140.4,141.35,139,139.6,120704
CHOLAFIN,20191118,331,333.55,325.6,329.85,2794209
CHOLAHLDNG,20191118,478.8,480,470.1,477.85,23839
CHROMATIC,20191118,0.45,0.45,0.45,0.45,14065
CIGNITITEC,20191118,320,322.5,306.8,321.1,106103
CIMMCO,20191118,22.4,22.4,20,20.95,16695
CINELINE,20191118,32.65,32.65,31.5,32.25,7625
CINEVISTA,20191118,9.5,9.85,8.95,9.35,25162
CIPLA,20191118,463,472,457.65,460.6,2847404
CKFSL,20191118,0.5,0.6,0.5,0.55,369491
CLEDUCATE,20191118,79.75,79.75,74.1,75.35,2911
CLNINDIA,20191118,311.4,317.4,310.75,314.15,49445
CMICABLES,20191118,59.6,59.6,59.6,59.6,5151
CNOVAPETRO,20191118,8.05,8.6,8,8.05,1980
COALINDIA,20191118,202,202,198.25,200.3,5894876
COCHINSHIP,20191118,403.65,411,402.25,405.95,78091
COFFEEDAY,20191118,47.95,47.95,47.95,47.95,233719
COLPAL,20191118,1581.65,1589.8,1535.9,1548.65,646917
COMPINFO,20191118,9.7,10,9.35,9.65,74561
COMPUSOFT,20191118,7.8,8,7.65,7.8,20191
CONCOR,20191118,577,577.85,565.75,569.15,1941042
CONFIPET,20191118,27.2,27.2,26.45,26.55,155402
CONSOFINVT,20191118,37,39.3,37,39.25,337
CONTROLPR,20191118,235,254,226.05,227.45,16674
CORALFINAC,20191118,11.25,11.25,10.5,11.05,2465
CORDSCABLE,20191118,42.5,44.3,42.05,42.65,3665
COROMANDEL,20191118,479.9,480,469.4,473.45,66726
CORPBANK,20191118,18.6,22.05,18.5,22.05,10361082
COSMOFILMS,20191118,229.4,234.8,227.5,234.15,32107
COUNCODOS,20191118,1.75,1.75,1.65,1.7,5301
COX&KINGS,20191118,1.5,1.6,1.5,1.5,4721697
CPSEETF,20191118,24.25,24.25,23.66,23.84,2146777
CREATIVE,20191118,73.5,73.65,70,70,14360
CREDITACC,20191118,780.75,799,761.25,793,152965
CREST,20191118,93,95.3,90.1,91.8,7192
CRISIL,20191118,1485,1514.2,1456.55,1503.25,265323
CROMPTON,20191118,260.05,268.2,259.55,264.8,3194286
CTE,20191118,27.95,28.35,27.2,27.55,4701
CUB,20191118,213,216.8,209.85,214.5,1748154
CUBEXTUB,20191118,12.65,13.15,12.1,12.15,538
CUMMINSIND,20191118,565.95,567.7,554.25,557.2,189922
CUPID,20191118,202.9,207,202.85,204.4,74743
CURATECH,20191118,1.75,1.75,1.75,1.75,250
CYBERMEDIA,20191118,3.05,3.35,3.05,3.3,8440
CYBERTECH,20191118,49.4,50.25,49,49.4,5121
CYIENT,20191118,400,400,393.15,396.6,44781
DAAWAT,20191118,24.15,24.3,23.55,23.75,295909
DABUR,20191118,461.7,462.85,452.2,455.1,1318573
DALBHARAT,20191118,834,840,828,831.6,61500
DALMIASUG,20191118,90.05,90.55,86.5,86.75,71711
DAMODARIND,20191118,25.75,27.3,25.75,27.3,618
DATAMATICS,20191118,73.05,74.05,73,73.75,14195
DBCORP,20191118,142,142.75,140.4,142.25,13940
DBL,20191118,399,409,399,404.1,175715
DBREALTY,20191118,7.6,7.8,7.6,7.6,146134
DBSTOCKBRO,20191118,9.45,9.8,9.45,9.45,1837
DCAL,20191118,121.5,124.4,120.4,121.25,115924
DCBBANK,20191118,183.65,183.9,175,180.15,847085
DCM,20191118,20.9,20.9,19.95,19.95,2656
DCMFINSERV,20191118,0.85,0.85,0.85,0.85,50
DCMNVL,20191118,29.8,29.95,28,29.9,4812
DCMSHRIRAM,20191118,316.8,331.15,316.8,324.6,140243
DCW,20191118,14.45,14.65,13.9,13.95,193709
DECCANCE,20191118,340,340,318.4,322.05,31762
DEEPAKFERT,20191118,96.5,104.5,96,103.35,627841
DEEPAKNTR,20191118,353.8,361.95,353.45,358.35,241905
DEEPIND,20191118,108,108,102,102.6,52042
DELTACORP,20191118,190.9,194.75,186,192.55,1185615
DELTAMAGNT,20191118,37.45,37.45,37.45,37.45,30
DEN,20191118,40.5,40.5,37.5,38.05,96944
DENORA,20191118,245,245,225.1,226.65,4635
DFMFOODS,20191118,246,247.35,246,246.15,9296
DGCONTENT,20191118,3.95,3.95,3.65,3.65,241174
DHAMPURSUG,20191118,189.25,191.35,165.6,174.95,685852
DHANBANK,20191118,15.15,15.15,14.75,14.9,201137
DHANUKA,20191118,329.75,334.8,323,328.2,27710
DHARSUGAR,20191118,7.55,8.2,7.55,7.95,5096
DHFL,20191118,22.05,22.05,22.05,22.05,484848
DHUNINV,20191118,212,220,212,217.9,556
DIAMONDYD,20191118,932.55,932.55,906,911.95,1540
DICIND,20191118,315.55,329.75,315.35,316.35,696
DIGISPICE,20191118,6.5,6.5,6.05,6.35,1204
DISHTV,20191118,14,14.75,13.85,14.5,57575798
DIVISLAB,20191118,1750.5,1763.45,1720.45,1735.95,546681
DIXON,20191118,3319.85,3397,3315,3344.9,75481
DLF,20191118,211.85,218.45,211.3,216,12188767
DLINKINDIA,20191118,91.95,93.5,89.7,89.85,11731
DMART,20191118,1871,1871,1805,1829.45,797539
DNAMEDIA,20191118,0.35,0.4,0.35,0.4,50403
DOLAT,20191118,63.5,67.25,62.7,66.75,158565
DOLLAR,20191118,158.05,161.95,157,157.35,6127
DONEAR,20191118,29.7,30.5,29.15,29.5,8786
DPSCLTD,20191118,9,9.5,8.6,8.75,34667
DQE,20191118,2.5,2.5,2.4,2.45,692
DREDGECORP,20191118,319.9,324.45,318.55,319.8,105171
DRREDDY,20191118,2733,2759,2732,2737,422773
DSSL,20191118,27.9,30.7,26.35,26.6,166353
DTIL,20191118,179.7,190.3,178.65,180.95,8681
DUCON,20191118,5.35,5.35,5.35,5.35,3899
DVL,20191118,72.3,74.8,68.65,70.2,8263
DWARKESH,20191118,25.05,25.3,24.9,25,176121
DYNAMATECH,20191118,1112,1125,1099.95,1111.85,2347
DYNPRO,20191118,145.8,149.9,137.55,148.4,67091
EASTSILK,20191118,0.65,0.7,0.6,0.7,16461
ECLERX,20191118,444.95,444.95,432,433.9,21859
EDELWEISS,20191118,132.1,132.1,127.5,129,1215573
EICHERMOT,20191118,21429,21580,21250,21477.4,69466
EIDPARRY,20191118,193.8,203.7,190,196.5,518797
EIHAHOTELS,20191118,293.1,299.75,292,295.45,1384
EIHOTEL,20191118,148.4,153.45,146.2,151.4,154150
EIMCOELECO,20191118,291.2,308,291.2,304.15,239
EKC,20191118,23.95,24,22.5,22.6,115019
ELECON,20191118,34.25,35.1,34,34.25,33069
ELECTCAST,20191118,12.85,13,12.55,12.65,94270
ELECTHERM,20191118,137.1,143.55,137.05,139.55,3683
ELGIEQUIP,20191118,256,261,256,259,6389
ELGIRUBCO,20191118,17.8,17.8,16.5,17,55
EMAMILTD,20191118,315.3,318.1,312.5,316.05,128718
EMAMIPAP,20191118,72.45,72.45,71.1,71.1,279
EMAMIREAL,20191118,42.1,46.1,42.1,44,3042
EMCO,20191118,0.7,0.75,0.65,0.65,25263
EMKAY,20191118,68.1,74.5,67.1,67.6,8262
EMMBI,20191118,107.5,107.5,95.3,103.35,40643
ENDURANCE,20191118,1056,1082.35,1031.85,1039.85,9703
ENERGYDEV,20191118,5.25,5.25,4.95,5.1,11622
ENGINERSIN,20191118,102.55,103.85,102.25,102.85,605346
ENIL,20191118,238.25,247.7,233.15,236.25,221994
EON,20191118,16.2,17.65,16.1,16.15,25546
EQ30,20191118,345,345,343,343,20
EQUITAS,20191118,86.25,90.8,86.25,88.6,4109627
ERIS,20191118,422,424,409.55,412.5,364306
EROSMEDIA,20191118,14.75,15.3,14.25,14.75,195381
ESABINDIA,20191118,1212.1,1219.15,1189,1195.6,3913
ESCORTS,20191118,651,665.5,651,659.65,1061773
ESSARSHPNG,20191118,7.4,7.75,7.2,7.55,8208
ESSELPACK,20191118,135,140,132.5,136.85,367303
ESTER,20191118,36.45,36.45,33.3,33.7,38712
EUROMULTI,20191118,0.4,0.45,0.35,0.35,13046
EUROTEXIND,20191118,11.85,11.85,11.85,11.85,4
EVEREADY,20191118,53,53.85,52.3,52.8,68297
EVERESTIND,20191118,273,275.8,260.35,268.35,50375
EXCEL,20191118,1,1,0.95,1,46397
EXCELINDUS,20191118,888,888,840.15,850.6,10537
EXIDEIND,20191118,189.5,191.95,186.75,189.8,1502657
EXPLEOSOL,20191118,275,275,271,272.2,4607
FACT,20191118,41.55,42,39.75,40.35,387853
FAIRCHEM,20191118,487.95,492,475.75,477.7,14981
FCL,20191118,29.6,29.85,28.5,28.85,101780
FCONSUMER,20191118,23.05,23.45,22.7,22.9,635611
FCSSOFT,20191118,0.2,0.25,0.2,0.25,535290
FDC,20191118,187,199,184,193.9,1142876
FEDERALBNK,20191118,84.45,87.4,84.3,86.9,13252237
FEL,20191118,22.6,23.05,22.3,22.65,98108
FELDVR,20191118,22,22.7,21.5,21.55,7212
FIEMIND,20191118,365,373.35,364,370.8,3715
FILATEX,20191118,37.8,37.8,36.1,37.3,429550
FINCABLES,20191118,356.45,360,352,356.05,23704
FINEORG,20191118,1968,2048,1939.95,2026.95,22372
FINPIPE,20191118,567.35,577,564.5,574.85,31110
FLEXITUFF,20191118,3.6,3.6,3.35,3.35,13176
FLFL,20191118,400,413.4,395,395.5,24807
FLUOROCHEM,20191118,545,547.8,495.15,531.9,73289
FMGOETZE,20191118,594,596,580.2,591.2,4863
FMNL,20191118,28.8,29.85,27.7,29.8,8332
FORCEMOT,20191118,1023.7,1052,1016.3,1025.1,33538
FORTIS,20191118,138.55,143.8,134.4,142.75,7728031
FOSECOIND,20191118,1323.1,1350,1315,1321.6,563
FRETAIL,20191118,330,338.1,327.05,331.7,131175
FSC,20191118,493.15,506.8,492.1,496,2188
FSL,20191118,41.95,41.95,40.4,40.7,1573225
GABRIEL,20191118,117,131.95,116.5,130.25,1339174
GAEL,20191118,131.75,142.4,131.75,140.75,71374
GAIL,20191118,123.7,125.25,121.75,124.8,9735179
GAL,20191118,1.85,1.95,1.85,1.85,4858
GALAXYSURF,20191118,1550,1579.9,1536.65,1575.1,15074
GALLANTT,20191118,26.05,26.45,25.6,25.8,4447
GALLISPAT,20191118,19.8,22.9,19.05,20.95,33249
GAMMNINFRA,20191118,0.3,0.3,0.25,0.25,1091718
GANDHITUBE,20191118,291.75,296.3,291,292,563
GANECOS,20191118,248.8,253.9,243.7,249.6,5170
GANESHHOUC,20191118,31.95,32.8,31.45,31.8,19418
GANGESSECU,20191118,38.1,41.25,38,40,93
GARDENSILK,20191118,10.8,10.9,10.65,10.75,9999
GARFIBRES,20191118,1130.2,1170,1130.2,1161.3,2533
GATI,20191118,57,58.85,56.05,56.9,334222
GAYAHWS,20191118,0.25,0.3,0.2,0.3,160712
GAYAPROJ,20191118,97.85,98.05,86.65,87.45,701448
GBGLOBAL,20191118,11.4,11.4,11.4,11.4,20
GDL,20191118,88.7,89.9,85.4,87.45,323608
GEECEE,20191118,82.1,84.9,81.5,82.05,1889
GENESYS,20191118,71.35,76,70.05,71.3,5881
GENUSPAPER,20191118,5.15,5.15,5,5.05,29973
GENUSPOWER,20191118,23.35,25.15,23.25,25,356902
GEOJITFSL,20191118,28.55,29.5,28.55,29.35,87529
GEPIL,20191118,707.3,707.3,686.45,700.85,8177
GESHIP,20191118,300.25,302.5,297,299.9,320503
GET&D,20191118,172,179,171.05,173.6,12089
GFLLIMITED,20191118,72,73.9,70.85,70.85,293297
GFSTEELS,20191118,4.35,4.35,4.35,4.35,598
GHCL,20191118,208.35,208.35,205.9,206.7,33617
GICHSGFIN,20191118,148.2,149.5,146.25,147.2,45778
GICRE,20191118,258.1,260.75,244.55,245.45,384627
GILLANDERS,20191118,28.5,28.5,27.35,28,5005
GILLETTE,20191118,7107,7145,7000,7014.8,6058
GINNIFILA,20191118,8.2,8.65,8.2,8.45,6173
GIPCL,20191118,66.05,67.35,66,66.95,85868
GKWLIMITED,20191118,735,746,723.6,729.6,39
GLAXO,20191118,1600,1635,1595,1628.4,50654
GLENMARK,20191118,310.4,369.85,310.4,365.55,39631542
GLFL,20191118,0.95,0.95,0.95,0.95,1
GLOBALVECT,20191118,51.95,51.95,45.15,47.75,9151
GLOBOFFS,20191118,5.9,6.15,5.75,6.15,13411
GLOBUSSPR,20191118,135.2,142,133.05,135.8,128491
GMBREW,20191118,402.2,417.3,400.1,401.7,43065
GMDCLTD,20191118,59.85,60.7,58.8,59.1,174598
GMMPFAUDLR,20191118,1730,1770,1710,1731.6,29078
GMRINFRA,20191118,21.5,21.85,21.25,21.3,12613476
GNA,20191118,273.5,273.5,266,266.65,14165
GNFC,20191118,191.2,196.8,190.45,193.45,144823
GOACARBON,20191118,220,220,211,212.8,5651
GOCLCORP,20191118,281.85,286.75,279,285.1,103352
GODFRYPHLP,20191118,1214,1242.05,1165,1170.5,107453
GODREJAGRO,20191118,470.75,476.45,465.35,472.6,30733
GODREJCP,20191118,710.65,732.8,705.2,717.3,488224
GODREJIND,20191118,443,451,440,441.85,93060
GODREJPROP,20191118,907,907.05,885,890.2,457987
GOKEX,20191118,79.3,80.65,75.4,75.9,88794
GOKUL,20191118,12.55,13.25,12.55,12.65,3061
GOKULAGRO,20191118,13.7,13.85,13.05,13.05,7698
GOLDBEES,20191118,3352.95,3359.75,3340,3343,11904
GOLDENTOBC,20191118,35.55,38.45,35.5,35.6,3269
GOLDIAM,20191118,132.3,138.9,127,132.15,51659
GOLDSHARE,20191118,3370,3399.95,3360,3361.15,688
GOLDTECH,20191118,10.3,10.3,9.05,9.2,10436
GOODLUCK,20191118,49.9,49.9,45.55,46.95,28490
GPIL,20191118,139,149.8,137,147.85,53453
GPPL,20191118,84.95,84.95,83.65,84.4,50563
GPTINFRA,20191118,45,45,41.55,42.5,1293
GRANULES,20191118,123,129.35,123,128.25,1935072
GRAPHITE,20191118,298.2,304,293.3,295.2,1092814
GRASIM,20191118,750,785.9,750,769.5,4178751
GRAVITA,20191118,43.95,43.95,41.25,42.2,41180
GREAVESCOT,20191118,138.6,139.85,136.3,136.85,217172
GREENLAM,20191118,977.4,995,961,978.15,2070
GREENPANEL,20191118,45.65,47,42,46.15,99444
GREENPLY,20191118,162.45,164.05,159.65,160.05,37883
GREENPOWER,20191118,1.75,1.8,1.7,1.8,180920
GRINDWELL,20191118,605,609,595,599.4,118137
GROBTEA,20191118,299.95,302,280.25,302,169
GRPLTD,20191118,802.4,811,755.1,772.5,113
GRSE,20191118,224.25,242,221.5,236.85,658349
GSCLCEMENT,20191118,18.7,20.4,18.7,19.95,84293
GSFC,20191118,71.7,71.75,70.3,70.45,347705
GSKCONS,20191118,8842,8907.5,8753.45,8817.3,11908
GSPL,20191118,221.6,222.2,218.9,220.15,706231
GSS,20191118,33.7,35.4,33.7,34.45,11046
GTL,20191118,1.35,1.4,1.3,1.4,134304
GTLINFRA,20191118,0.45,0.45,0.4,0.4,1719484
GTNIND,20191118,5.1,6.1,5.1,6.1,7980
GTNTEX,20191118,6.55,6.55,6.55,6.55,2897
GTPL,20191118,67,70,65.3,66.95,22735
GUFICBIO,20191118,68.3,69,67.45,68.3,19432
GUJALKALI,20191118,417.25,420.6,411.05,413.05,18130
GUJAPOLLO,20191118,129,129,125.5,127.9,3696
GUJGASLTD,20191118,194.75,195.75,193,193.65,328976
GULFOILLUB,20191118,869.95,883.15,857,860.95,6682
GULFPETRO,20191118,40.75,40.75,39.3,39.7,9700
GULPOLY,20191118,41.5,41.5,39,39.2,3131
GVKPIL,20191118,4.3,4.45,4.25,4.4,1187781
HAL,20191118,800.3,815,793,797.3,13750
HARITASEAT,20191118,447.05,461,427,429,7339
HARRMALAYA,20191118,48.5,48.6,47.8,48,13207
HATHWAY,20191118,19.9,20.3,19.9,20.1,89055
HATSUN,20191118,585,594.55,582.8,589.8,105918
HAVELLS,20191118,673.3,677.25,663.05,667.35,874088
HAVISHA,20191118,0.65,0.65,0.65,0.65,210
HBLPOWER,20191118,16.4,17.2,16,16.3,137828
HBSL,20191118,6.35,6.6,6.35,6.6,84
HCC,20191118,8.75,8.85,8.3,8.5,1680186
HCG,20191118,114,114.9,111.25,113,5414
HCL-INSYS,20191118,7.95,8.85,7.75,8.85,2363707
HCLTECH,20191118,1148,1149.7,1138.8,1141.1,1242157
HDFC,20191118,2222.5,2240.85,2210,2236.3,2249585
HDFCAMC,20191118,3496,3497,3435.1,3447.2,522942
HDFCBANK,20191118,1277,1279.45,1258.7,1262.05,4565146
HDFCLIFE,20191118,574.95,574.95,567.5,570.45,3112232
HDFCMFGETF,20191118,3445.05,3446,3427.05,3428.8,1120
HDFCNIFETF,20191118,1249,1253,1245.43,1252.25,265
HDFCSENETF,20191118,4300,4300,4219.31,4219.31,34
HDIL,20191118,2.4,2.4,2.2,2.4,10879451
HEG,20191118,1030,1037,1000,1005.15,273290
HEIDELBERG,20191118,187.6,189.95,186.5,187.75,136573
HERCULES,20191118,93,93,91.5,91.95,9658
HERITGFOOD,20191118,324.2,325,317,321.85,10387
HEROMOTOCO,20191118,2546,2552.5,2496.75,2502.9,808951
HESTERBIO,20191118,1599.95,1623.55,1575.15,1589.75,5124
HEXATRADEX,20191118,11.25,11.35,10.45,10.55,13657
HEXAWARE,20191118,334.95,338,334.25,336.9,358843
HFCL,20191118,17.2,17.65,17.05,17.1,1610935
HGINFRA,20191118,252.8,254,228.05,247.6,201058
HGS,20191118,620,628.95,606.65,611,2536
HIKAL,20191118,113,114.55,111.75,113.25,132203
HIL,20191118,1232,1267.8,1193.05,1249,52649
HILTON,20191118,17.95,17.95,17.95,17.95,16392
HIMATSEIDE,20191118,131,132.5,128.1,128.9,62527
HINDALCO,20191118,188.55,194.85,187.2,193.6,8873375
HINDCOMPOS,20191118,172.55,174.95,166,167.45,1250
HINDCOPPER,20191118,37.45,38.15,37.15,37.7,637488
HINDMOTORS,20191118,5.75,5.75,5.5,5.65,84374
HINDNATGLS,20191118,31.05,31.05,29.5,29.5,6237
HINDOILEXP,20191118,94,94.7,93.5,93.85,111355
HINDPETRO,20191118,293.9,296.45,287.1,290.15,6854901
HINDSYNTEX,20191118,2.6,2.7,2.6,2.7,60
HINDUNILVR,20191118,2059.8,2075.35,2038,2056.2,1200573
HINDZINC,20191118,209.9,213,207.8,210.75,509636
HIRECT,20191118,215,240.85,208.9,231.95,275831
HISARMETAL,20191118,52.7,54.55,50.3,52.1,3165
HITECH,20191118,151,152.05,136,143.9,24498
HITECHCORP,20191118,90.2,93,89.9,90,384
HITECHGEAR,20191118,178.05,184.4,176.2,178.4,33755
HMVL,20191118,79,79,75.3,75.95,13547
HNDFDS,20191118,640,661.95,618.1,636.95,1023
HNGSNGBEES,20191118,3499.99,3626,3139,3349.99,278
HONAUT,20191118,27335,27480,26840.05,27058.25,1470
HONDAPOWER,20191118,1246.15,1325,1246.15,1305.6,10893
HOTELEELA,20191118,7.5,7.65,7.5,7.55,101641
HOTELRUGBY,20191118,1.15,1.15,1.15,1.15,10
HOVS,20191118,50.95,50.95,46,48.45,14817
HPL,20191118,41.65,42.7,41.1,42.05,14695
HSCL,20191118,65,65.1,63.5,63.8,292779
HSIL,20191118,47.7,48.9,44.75,47.75,175184
HTMEDIA,20191118,16.75,16.75,15.55,15.95,73960
HUBTOWN,20191118,13.1,13.4,12.65,13.1,39805
HUDCO,20191118,43.5,43.85,42.5,42.65,1239802
IBMFNIFTY,20191118,117.49,118.9,116.5,116.5,93
IBREALEST,20191118,72.3,73.5,69.05,70,1770797
IBULHSGFIN,20191118,205,215.7,200.5,208.7,41305424
IBULISL,20191118,73.5,73.5,73.5,73.5,19428
IBVENTURES,20191118,147,148,141.7,145.15,603901
ICICI500,20191118,156.93,157.05,155.86,155.86,21615
ICICIB22,20191118,35.14,35.14,34.8,35.01,296528
ICICIBANK,20191118,498.75,504.45,496.65,498.35,22910109
ICICIBANKN,20191118,314,314,310.7,311.39,107523
ICICIBANKP,20191118,171.05,172.15,170.16,171.91,10292
ICICIGI,20191118,1381,1399.75,1345.05,1353.25,444173
ICICIGOLD,20191118,34.1,34.95,34.1,34.5,12981
ICICILIQ,20191118,999.99,1000,999.99,1000,21716
ICICILOVOL,20191118,94.3,94.37,91.33,91.39,1909
ICICIMCAP,20191118,67,67,64.05,65.28,38033
ICICINF100,20191118,130,130,128.22,128.22,1419
ICICINIFTY,20191118,126,126,120,125.26,82245
ICICINV20,20191118,58.05,58.77,56.73,57,7093
ICICINXT50,20191118,28,28.6,28,28.34,21736
ICICIPRULI,20191118,522.5,528.95,517.65,520.65,1873461
ICICISENSX,20191118,430.96,431,427.47,429.83,248
ICIL,20191118,53.9,53.9,51.4,51.7,64416
ICRA,20191118,2730.2,2730.2,2675,2680.7,168
IDBI,20191118,33.15,33.4,32.55,32.85,2301925
IDBIGOLD,20191118,3485.05,3520,3485,3490.1,18
IDEA,20191118,3.95,4.55,3.9,4.45,553187407
IDFC,20191118,34.9,35.3,34.4,34.55,873664
IDFCFIRSTB,20191118,42.05,43.25,42.05,42.5,10246687
IDFNIFTYET,20191118,123,124.24,120,120,50
IEX,20191118,143,144.85,141.25,143.1,494690
IFBAGRO,20191118,420,424.95,405.5,412.35,3898
IFBIND,20191118,730,740,705.05,712.9,6437
IFCI,20191118,7.3,7.3,7.15,7.2,1130118
IFGLEXPOR,20191118,144.05,149.05,143,144.05,8654
IGARASHI,20191118,245.25,245.5,232.2,244.05,60733
IGL,20191118,424.5,424.5,413,417.25,2167664
IGPL,20191118,144.5,147,141.05,145.1,11374
IIFL,20191118,156.75,159.25,150.25,155.05,224010
IIFLSEC,20191118,25.5,25.8,25.05,25.2,246527
IIFLWAM,20191118,1209.05,1234,1209.05,1216.3,3843
IITL,20191118,61,61,60.05,60.05,4
IMFA,20191118,199.55,206.5,190.95,200.2,72803
IMPAL,20191118,602.55,604.7,596,601.15,4818
IMPEXFERRO,20191118,0.25,0.3,0.25,0.3,1070
INDBANK,20191118,6.8,7.1,6.7,6.85,96455
INDHOTEL,20191118,154.6,155.4,152.5,154.35,326937
INDIACEM,20191118,83,83.05,79.65,79.75,1630306
INDIAGLYCO,20191118,230.25,231.35,224,225.2,48760
INDIAMART,20191118,1930,1966,1900.25,1916.05,27453
INDIANB,20191118,117.05,120,117.05,118.95,1128909
INDIANCARD,20191118,115,119.9,108.6,109.1,96
INDIANHUME,20191118,220,224,212,222.25,19267
INDIGO,20191118,1475,1486.9,1454.45,1460,997063
INDLMETER,20191118,23.25,23.25,21.8,21.8,2150
INDNIPPON,20191118,324.95,326.35,320,320.55,2109
INDOCO,20191118,144.75,151.8,144.75,147.25,156465
INDORAMA,20191118,25.85,25.85,24.7,25.6,8033
INDOSTAR,20191118,182.25,184.95,180.75,181.8,41727
INDOTECH,20191118,117.7,117.7,109.55,112.5,28360
INDOTHAI,20191118,22.2,22.95,22.1,22.35,3821
INDOWIND,20191118,3,3,2.85,2.9,25342
INDRAMEDCO,20191118,43.75,47.75,43.65,46.05,1363827
INDSWFTLAB,20191118,29.7,29.7,27.9,28.25,34681
INDSWFTLTD,20191118,3.85,3.85,3.7,3.7,2750
INDTERRAIN,20191118,70.05,71.05,68.05,69.25,1094
INDUSINDBK,20191118,1361.4,1379.9,1359.5,1374.4,2034198
INEOSSTYRO,20191118,653.7,681.85,653.65,675.3,8309
INFIBEAM,20191118,44.6,45,43.4,44.15,1222027
INFOBEAN,20191118,60.8,68.95,60.8,67.25,6779
INFRABEES,20191118,335,337.06,334,334.45,354
INFRATEL,20191118,226,233.75,221.95,226.8,16131688
INFY,20191118,705,710,699.3,705.2,7490916
INGERRAND,20191118,624,632,616.15,625.8,18118
INOXLEISUR,20191118,361.2,364.65,358.05,359.05,89791
INOXWIND,20191118,33.15,33.45,32.8,33,25137
INSECTICID,20191118,535,542.4,525,538.8,7598
INSPIRISYS,20191118,39.65,40.85,39.35,39.5,9172
INTEGRA,20191118,0.25,0.25,0.25,0.25,20000
INTELLECT,20191118,145.1,145.95,142.15,142.75,148087
INTENTECH,20191118,29.4,31.9,29.4,29.75,3174
INVENTURE,20191118,13.05,13.2,13,13.05,22522
IOB,20191118,9.9,10.1,9.85,9.9,636029
IOC,20191118,132,133.2,131.2,132.55,7987701
IOLCP,20191118,186,188.7,179.55,180.9,331273
IPAPPM,20191118,307,307,300.1,304.9,3907
IPCALAB,20191118,1115,1175.9,1097.25,1159.7,331664
IRB,20191118,71.75,72.2,70.4,70.7,374713
IRCON,20191118,410.05,411.85,395.25,403.05,164351
IRCTC,20191118,934.1,937.9,917.05,922.15,1144000
ISEC,20191118,319.6,319.6,305,307.35,121601
ISFT,20191118,87.15,87.15,78.85,78.85,7702
ISMTLTD,20191118,3.85,4.2,3.85,4.1,30546
ITC,20191118,251.45,252.25,248.75,250.75,7864919
ITDC,20191118,364.9,365.05,348.5,351.75,97082
ITDCEM,20191118,52.7,54.85,51.3,54.85,174839
ITI,20191118,88.6,89.35,87.4,88.15,849128
IVC,20191118,3.5,3.8,3.5,3.65,113181
IVP,20191118,62.85,62.85,60.2,60.2,318
IVZINGOLD,20191118,3430,3430,3430,3430,2
IVZINNIFTY,20191118,1264.3,1264.3,1264.3,1264.3,45
IZMO,20191118,32.5,32.5,29.55,29.55,15540
J&KBANK,20191118,31.45,31.85,31.05,31.65,367893
JAGRAN,20191118,52,52.65,48.65,49.05,1126284
JAGSNPHARM,20191118,26.05,26.95,25.25,26,2939
JAIBALAJI,20191118,19.3,20.95,19.3,19.8,946
JAICORPLTD,20191118,100.05,100.2,96.4,96.9,1261675
JAINSTUDIO,20191118,1.75,1.8,1.75,1.8,591
JAMNAAUTO,20191118,45.75,46,44.1,44.35,527884
JASH,20191118,141.7,141.7,126.1,128.85,6316
JAYAGROGN,20191118,131.95,132,128.7,130.3,2417
JAYBARMARU,20191118,222.6,223.9,218.85,221.25,216184
JAYNECOIND,20191118,3.65,3.75,3.5,3.5,15808
JAYSREETEA,20191118,47.1,47.65,46.3,46.4,36586
JBCHEPHARM,20191118,396.05,398.9,394.05,396.8,97334
JBFIND,20191118,7.2,7.2,6.7,6.75,47474
JBMA,20191118,225.1,228.95,222.4,223.95,27655
JCHAC,20191118,1876.05,2049.7,1876.05,2014.05,5318
JHS,20191118,15.8,16.1,15.4,15.5,27773
JIKIND,20191118,0.3,0.4,0.3,0.35,20834
JINDALPHOT,20191118,12.2,13.4,12.2,13.2,2653
JINDALPOLY,20191118,227.1,234.6,226.05,233.8,8946
JINDALSAW,20191118,80.5,82.1,79.75,80.1,313018
JINDALSTEL,20191118,144.4,147,142.25,145.45,16277768
JINDCOT,20191118,1.85,1.85,1.75,1.75,2300
JINDRILL,20191118,78.25,78.5,75.5,77.35,9027
JINDWORLD,20191118,62.4,63,60,60.45,150062
JISLDVREQS,20191118,9.75,9.9,9.35,9.55,20410
JISLJALEQS,20191118,12.05,12.05,12.05,12.05,309077
JITFINFRA,20191118,6.2,6.7,6.1,6.2,14057
JIYAECO,20191118,34.2,34.7,33.65,34,90879
JKCEMENT,20191118,1159.8,1169,1156.5,1165.95,22115
JKIL,20191118,161.4,162.9,157.25,158.95,394662
JKLAKSHMI,20191118,300.5,301.8,292.3,293.1,207914
JKPAPER,20191118,115.45,116.7,113.25,114.05,468930
JKTYRE,20191118,70.8,70.95,68.4,68.9,515798
JMA,20191118,24,25.4,23.55,23.55,443
JMCPROJECT,20191118,107.8,107.85,105.5,107.5,149189
JMFINANCIL,20191118,94.7,95.5,92.55,94.55,681228
JMTAUTOLTD,20191118,1.35,1.45,1.35,1.35,73994
JOCIL,20191118,103.4,108,101.3,104.7,4866
JPASSOCIAT,20191118,2.1,2.15,2.1,2.1,2847881
JPINFRATEC,20191118,1.15,1.25,1.15,1.25,3471396
JPOLYINVST,20191118,11.4,11.4,11.35,11.35,2805
JPPOWER,20191118,1.1,1.15,1.05,1.1,3268608
JSL,20191118,35.85,38.5,35.2,37.2,736861
JSLHISAR,20191118,68.7,72.75,68.7,71.25,259039
JSWENERGY,20191118,71.2,72.4,69.2,70.5,468287
JSWHL,20191118,2534,2540,2367,2380,1185
JSWSTEEL,20191118,245.9,251.15,244.8,249.6,4846338
JTEKTINDIA,20191118,86.95,87.9,85.1,87.35,87738
JUBILANT,20191118,490,501.55,488,494.3,136533
JUBLFOOD,20191118,1622.75,1622.75,1579.2,1586.5,657954
JUBLINDS,20191118,97.25,103.1,97.2,103.1,15856
JUMPNET,20191118,74.9,75.75,72.4,74,1767212
JUNIORBEES,20191118,290.55,294.5,290.55,292.41,121906
JUSTDIAL,20191118,507,537.45,507,526.65,5482927
JYOTHYLAB,20191118,179,184,178.8,182.25,406061
KABRAEXTRU,20191118,69.55,70.35,64.25,65.75,8258
KAJARIACER,20191118,524.4,524.4,512.1,514.85,154030
KAKATCEM,20191118,151.4,155,151.4,153.85,5970
KALPATPOWR,20191118,448,455,445.4,448,58757
KALYANIFRG,20191118,160.9,161,160.9,160.9,192
KAMATHOTEL,20191118,36.35,36.35,35,35.35,20573
KAMDHENU,20191118,104,108.95,103.3,104.1,9926
KANANIIND,20191118,2.8,3.2,2.8,3.15,800
KANORICHEM,20191118,40.95,40.95,38.05,38.7,22868
KANSAINER,20191118,550.4,557.45,540.1,544.35,110678
KARDA,20191118,151.85,152.9,149.15,151.7,35393
KARMAENG,20191118,11.15,11.15,10.2,11.15,8173
KARURVYSYA,20191118,57.85,58.4,57.05,57.15,285070
KAUSHALYA,20191118,0.55,0.55,0.5,0.5,75
KAVVERITEL,20191118,2.35,2.35,2.35,2.35,20
KAYA,20191118,371,378.95,370.55,373.75,3276
KCP,20191118,62.2,62.2,57.8,61.1,42257
KCPSUGIND,20191118,13.05,13.5,12.85,13.1,97092
KDDL,20191118,314,350,314,338.65,3409
KEC,20191118,280.35,283.5,276.65,278.7,161878
KECL,20191118,10.35,11.35,10.35,11.35,20991
KEI,20191118,534,536.5,523.8,525.95,97843
KELLTONTEC,20191118,15.9,15.9,15.2,15.25,103367
KENNAMET,20191118,995,1020,991,1018.05,9394
KERNEX,20191118,21,21.5,20.6,20.75,2858
KESARENT,20191118,29,29.5,28.25,28.35,2875
KESORAMIND,20191118,61.25,61.25,59.65,59.95,149764
KEYFINSERV,20191118,26,26,25.7,25.7,15
KGL,20191118,0.4,0.4,0.35,0.35,1406788
KHADIM,20191118,210,214.95,202.05,204.4,15436
KHAITANLTD,20191118,18.1,19.1,18.05,19.1,3058
KICL,20191118,1581.6,1581.6,1550,1567.95,346
KILITCH,20191118,125,125,117.45,120.35,7543
KINGFA,20191118,621.1,638.4,621.1,626.35,1773
KIOCL,20191118,122.9,122.9,117.1,118.9,15364
KIRIINDUS,20191118,387.1,388.1,380,380.15,119495
KIRLFER,20191118,61,61.95,60.85,60.95,7789
KIRLOSBROS,20191118,142.05,146.25,141.1,142.1,8397
KIRLOSENG,20191118,165,166,161,163.25,10279
KIRLOSIND,20191118,655,655,630,633.2,476
KITEX,20191118,101.65,106.5,98.2,103.35,202468
KKCL,20191118,960,990,957,970.9,90
KMSUGAR,20191118,6.75,6.75,6.55,6.6,22397
KNRCON,20191118,246.7,250.9,245.2,246.7,82444
KOHINOOR,20191118,10.55,10.55,10.55,10.55,1983
KOKUYOCMLN,20191118,71.55,73.9,71,71.75,26816
KOLTEPATIL,20191118,240,244.7,235.25,241.55,17930
KOPRAN,20191118,28.15,30.2,28.15,29.6,39612
KOTAKBANK,20191118,1626.65,1635,1616.55,1627.2,2014974
KOTAKBKETF,20191118,323.7,338,316.2,316.69,73890
KOTAKGOLD,20191118,336.8,336.8,334.4,335.45,15501
KOTAKNIFTY,20191118,123.31,123.32,122.74,122.77,94057
KOTAKNV20,20191118,59.25,59.25,58.01,58.24,7432
KOTAKPSUBK,20191118,246,248,244.3,246.04,7747
KOTARISUG,20191118,10.5,10.7,10.05,10.3,26179
KOTHARIPET,20191118,16.25,16.75,16.05,16.15,14526
KOTHARIPRO,20191118,60.3,60.9,59.6,59.8,4133
KPITTECH,20191118,93.5,98.1,92.65,96.7,1049046
KPRMILL,20191118,669.95,669.95,654.95,659.75,13721
KRBL,20191118,199.45,199.85,193.2,195,87136
KREBSBIO,20191118,85.3,92.95,85.2,90.4,452
KRIDHANINF,20191118,5.8,5.8,5.4,5.4,61283
KRISHANA,20191118,53,53.5,53,53.25,200
KSB,20191118,702,720,690,703.3,5896
KSCL,20191118,539,542.7,530.5,533.85,88461
KSERASERA,20191118,0.05,0.1,0.05,0.05,339921
KSK,20191118,0.55,0.6,0.5,0.6,669154
KSL,20191118,219,225.9,215.05,223.95,59905
KTIL,20191118,33,33,30.05,30.95,2737
KTKBANK,20191118,77.25,77.5,74.5,74.95,1051816
KUANTUM,20191118,475,480,425,475.2,1131
KWALITY,20191118,3.3,3.3,3.3,3.3,177960
L&TFH,20191118,97.95,99.05,96.5,97.6,6136688
LAKSHVILAS,20191118,20.05,20.05,19.25,19.6,7402809
LALPATHLAB,20191118,1609.75,1610.35,1572,1600,77773
LAMBODHARA,20191118,35.5,35.5,33,33.45,31135
LAOPALA,20191118,147.95,147.95,140.25,143.45,24104
LASA,20191118,18,19.25,18,18.05,15085
LAURUSLABS,20191118,345.1,345.55,336.2,337.45,91309
LAXMIMACH,20191118,3386.3,3444.95,3315.05,3389.5,6489
LEMONTREE,20191118,59.5,59.95,58.05,58.15,172234
LFIC,20191118,50.1,50.1,50.1,50.1,50
LGBBROSLTD,20191118,278,278,266.5,270.15,3631
LGBFORGE,20191118,2.4,2.45,2.25,2.4,57907
LIBERTSHOE,20191118,129.2,131.65,126.1,127.35,140572
LICHSGFIN,20191118,417,423.15,411.1,421.2,1869308
LICNETFGSC,20191118,20.15,21.5,20.15,21.44,5855
LICNETFN50,20191118,124.8,124.8,122.41,122.41,222
LINCOLN,20191118,182.7,199.8,182.7,197.1,312370
LINCPEN,20191118,187,189.9,184,184.55,1414
LINDEINDIA,20191118,596,696,596,660.5,662533
LIQUIDBEES,20191118,1000,1002.25,999.7,999.99,707312
LIQUIDETF,20191118,1000.01,1000.01,999.99,1000,95404
LOKESHMACH,20191118,36.05,36.4,34.25,35.9,47457
LOTUSEYE,20191118,22,23.4,21.85,21.85,1618
LOVABLE,20191118,64.2,65,63.35,63.6,4023
LPDC,20191118,1.8,1.8,1.8,1.8,914
LSIL,20191118,0.5,0.55,0.45,0.5,1725410
LT,20191118,1388,1393.8,1361.25,1364.5,2733161
LTI,20191118,1695.25,1714.9,1688,1706.1,149889
LTTS,20191118,1423,1435.9,1398,1430.3,156090
LUMAXIND,20191118,1271,1284,1242,1245.3,1284
LUMAXTECH,20191118,102.9,102.9,98.7,99.05,9392
LUPIN,20191118,742.3,759.2,742.25,746.55,1357203
LUXIND,20191118,1329.7,1333.85,1277,1298.15,48606
LYKALABS,20191118,17.55,18,17.5,17.75,26592
LYPSAGEMS,20191118,4.15,4.15,3.8,3.85,6243
M&M,20191118,580.1,582.6,571.8,573.7,3212994
M&MFIN,20191118,325.9,330.55,318.6,327.35,1595135
M100,20191118,17.6,17.7,17.55,17.61,15852
M50,20191118,116.77,116.77,115.95,116.75,269
MAANALU,20191118,62.1,62.1,60.4,61.05,2739
MADHAV,20191118,23.3,23.95,23.05,23.45,599
MADHUCON,20191118,4.7,4.7,4.7,4.7,4207
MADRASFERT,20191118,19.95,20.2,19.65,19.85,228186
MAGADSUGAR,20191118,100,100,95.15,96.45,5485
MAGMA,20191118,41.05,41.05,38.3,39.45,539599
MAGNUM,20191118,3.85,3.9,3.75,3.85,2819
MAHABANK,20191118,11.15,11.6,11.15,11.5,251285
MAHAPEXLTD,20191118,91,91,89,91,1603
MAHASTEEL,20191118,148.6,155.4,148.55,150.95,5477
MAHESHWARI,20191118,244.9,244.9,237.5,240.65,29866
MAHINDCIE,20191118,145.05,147.5,143,144.5,93841
MAHLIFE,20191118,395.35,399.6,391.3,395.15,52152
MAHLOG,20191118,399.9,403,391.55,394.3,94000
MAHSCOOTER,20191118,4850,4859,4803,4844.7,1879
MAHSEAMLES,20191118,380,384.9,377.45,381.75,14541
MAITHANALL,20191118,455.15,467,454.95,459.6,14804
MAJESCO,20191118,413,417,404,405.4,10444
MALUPAPER,20191118,22,22,20.55,20.95,8387
MAN50ETF,20191118,120.6,120.6,120.2,120.35,293
MANAKALUCO,20191118,4.65,5,4.3,4.8,6340
MANAKCOAT,20191118,4,4,3.75,4,1161
MANAKSIA,20191118,40.05,41.25,40,40.5,78052
MANAKSTEEL,20191118,10.8,10.8,10.1,10.3,9901
MANALIPETC,20191118,16.8,17.25,16.55,17.1,110890
MANAPPURAM,20191118,163.7,164.5,162.15,163.45,1860960
MANGALAM,20191118,33.15,33.15,30.5,31.05,5492
MANGCHEFER,20191118,29.1,29.45,28.85,29,11509
MANGLMCEM,20191118,293.05,295,284,288.15,103454
MANGTIMBER,20191118,5.6,5.7,5.6,5.6,2985
MANINDS,20191118,42.05,42.8,41.75,41.75,24393
MANINFRA,20191118,22.85,23.3,22.2,22.85,86313
MANUGRAPH,20191118,13.35,14.5,13.3,13.6,9440
MARALOVER,20191118,17.5,17.5,16.3,16.3,23405
MARATHON,20191118,75.1,77.6,75.05,76.5,3885
MARICO,20191118,357.25,357.25,352.05,355.3,1243758
MARKSANS,20191118,14.25,15.7,14.1,15.25,1558732
MARUTI,20191118,7150,7177,7075,7098.45,537228
MASFIN,20191118,719,724.95,707,711.2,8490
MASTEK,20191118,317,323.85,313.95,320.3,18344
MATRIMONY,20191118,495.85,500,474.1,485.05,6755
MAWANASUG,20191118,31.25,32.15,31.1,31.3,86603
MAXINDIA,20191118,75.4,77.5,75.1,75.45,376144
MAXVIL,20191118,38.4,38.5,37.1,37.4,50977
MAYURUNIQ,20191118,224.9,227,220.65,222.5,28116
MAZDA,20191118,395,395,360.2,370.15,9374
MBAPL,20191118,78.4,78.4,70.25,76,1931
MBECL,20191118,4.2,4.6,4.2,4.6,44904
MBLINFRA,20191118,4.9,5.15,4.75,4.8,37238
MCDHOLDING,20191118,17.65,18.3,17.35,17.7,5466
MCDOWELL-N,20191118,622.2,625.65,611,612.7,929243
MCLEODRUSS,20191118,7.2,7.6,6.95,7.6,1261723
MCX,20191118,1157.45,1189,1152.25,1184.85,376117
MEGASOFT,20191118,6.7,7.15,6.6,6.95,31256
MEGH,20191118,53.7,55.4,53.7,53.95,497706
MENONBE,20191118,55,58.5,55,57.25,10346
MEP,20191118,33,34.2,33,33.5,63862
MERCATOR,20191118,1.15,1.15,1.15,1.15,103195
METALFORGE,20191118,8.3,8.3,8.15,8.15,13787
METROPOLIS,20191118,1380,1409.9,1380,1391.8,17968
MFSL,20191118,474,495,473,484.6,1711776
MGL,20191118,1005.9,1033,1004.95,1028.6,692018
MHRIL,20191118,214,223,214,221.1,28955
MIC,20191118,0.85,0.9,0.85,0.9,125258
MIDHANI,20191118,170,176.5,166.1,171.25,640008
MINDACORP,20191118,97.3,98,95,95.5,151057
MINDAIND,20191118,337,342,335.8,339.95,91188
MINDTECK,20191118,32.3,32.3,30.25,30.55,4362
MINDTREE,20191118,694,706.35,688.05,703.7,306702
MIRCELECTR,20191118,7.35,7.75,7.1,7.75,131352
MIRZAINT,20191118,57.4,57.85,55.65,55.95,172165
MMFL,20191118,384.55,390,383,384.9,2875
MMTC,20191118,18,18.3,17.85,18.05,501910
MODIRUBBER,20191118,39,39,39,39,1
MOHITIND,20191118,5.7,5.7,5.2,5.4,3500
MOHOTAIND,20191118,7.75,8,7.3,7.3,8903
MOIL,20191118,141.7,142.75,140.1,141.8,310728
MOLDTECH,20191118,49,50.55,49,49.45,5017
MOLDTKPAC,20191118,289.5,292.25,282,285,8242
MONTECARLO,20191118,248.1,276.8,247.4,252.2,17416
MORARJEE,20191118,13.4,13.85,13.4,13.85,1820
MOREPENLAB,20191118,16.25,16.7,16.2,16.2,400252
MOTHERSUMI,20191118,135.25,137.15,132.6,134.3,9547198
MOTILALOFS,20191118,734.15,750.95,734,740.55,341765
MOTOGENFIN,20191118,36.65,36.65,33.25,35.25,59
MPHASIS,20191118,913,930.4,908.05,922.05,758777
MPSLTD,20191118,508,513,490.3,497,18539
MRF,20191118,64110.4,64699,63850,64393.55,3043
MRO-TEK,20191118,27.95,28.2,25.85,27.6,7165
MRPL,20191118,48,48.5,47.5,47.7,159705
MSPL,20191118,5.55,5.6,5.55,5.55,4103
MSTCLTD,20191118,162.5,167.95,157,159.3,726461
MTEDUCARE,20191118,19.6,19.6,18.75,19.6,167404
MTNL,20191118,9.6,9.6,9.6,9.6,185750
MUKANDENGG,20191118,12.35,12.35,10.95,11.5,7229
MUKANDLTD,20191118,31.3,32.95,30.55,31.55,21719
MUKTAARTS,20191118,39,39.4,37.55,38,15701
MUNJALAU,20191118,47.5,47.9,46,46.4,134834
MUNJALSHOW,20191118,133,133,127.1,128.45,8077
MURUDCERA,20191118,17.3,17.55,16.45,17.2,195381
MUTHOOTCAP,20191118,451,464,446,449.65,8657
MUTHOOTFIN,20191118,705,737.25,702.7,712.45,3792367
MVL,20191118,0.1,0.1,0.05,0.1,294384
N100,20191118,596.7,649.4,585,587.47,9018
NACLIND,20191118,26.15,26.9,25.75,26,110433
NAGAFERT,20191118,4.15,4.35,3.95,3.95,172193
NAGAROIL,20191118,0.45,0.45,0.4,0.4,1108185
NAGREEKCAP,20191118,7.85,7.85,7.85,7.85,1136
NAGREEKEXP,20191118,14.25,15.4,14.25,14.75,1618
NAHARCAP,20191118,76.35,76.35,73.75,74.3,3802
NAHARINDUS,20191118,23.3,23.95,22.15,22.95,10088
NAHARPOLY,20191118,35,36.7,33.45,35.1,684
NAHARSPING,20191118,44.15,44.35,43.25,43.95,5516
NATCOPHARM,20191118,565.05,574.25,553.1,557.65,80677
NATHBIOGEN,20191118,339.85,340.05,336,336.35,2485
NATIONALUM,20191118,42,42.85,42,42.35,5799045
NATNLSTEEL,20191118,2.3,2.3,2.1,2.2,5704
NAUKRI,20191118,2649,2740,2649,2727.25,460687
NAVINFLUOR,20191118,910.1,929.9,895,917.8,58657
NAVKARCORP,20191118,34.55,34.55,32.05,32.7,132416
NAVNETEDUL,20191118,99.5,101,98.15,99.95,34243
NBCC,20191118,38.4,39,37.8,38.05,16762741
NBIFIN,20191118,1350,1395.5,1320.5,1394.5,72
NBVENTURES,20191118,62.45,64.9,61.1,61.85,96195
NCC,20191118,56,57.2,55.25,56.65,13533188
NCLIND,20191118,78.15,86,78.15,82.65,654381
NDGL,20191118,550,573.95,550,555.85,84
NDL,20191118,30.4,30.85,29.5,29.95,12468
NDTV,20191118,29.85,30.3,29.65,30,7871
NECCLTD,20191118,5.45,5.65,5.1,5.15,77769
NECLIFE,20191118,12.2,13.45,12.2,13.1,183710
NELCAST,20191118,44.55,44.55,41.8,42.55,60449
NELCO,20191118,236.4,241,236.1,237.4,21307
NEOGEN,20191118,368.85,370.95,360.5,367.45,15325
NESCO,20191118,615,629,610,624.1,64956
NESTLEIND,20191118,14349.9,14349.9,14059.05,14085.55,64978
NETF,20191118,120.64,120.64,120.64,120.64,2
NETFCONSUM,20191118,53.61,53.65,53.09,53.56,823
NETFDIVOPP,20191118,29.8,29.8,29.36,29.37,591
NETFLTGILT,20191118,20.2,20.8,20.12,20.18,16828
NETFMID150,20191118,62.21,62.41,61.6,62.07,86165
NETFNIF100,20191118,124.28,124.38,124.08,124.08,59
NETFNV20,20191118,583.25,583.76,582.74,583.33,184
NETWORK18,20191118,23.6,24.5,23,23.55,410180
NEULANDLAB,20191118,495,497.85,476.5,487.4,23580
NEWGEN,20191118,190,191.2,182.2,184.4,319151
NEXTMEDIA,20191118,10.8,11.5,10.5,10.95,25312
NFL,20191118,25.9,26.7,25.75,26.4,229039
NH,20191118,294.9,300,294.05,296.45,241055
NHPC,20191118,23.35,23.5,23.25,23.35,1686755
NIACL,20191118,158,160.9,150.75,151.35,321871
NIBL,20191118,7.65,7.65,7.25,7.25,7243
NIFTYBEES,20191118,1266,1266,1256.65,1257.3,20811
NIFTYEES,20191118,15350,15350,14800,15350,5
NIITLTD,20191118,103,104.5,102.1,104,662497
NIITTECH,20191118,1480,1527.5,1477.5,1519.1,198031
NILAINFRA,20191118,5,5.1,4.85,5,96510
NILASPACES,20191118,1.35,1.4,1.3,1.35,31232
NILKAMAL,20191118,1339.9,1355,1310,1313.75,20841
NIPPOBATRY,20191118,580,600,558,561.3,6915
NITCO,20191118,22.75,23.85,22.6,23.85,113825
NITINSPIN,20191118,47.05,48.6,46,46.05,39919
NKIND,20191118,21.7,22.75,21.7,22.75,37
NLCINDIA,20191118,54.6,54.6,52.9,53.5,367953
NMDC,20191118,100.6,101.1,99,100.25,3721065
NOCIL,20191118,105.7,105.8,103,103.25,468503
NOIDATOLL,20191118,3.9,4.2,3.9,3.9,16803
NORBTEAEXP,20191118,3.9,4,3.9,4,395
NPBET,20191118,174.35,174.35,171.89,173.37,201
NRAIL,20191118,211,222.5,205.05,210.2,15096
NRBBEARING,20191118,100,100.15,97.2,98,22982
NSIL,20191118,804.85,825,792.05,820.55,353
NTL,20191118,0.35,0.35,0.35,0.35,2344
NTPC,20191118,117.05,117.85,116.8,117.45,4727251
NUCLEUS,20191118,299.2,307.95,299.2,302.1,10835
NXTDIGITAL,20191118,340.05,359.9,325.05,354.9,6214
OAL,20191118,189.95,200,188.5,196.35,7748
OBEROIRLTY,20191118,511,512.9,503.2,507.55,164152
OCCL,20191118,985,990,972.25,977.05,2700
OFSS,20191118,3051,3085,3040,3055.95,5729
OIL,20191118,160.4,161.35,158.75,159.4,295985
OILCOUNTUB,20191118,6.2,6.2,5.95,6,17354
OISL,20191118,3.8,4.05,3.8,4.05,11863
OLECTRA,20191118,185.8,185.8,179,179.55,25612
OMAXAUTO,20191118,49.9,49.9,48.2,48.6,4640
OMAXE,20191118,185,185,181.05,181.85,162369
OMKARCHEM,20191118,4.65,4.85,4.45,4.5,13209
OMMETALS,20191118,21.75,21.75,20,20.75,46069
ONELIFECAP,20191118,7.6,8.25,7.6,8.1,2592
ONEPOINT,20191118,12.1,12.1,11.2,11.75,30368
ONGC,20191118,135.45,136.1,133.2,133.9,6851414
ONMOBILE,20191118,33.8,34.75,32.4,32.75,143092
ONWARDTEC,20191118,69.5,69.9,67.15,69.45,8572
OPTIEMUS,20191118,47.5,48.3,46.7,48.2,17579
OPTOCIRCUI,20191118,3.75,3.8,3.65,3.75,334234
ORBTEXP,20191118,89.1,89.1,80.5,80.6,6731
ORICONENT,20191118,18,18.6,17.8,17.9,18190
ORIENTABRA,20191118,17.8,18.25,17.65,17.95,7054
ORIENTALTL,20191118,11.95,12.8,11.85,11.85,9599
ORIENTBANK,20191118,52.8,53.15,52.05,52.4,535633
ORIENTBELL,20191118,125.7,138,122.85,126.3,222055
ORIENTCEM,20191118,73.7,74.85,73.7,74.4,79911
ORIENTELEC,20191118,189.6,189.6,180.2,183.2,201893
ORIENTHOT,20191118,33.95,34.85,33.15,34.25,9792
ORIENTLTD,20191118,94.2,99.8,91.2,95.35,105
ORIENTPPR,20191118,24.95,25.2,24.25,24.4,156295
ORIENTREF,20191118,212,213.5,210,212.1,49348
ORISSAMINE,20191118,1225,1350.45,1206.7,1350.45,76524
ORTINLABSS,20191118,9.2,9.7,8.85,9.35,17000
OSWALAGRO,20191118,5.8,5.8,5.3,5.45,12782
PAEL,20191118,2.8,2.8,2.8,2.8,2192
PAGEIND,20191118,23055,23680.05,23055,23473.6,28199
PAISALO,20191118,430,440,430,437.15,2212
PALASHSECU,20191118,26.5,30.6,25.5,27.3,2633
PALREDTEC,20191118,19.05,20.5,19.05,20.35,2705
PANACEABIO,20191118,122.9,126.7,122.25,126,30862
PANAMAPET,20191118,64.55,66,64.4,65.1,47986
PAPERPROD,20191118,248.35,249.45,242.8,243.9,31140
PARABDRUGS,20191118,1.6,1.6,1.6,1.6,5775
PARACABLES,20191118,8.75,8.95,8.5,8.6,49059
PARAGMILK,20191118,125,147.8,125,146.1,1630222
PARSVNATH,20191118,2.2,2.3,2.15,2.15,344986
PATELENG,20191118,15.1,15.1,15.1,15.1,49122
PATINTLOG,20191118,21.6,22,21.25,21.8,9130
PATSPINLTD,20191118,5.8,5.8,5.3,5.6,2733
PCJEWELLER,20191118,32.15,32.6,32.05,32.1,3269515
PDMJEPAPER,20191118,15.1,15.1,14.25,14.35,42561
PDSMFL,20191118,317,324.95,289.5,313,17793
PEARLPOLY,20191118,12.5,12.5,12.05,12.5,18413
PEL,20191118,1784.9,1788.1,1736.45,1745,668818
PENIND,20191118,28.6,28.85,28.1,28.4,166192
PENINLAND,20191118,4.1,4.15,4,4,55639
PERSISTENT,20191118,653.7,678,635.05,647.75,228434
PETRONENGG,20191118,6.8,7.15,6.8,7.15,1491
PETRONET,20191118,277.5,277.85,272.5,273.15,1521933
PFC,20191118,111.7,119.45,111,117.6,14204199
PFIZER,20191118,3980,4121,3968,4070.55,124809
PFOCUS,20191118,53.75,61,53.75,53.75,251444
PFS,20191118,12.5,13.75,12.45,13.5,1246722
PGEL,20191118,38.1,39.95,37.9,39.05,54496
PGHH,20191118,11160,11349.9,11000,11107.05,2467
PGHL,20191118,4333.95,4415,4290,4356.95,13429
PGIL,20191118,171.7,171.7,160.3,164.45,3069
PHILIPCARB,20191118,126.4,130.6,126.1,127.2,2210420
PHOENIXLTD,20191118,716.6,736.35,712.25,733.6,77670
PIDILITIND,20191118,1319.45,1322.95,1301,1305.25,563361
PIIND,20191118,1434.85,1443.9,1408,1426,45322
PILANIINVS,20191118,1769.9,1786.95,1769.65,1778.3,2876
PILITA,20191118,5.4,6.1,5.4,5.75,37594
PIONDIST,20191118,134,138.9,134,137.6,1344
PIONEEREMB,20191118,27.9,27.9,24.1,24.7,2070
PIRPHYTO,20191118,23,23.6,23,23,4686
PITTIENG,20191118,45.95,53.2,44.4,48.5,650374
PLASTIBLEN,20191118,171,176.55,169.95,172.4,7672
PNB,20191118,62.25,63.1,61.8,62.4,18394808
PNBGILTS,20191118,27.55,27.9,27.55,27.6,54481
PNBHOUSING,20191118,531.9,534,520,524.35,188139
PNC,20191118,14.8,14.8,13.5,14.5,945
PNCINFRA,20191118,190.8,194.7,186.65,188,210815
PODDARHOUS,20191118,335,335,335,335,5
PODDARMENT,20191118,177,190,177,182.05,3841
POKARNA,20191118,128.4,128.4,128.4,128.4,42073
POLYCAB,20191118,898,943.8,898,933.05,555484
POLYMED,20191118,220,224.75,215,216.85,21278
POLYPLEX,20191118,499.9,501.5,495,499.75,45714
PONNIERODE,20191118,145.3,146,134.1,142.05,7012
POWERGRID,20191118,187.7,191,186.65,190.65,6618623
POWERMECH,20191118,668,684.9,636.05,653.05,13599
PPAP,20191118,179.5,179.5,172,173.35,3752
PPL,20191118,79,80,76.5,77.45,59049
PRABHAT,20191118,87.3,89.4,87.3,87.8,88538
PRADIP,20191118,0.55,0.55,0.55,0.55,11
PRAENG,20191118,6.65,6.9,6.5,6.9,9120
PRAJIND,20191118,113.95,116.4,112.2,112.85,2025869
PRAKASH,20191118,49.4,49.7,47.75,48.05,207676
PRAKASHSTL,20191118,0.25,0.25,0.2,0.2,10492
PRAXIS,20191118,60,61.8,59,59.1,3982
PRECAM,20191118,36.9,39,36.15,37.8,174727
PRECOT,20191118,26.25,29.85,26.1,26.75,410
PRECWIRE,20191118,153.15,159.6,150.2,154.15,8283
PREMEXPLN,20191118,151.35,159.05,148.55,154.85,8030
PREMIER,20191118,2.3,2.3,2.15,2.15,4001
PRESSMN,20191118,20.2,20.75,19.95,20.2,2877
PRESTIGE,20191118,289.4,294.5,286,290.5,243737
PRICOLLTD,20191118,34.8,35.15,33.3,33.65,68954
PRIMESECU,20191118,45.5,46.7,44.05,44.65,17749
PROSEED,20191118,0.3,0.3,0.25,0.25,178791
PROZONINTU,20191118,19,19.7,18.85,18.95,13489
PRSMJOHNSN,20191118,70.15,70.7,68.5,68.8,95067
PSB,20191118,18.4,18.7,18.15,18.35,43387
PSL,20191118,0.7,0.7,0.65,0.65,12465
PSPPROJECT,20191118,540,540,520,523.7,11271
PSUBNKBEES,20191118,270,275.5,270,274.59,1758
PTC,20191118,55.1,57.2,55.1,56.65,508716
PTL,20191118,36.3,37.5,35.8,36.05,6168
PUNJABCHEM,20191118,502.15,509.5,499.25,505,469
PURVA,20191118,60.9,61.25,58.5,59.3,77227
PVR,20191118,1735.6,1750.2,1711.1,1734.2,158580
QGOLDHALF,20191118,1668.7,1670,1664,1666,176
QNIFTY,20191118,1220.5,1220.5,1220.5,1220.5,10
QUESS,20191118,555,565,533,555.25,139140
QUICKHEAL,20191118,131,131.8,126.2,127.55,93189
RADAAN,20191118,1.2,1.25,1.2,1.25,121
RADICO,20191118,307.05,311.8,303.5,304.05,244290
RADIOCITY,20191118,29.95,32.1,29.1,29.85,79588
RAIN,20191118,104.9,107.5,104.7,105.6,758443
RAJESHEXPO,20191118,700.6,722.95,694,715.35,216390
RAJSREESUG,20191118,17.8,18.5,17.1,17.2,3683
RAJTV,20191118,45.4,45.4,42.5,43.5,5037
RALLIS,20191118,175.95,182.25,174.2,179.15,457250
RAMANEWS,20191118,15,15.05,14.55,14.7,6621
RAMASTEEL,20191118,44.6,46,43.2,45.55,4456
RAMCOCEM,20191118,788.3,801.55,782.05,793.9,154429
RAMCOIND,20191118,191.25,191.45,188.5,188.7,8459
RAMCOSYS,20191118,147.35,150.8,145,146.75,29485
RAMKY,20191118,42.4,42.9,40.5,40.5,50401
RANASUG,20191118,3.65,3.8,3.2,3.5,1547929
RANEENGINE,20191118,215.4,215.4,206,213.6,980
RANEHOLDIN,20191118,770.95,778,741.2,749.95,1442
RATNAMANI,20191118,970.3,970.3,950,955.35,5848
RAYMOND,20191118,748.6,755.4,715,719,769433
RBL,20191118,497,508.25,497,498.15,6058
RBLBANK,20191118,319.85,325.9,311.4,323.65,13153241
RCF,20191118,48.2,49.95,48.2,49.7,907440
RCOM,20191118,0.6,0.65,0.55,0.55,169628135
RECLTD,20191118,134.3,142.65,133.1,140.35,7612710
REDINGTON,20191118,115.1,116.9,112.05,112.8,81662
REFEX,20191118,62.3,62.3,62.3,62.3,20276
REGENCERAM,20191118,1.65,1.65,1.65,1.65,6
RELAXO,20191118,545.05,555,545,550.4,81279
RELCAPITAL,20191118,20,20,20,20,123802
RELIANCE,20191118,1472.65,1486,1455.4,1459.2,6435097
RELIGARE,20191118,52.05,55.15,52.05,53.75,278951
RELINFRA,20191118,37.2,38.9,36.5,36.5,2182697
REMSONSIND,20191118,80.55,83,79.6,81,9570
RENUKA,20191118,9.4,9.9,9.1,9.25,901960
REPCOHOME,20191118,284.5,289,282.8,285.2,36183
REPRO,20191118,636.05,637.45,613,630.05,5409
RESPONIND,20191118,92,92.45,90,90.8,149777
REVATHI,20191118,355.3,390,355.3,389.05,212
RGL,20191118,242.1,245.45,236,242.1,571
RHFL,20191118,4.9,4.9,4.9,4.9,42802
RICOAUTO,20191118,46.6,46.7,45.5,45.75,259899
RIIL,20191118,310.95,311.9,302.65,304.25,262959
RITES,20191118,298.1,304.2,295.25,300.75,1030078
RKDL,20191118,6.3,6.45,6.1,6.15,538
RKFORGE,20191118,284.15,294,282.4,288.6,26046
RMCL,20191118,3.6,3.7,3.5,3.55,25707
RML,20191118,249,250,245.75,249.55,4898
RNAM,20191118,359.45,359.45,347.65,351.55,1589657
RNAVAL,20191118,5.55,5.55,5.55,5.55,199363
ROHITFERRO,20191118,0.9,0.9,0.85,0.9,24270
ROHLTD,20191118,72,72,66.85,69.6,29747
ROLLT,20191118,1.9,1.9,1.8,1.8,373
ROLTA,20191118,4.5,4.5,4.5,4.5,124732
ROSSELLIND,20191118,67.95,68,65.05,66.85,6677
RPGLIFE,20191118,280.6,288,278.2,279.6,27056
RPOWER,20191118,3.8,3.95,3.8,3.8,8872864
RPPINFRA,20191118,85.1,88,84.05,86.9,8801
RSSOFTWARE,20191118,19.4,19.6,18.5,19.6,26303
RSWM,20191118,100.5,101,97.5,99.85,128596
RSYSTEMS,20191118,49,53.8,47.2,52.5,28319
RTNINFRA,20191118,1.65,1.65,1.55,1.55,368442
RTNPOWER,20191118,1.9,1.9,1.8,1.8,1188170
RUBYMILLS,20191118,208,212.3,205,212.3,3921
RUCHINFRA,20191118,2.05,2.15,1.95,2.1,23323
RUCHIRA,20191118,79.5,79.5,76.85,77.45,22775
RUPA,20191118,184.8,184.8,180,180.3,27112
RUSHIL,20191118,137,138.35,136.05,138.35,12926
RVNL,20191118,24.65,24.65,24.2,24.45,5752728
SABEVENTS,20191118,0.7,0.7,0.7,0.7,300
SABTN,20191118,1.65,1.75,1.65,1.75,8265
SADBHAV,20191118,119.4,121.35,116,116.7,51972
SADBHIN,20191118,39.25,39.25,38,38,3647
SAFARI,20191118,560.05,575,560,571.6,436067
SAGARDEEP,20191118,79.6,79.6,73,75.95,14210
SAGCEM,20191118,574.85,574.85,558,559.65,1077
SAIL,20191118,36.55,37.5,36.3,37.3,28715500
SAKAR,20191118,51.5,51.5,51,51,14056
SAKHTISUG,20191118,9.05,9.3,8.65,8.9,37565
SAKSOFT,20191118,224,228,220.35,226.05,3889
SAKUMA,20191118,7.3,7.45,6.9,6.95,281035
SALASAR,20191118,117.1,121.4,113.65,118,5439
SALONA,20191118,67.45,67.45,63,64.25,4
SALSTEEL,20191118,2.8,2.8,2.75,2.75,10896
SALZERELEC,20191118,119.9,122.3,115.1,116.05,11711
SAMBHAAV,20191118,3.5,3.95,3.35,3.95,66237
SANCO,20191118,15.7,16.2,15.5,15.5,315709
SANDESH,20191118,589,600,584.55,592,290
SANDHAR,20191118,240,243.45,237.85,240.5,1309
SANGAMIND,20191118,49,50.8,48.15,48.4,1645
SANGHIIND,20191118,38.4,38.4,37.05,37.6,72643
SANGHVIFOR,20191118,30.4,31.9,28.9,31.85,607
SANGHVIMOV,20191118,85.1,86.8,83,83.75,23996
SANGINITA,20191118,147.6,150.45,146.95,148.6,94692
SANOFI,20191118,6517.65,6888,6500,6806.55,75174
SANWARIA,20191118,2.35,2.35,2.35,2.35,268398
SARDAEN,20191118,173,187,173,185.4,46741
SAREGAMA,20191118,429.45,434.7,415.85,428.25,15155
SARLAPOLY,20191118,21.2,21.8,20.75,21.45,37010
SASKEN,20191118,656.6,668.25,636.2,650.8,30162
SASTASUNDR,20191118,84.05,88.9,82.05,83.35,2091
SATHAISPAT,20191118,2.75,2.75,2.75,2.75,26802
SATIA,20191118,88,88,83.2,87,80815
SATIN,20191118,220.4,222.25,212.75,215.55,89797
SBIETFQLTY,20191118,102,102,99.25,99.62,2916
SBILIFE,20191118,1004.9,1013,996,1000.05,2144563
SBIN,20191118,324,329.85,323.75,325.1,39009263
SCAPDVR,20191118,0.4,0.4,0.35,0.4,3513
SCHAEFFLER,20191118,4300,4577.55,4280.05,4384.25,11870
SCHAND,20191118,70.2,74.95,68.3,72.35,19161
SCHNEIDER,20191118,66.6,70.75,65.55,66.65,109854
SCI,20191118,59.5,61.5,58.65,59.75,7901198
SDBL,20191118,112,112,109,110.7,8006
SEAMECLTD,20191118,491,512.05,482,498,12796
SELAN,20191118,149,149.5,143,143.65,52878
SELMCL,20191118,0.65,0.65,0.5,0.55,956198
SEPOWER,20191118,3.3,3.3,2.7,2.9,3684808
SEQUENT,20191118,67.45,68.2,65.95,67.65,127306
SESHAPAPER,20191118,175.1,180,175.1,178.9,67570
SETCO,20191118,14.3,15.3,14.3,14.5,95741
SETF10GILT,20191118,174,188.9,174,188.9,7
SETFGOLD,20191118,3424,3440.1,3412.25,3434.35,3635
SETFNIF50,20191118,122.52,122.82,122.11,122.69,532312
SETFNIFBK,20191118,316,373.2,312.1,313.01,12246
SETFNN50,20191118,290,291,289,289.89,2533
SETUINFRA,20191118,1.4,1.4,1.35,1.4,24276
SEYAIND,20191118,136.3,136.3,136.3,136.3,3404
SFL,20191118,1305,1320.95,1281.65,1304.9,5123
SGL,20191118,6.7,6.8,6.4,6.4,7895
SHAHALLOYS,20191118,8.9,8.95,8.35,8.6,3079
SHAKTIPUMP,20191118,213.9,223.55,204,205.85,117189
SHALBY,20191118,98,104.8,96.2,99.15,31951
SHALPAINTS,20191118,90.15,97.3,88.95,93.5,232586
SHANKARA,20191118,331.45,332.45,313.25,317.9,40366
SHANTIGEAR,20191118,103.1,104.75,98.1,101.65,14718
SHARDACROP,20191118,256,259.65,248.1,252.05,4783
SHARDAMOTR,20191118,1050.05,1090.05,1050.05,1077.45,2329
SHARIABEES,20191118,264,264,253.75,253.93,410
SHEMAROO,20191118,154.85,156,145.8,148.35,17807
SHILPAMED,20191118,292,305,280,288.05,30921
SHIRPUR-G,20191118,6.85,7.1,6.55,6.55,11004
SHIVAMAUTO,20191118,26.4,26.5,25.2,25.85,129116
SHIVAMILLS,20191118,30,32.75,29.5,31.9,1366
SHIVATEX,20191118,108.9,109,103,103.4,2406
SHK,20191118,117.4,120.6,116.1,116.55,14816
SHOPERSTOP,20191118,368.4,368.4,357,358.1,16864
SHREDIGCEM,20191118,24.75,26.45,23.5,26.35,1880363
SHREECEM,20191118,19745,20094,19577.45,19869.3,22159
SHREEPUSHK,20191118,93.25,98.4,93.25,96.8,22979
SHREERAMA,20191118,4.2,4.55,4.2,4.45,10385
SHRENIK,20191118,50.05,52.25,49.1,50.65,24691
SHREYANIND,20191118,108.5,111.75,105.7,107.4,11847
SHREYAS,20191118,76,78.9,71.4,78.9,13729
SHRIPISTON,20191118,720,748,711.9,724,373
SHRIRAMCIT,20191118,1343.95,1352,1335.3,1347.15,46668
SHRIRAMEPC,20191118,6.35,6.45,6.2,6.2,187427
SHYAMCENT,20191118,2.9,2.95,2.9,2.95,11883
SHYAMTEL,20191118,6.6,6.6,6.55,6.6,3658
SICAGEN,20191118,16.5,16.75,16.25,16.5,2198
SICAL,20191118,21.2,21.8,20.8,21.8,110206
SIEMENS,20191118,1575.5,1597.7,1545.9,1554.6,1109303
SIGIND,20191118,20.2,21,19.15,20.9,9559
SIL,20191118,10.55,10.85,10.1,10.85,7514
SILINV,20191118,147,151.55,143.35,148.05,2033
SIMBHALS,20191118,6.6,6.75,6.4,6.45,13520
SIMPLEXINF,20191118,48.9,52.8,46.5,49.6,162385
SINTEX,20191118,0.9,0.9,0.85,0.9,7120394
SIRCA,20191118,230,245,230,241.8,14866
SIS,20191118,943.9,951,924.95,929.95,37176
SITINET,20191118,1.85,1.85,1.85,1.85,38868
SIYSIL,20191118,235,249.9,233.65,235.15,10532
SJVN,20191118,24.5,24.75,24.45,24.55,8628408
SKFINDIA,20191118,2128.9,2137.95,2103,2130.15,2517
SKIL,20191118,5.75,5.75,5.25,5.45,10453
SKIPPER,20191118,53,54.25,51.9,52.35,24823
SKMEGGPROD,20191118,38.95,39.6,38.7,38.85,9892
SMARTLINK,20191118,77.05,79.15,76.05,77.1,9539
SMLISUZU,20191118,554.8,554.8,530.1,531.75,5305
SMSLIFE,20191118,275.85,284,265.9,266.7,5164
SMSPHARMA,20191118,41.8,41.8,39.7,41.35,19776
SNOWMAN,20191118,36.7,38.5,36.7,37.75,215170
SOBHA,20191118,399.7,404,396,399.5,99236
SOLARA,20191118,440,475,440,467.8,199679
SOLARINDS,20191118,1015,1036.05,1000,1015.7,3647
SOMANYCERA,20191118,179.1,181.3,176.1,178.3,34257
SOMATEX,20191118,3.1,3.1,3.1,3.1,2
SOMICONVEY,20191118,14.4,14.4,12.8,13.45,4053
SONATSOFTW,20191118,306.8,306.85,300.7,302.9,67902
SORILINFRA,20191118,104.45,104.45,104.45,104.45,2262
SOTL,20191118,903,903,875.15,880.5,401
SOUTHBANK,20191118,11.1,11.25,10.95,11.2,4197066
SOUTHWEST,20191118,17.1,17.1,17,17,42605
SPAL,20191118,218.65,218.65,202.85,208.65,9759
SPANDANA,20191118,1317,1320,1285.55,1295.85,46902
SPARC,20191118,152.95,157.3,150.2,154.75,1045416
SPCENET,20191118,0.85,0.85,0.8,0.85,21902
SPECIALITY,20191118,68.45,69.7,67,67.8,77881
SPENCERS,20191118,68.2,69.8,67,67.1,103974
SPENTEX,20191118,0.35,0.35,0.3,0.35,12064
SPIC,20191118,20.5,20.65,19.75,19.95,16718
SPICEJET,20191118,107,108,105.8,106,651424
SPLIL,20191118,39.65,41.65,38.15,38.4,168662
SPMLINFRA,20191118,10.95,11,10.45,10.45,18066
SPTL,20191118,1.2,1.3,1.2,1.2,13616598
SPYL,20191118,0.3,0.3,0.25,0.25,81187
SREEL,20191118,170,171.45,168.05,169.6,5257
SREINFRA,20191118,9.05,9.3,8.7,8.8,559582
SRF,20191118,3237.95,3245.7,3182.75,3206.35,307592
SRHHYPOLTD,20191118,108,108,100.2,103.4,3243
SRIPIPES,20191118,170.1,171.85,167.4,168.3,17347
SRTRANSFIN,20191118,1130,1136.9,1122.95,1126.35,610704
SSWL,20191118,770.95,785,760.3,770.3,5456
STAMPEDE,20191118,0.7,0.7,0.6,0.7,117345
STAR,20191118,380.7,386.1,374.55,379.95,447525
STARCEMENT,20191118,100,102,99.5,100.75,70720
STARPAPER,20191118,97,98.4,94.7,95.15,34878
STCINDIA,20191118,53.7,55.5,53.6,54.9,4134
STEELCITY,20191118,28.2,31.4,28.2,30.05,5509
STEELXIND,20191118,17.9,18.45,17.55,18.45,204100
STEL,20191118,76,76,68.25,70.7,11416
STERTOOLS,20191118,184.4,184.4,176.05,177.5,2992
STINDIA,20191118,5.4,5.4,5.35,5.35,400
STRTECH,20191118,124.95,125.4,122.1,122.75,755723
SUBCAPCITY,20191118,6.35,6.5,6.35,6.5,10
SUBEX,20191118,5.25,5.8,5.2,5.65,4883258
SUBROS,20191118,257.9,260.9,247.5,252.25,31260
SUDARSCHEM,20191118,393.7,398.25,392,395.9,49471
SUJANAUNI,20191118,0.15,0.2,0.15,0.15,188318
SUMEETINDS,20191118,2.3,2.3,2.3,2.3,25051
SUMIT,20191118,21.4,21.4,20.05,20.2,5823
SUMMITSEC,20191118,480,480,458.05,458.55,1209
SUNCLAYLTD,20191118,2195.05,2225,2195,2212.65,1168
SUNDARAM,20191118,1.35,1.4,1.3,1.35,416333
SUNDARMFIN,20191118,1695,1695,1614.95,1656.25,38289
SUNDARMHLD,20191118,68,68,66.15,67.6,11884
SUNDRMBRAK,20191118,244,244,233,233,1007
SUNDRMFAST,20191118,463.15,465.1,446.1,463.55,55746
SUNFLAG,20191118,31,33.7,30,33.05,2161365
SUNPHARMA,20191118,418,430,417.05,424.55,7710740
SUNTECK,20191118,404.9,404.9,384,388.1,102164
SUNTV,20191118,491.45,500,484.4,497.35,1739405
SUPERHOUSE,20191118,85.15,90.05,85.15,86.15,6838
SUPERSPIN,20191118,4.7,5.1,4.6,4.95,17643
SUPPETRO,20191118,172.25,178,165,168.45,69904
SUPRAJIT,20191118,177,180.7,177,177.6,35385
SUPREMEIND,20191118,1147.7,1147.7,1120,1139.35,67848
SUPREMEINF,20191118,10.75,10.75,10.25,10.25,2815
SURANASOL,20191118,5.95,5.95,5.6,5.75,5648
SURANAT&P,20191118,3.45,3.65,3.4,3.55,5665
SURYALAXMI,20191118,17.4,18.45,17.25,18.35,9150
SURYAROSNI,20191118,166.3,167.6,162.25,166.2,31270
SUTLEJTEX,20191118,32.9,32.9,31.65,31.95,11141
SUVEN,20191118,310.9,312.65,299,301.7,634859
SUZLON,20191118,2.45,2.55,2.4,2.45,10415274
SWANENERGY,20191118,102.55,103.8,100.1,102.9,118873
SWARAJENG,20191118,1140,1140,1080,1085.3,5949
SWELECTES,20191118,120,129.15,115.5,126.8,17221
SWSOLAR,20191118,320.6,320.6,320.6,320.6,368258
SYMPHONY,20191118,1227.8,1227.8,1202.1,1208.35,7986
SYNCOM,20191118,0.9,0.9,0.85,0.85,27712
SYNDIBANK,20191118,26.9,27.45,26.65,27.1,912686
SYNGENE,20191118,316.35,325,316.35,319.9,163847
TAINWALCHM,20191118,55,55,44.05,48.9,1120
TAJGVK,20191118,161.2,163.4,159,160.85,29668
TAKE,20191118,105,106.85,102.3,103.8,116095
TALBROAUTO,20191118,116.95,116.95,108.55,110.15,12971
TALWALKARS,20191118,5,5,4.9,4.9,11091
TALWGYM,20191118,4.75,4.75,4.55,4.55,22363
TANLA,20191118,52.8,55.75,51.55,55.75,330998
TANTIACONS,20191118,1.1,1.1,1.1,1.1,1200
TARAPUR,20191118,3.65,3.95,3.65,3.95,104
TARMAT,20191118,27.85,29.3,27.85,29.2,92
TASTYBITE,20191118,9300,9300,9050,9125.8,286
TATACHEM,20191118,642.1,649.4,642,645.55,410641
TATACOFFEE,20191118,80.35,81.2,79,79.7,211434
TATACOMM,20191118,352.05,359.5,348,351.9,104267
TATAELXSI,20191118,792.5,799.4,782.45,790.45,281014
TATAGLOBAL,20191118,296.5,307,296.5,305.3,3635065
TATAINVEST,20191118,827.9,828.05,808.55,812.75,11954
TATAMETALI,20191118,573,609.05,571.05,592.75,76311
TATAMOTORS,20191118,172.1,172.1,169.25,170.1,19053232
TATAMTRDVR,20191118,78.7,79.8,78.25,78.55,5135338
TATAPOWER,20191118,54.5,56.6,54.5,55.95,7099868
TATASTEEL,20191118,396.4,412.6,396,410.05,18906528
TATASTLBSL,20191118,24.9,26.1,20.2,25.95,965829
TATASTLLP,20191118,381.5,394.7,381.5,384,41266
TBZ,20191118,37.9,40.8,37.15,39.85,189495
TCI,20191118,284.7,286,281,284.2,12654
TCIDEVELOP,20191118,341.65,376.45,341.65,375.85,341
TCIEXP,20191118,751,770,751,766.1,8289
TCIFINANCE,20191118,9,9,8.35,8.55,11219
TCNSBRANDS,20191118,680.1,740,678.3,732.7,31827
TCPLPACK,20191118,273.5,289,273.5,280.05,1391
TCS,20191118,2178.4,2187.75,2148.75,2152.6,1611089
TDPOWERSYS,20191118,148.85,151.7,146.6,146.75,4626
TEAMLEASE,20191118,2480,2595,2480,2585.35,15282
TECHIN,20191118,3.15,3.25,3.15,3.25,476
TECHM,20191118,752,758.3,747.5,751.8,2216434
TECHNOE,20191118,262.3,273.55,262.3,266.1,16467
TECHNOFAB,20191118,19.4,19.4,18.65,18.65,1711
TEJASNET,20191118,67,70,67,67.7,58730
TERASOFT,20191118,28.1,28.1,26.8,26.95,25728
TEXINFRA,20191118,45,46.4,44.4,44.9,67129
TEXMOPIPES,20191118,15,15.4,14.6,14.65,59939
TEXRAIL,20191118,44.8,44.95,43.8,44.3,152816
TFCILTD,20191118,82.3,84.1,80.5,81,122526
TFL,20191118,4.2,4.2,3.95,3.95,1473
TGBHOTELS,20191118,3.6,3.7,3.4,3.6,3892
THANGAMAYL,20191118,350,354,341.55,350.35,8567
THEINVEST,20191118,126.95,127,116,120.25,2176
THEMISMED,20191118,280,280,266.25,267.4,1014
THERMAX,20191118,1055,1064.95,1026.35,1030.25,84930
THOMASCOOK,20191118,140.6,143,138.25,139.25,117278
THOMASCOTT,20191118,4.95,5.15,4.95,5.15,21
THYROCARE,20191118,560.95,572.95,560.45,567.1,19678
TI,20191118,13.05,13.2,12.8,12.9,32676
TIDEWATER,20191118,4973.8,4973.8,4830.05,4882,292
TIIL,20191118,337.9,343.5,314.55,316.3,63279
TIINDIA,20191118,453.3,453.3,440.35,443.75,25004
TIJARIA,20191118,9.1,9.2,8.5,8.85,8004
TIL,20191118,181.55,187.4,178,184.35,4055
TIMESGTY,20191118,31.75,31.8,29.05,31.6,650
TIMETECHNO,20191118,63,63,60.05,60.3,174058
TIMKEN,20191118,861.25,890,861.25,869.3,14086
TINPLATE,20191118,139.3,145.5,138.35,140.8,1186496
TIPSINDLTD,20191118,71.55,73.05,71.55,72.85,2701
TIRUMALCHM,20191118,62,63,61.1,61.6,196701
TITAN,20191118,1160.15,1164.5,1152.8,1158.8,1132129
TMRVL,20191118,16.55,16.55,16.55,16.55,20495
TNPETRO,20191118,36.4,36.8,35.75,36.05,27198
TNPL,20191118,184.4,184.4,179.05,180.2,53081
TNTELE,20191118,1.15,1.15,1.15,1.15,50
TOKYOPLAST,20191118,72,73.5,69.6,73.5,5322
TORNTPHARM,20191118,1782.2,1804.8,1772.05,1779.2,112195
TORNTPOWER,20191118,294,297.9,292.1,292.8,1240060
TPLPLASTEH,20191118,127.6,129,122.1,125.15,1858
TREEHOUSE,20191118,5.75,5.75,5.5,5.55,17115
TREJHARA,20191118,16.8,16.8,15.2,16.75,3282
TRENT,20191118,500,515,482.6,510.1,304042
TRF,20191118,105.2,110,105.15,107.1,42470
TRIDENT,20191118,62.5,62.75,60.5,61.05,442256
TRIGYN,20191118,51.45,52.25,50.9,51.05,14895
TRIL,20191118,7.6,7.7,7.3,7.35,112438
TRITURBINE,20191118,97.1,99.8,97.1,98.5,9733
TRIVENI,20191118,63.35,63.75,62.25,62.5,203433
TTKHLTCARE,20191118,495,517.5,480.1,487,1445
TTKPRESTIG,20191118,5981,6067,5952,6012.2,2583
TTL,20191118,43.05,44,42.6,42.7,854
TTML,20191118,2.7,2.95,2.7,2.95,1828778
TV18BRDCST,20191118,23,23.1,21.85,22.1,2727185
TVSELECT,20191118,108,110.35,104.5,104.95,79140
TVSMOTOR,20191118,452,455.95,445.2,451.8,1664570
TVSSRICHAK,20191118,1739,1791,1715,1720.55,991
TVTODAY,20191118,295,297.2,292.5,293.45,9704
TVVISION,20191118,1.35,1.35,1.3,1.3,1600
TWL,20191118,48.75,50.2,47.95,49.05,991641
UBL,20191118,1248,1255.05,1236,1246.7,143873
UCALFUEL,20191118,144.6,144.6,136,138.25,52760
UCOBANK,20191118,13.35,13.6,12.85,13,840537
UFLEX,20191118,205,211.9,204.1,204.7,68448
UFO,20191118,134.7,134.85,130.25,131.55,10822
UGARSUGAR,20191118,13.3,13.4,12.65,13.1,34867
UJAAS,20191118,3.45,3.45,3.2,3.25,277455
UJJIVAN,20191118,280.1,288.35,280.1,286.35,1592430
ULTRACEMCO,20191118,4075.9,4145.3,4070.05,4126.35,498006
UMANGDAIRY,20191118,44.5,45.45,40,40.7,79328
UMESLTD,20191118,0.95,1,0.95,1,1053
UNICHEMLAB,20191118,156.7,156.7,152,155.15,206654
UNIENTER,20191118,64.25,65.5,64.25,64.35,815
UNIONBANK,20191118,53.55,55,53.55,54.75,12085747
UNIPLY,20191118,27.5,27.5,27.5,27.5,12416
UNITECH,20191118,0.9,0.9,0.9,0.9,2088335
UNITEDBNK,20191118,8.9,8.95,8.7,8.8,502231
UNIVCABLES,20191118,167.6,167.6,161,162.05,23841
UPL,20191118,530.15,551.45,527.5,549,5257399
URJA,20191118,1.6,1.65,1.6,1.65,1178338
USHAMART,20191118,30.6,31.45,30.6,31.2,261152
UTINEXT50,20191118,293,294.1,288,288.48,14864
UTINIFTETF,20191118,1258,1265,1255.35,1264.6,1317
UTISENSETF,20191118,429.5,429.5,420.5,426.81,403
UTTAMSTL,20191118,9.55,9.55,9.55,9.55,54990
UTTAMSUGAR,20191118,99.5,99.8,96.05,99.5,120335
UVSL,20191118,0.05,0.1,0.05,0.1,4519783
V2RETAIL,20191118,118.05,118.9,106,113.6,165937
VADILALIND,20191118,759.6,759.6,680,720.4,158779
VAIBHAVGBL,20191118,868,873,849,850.65,13653
VAKRANGEE,20191118,38.5,39.25,37.9,38.95,6669454
VARDHACRLC,20191118,34.9,34.9,33.1,33.75,29275
VARDMNPOLY,20191118,2.1,2.1,2.1,2.1,90
VARROC,20191118,449.2,449.9,437,438.55,22332
VASCONEQ,20191118,13,13.35,12.85,12.9,69600
VASWANI,20191118,4.95,5,4.6,4.95,52096
VBL,20191118,711.8,713.55,689,699.05,216550
VEDL,20191118,143,144.9,142.4,143.4,12285871
VENKEYS,20191118,1737,1763,1719,1725.9,113686
VENUSREM,20191118,24.65,25,23.4,23.4,15655
VESUVIUS,20191118,985.1,1032,967.6,1016.1,3108
VETO,20191118,47.9,50,47.9,48.3,8648
VGUARD,20191118,230.95,233,227.5,230.25,155089
VHL,20191118,1465,1465,1452.95,1465,222
VICEROY,20191118,1.55,1.6,1.5,1.5,18761
VIDHIING,20191118,64.65,64.65,63,63.15,7668
VIJIFIN,20191118,0.45,0.45,0.4,0.45,16334
VIKASECO,20191118,3.4,3.55,3.25,3.45,491962
VIKASMCORP,20191118,3.7,3.95,3.7,3.85,189119
VIKASPROP,20191118,4.45,4.45,4.45,4.45,26817
VIKASWSP,20191118,8.95,9.45,8.8,9.3,468736
VIMALOIL,20191118,5.3,5.3,5.3,5.3,15
VIMTALABS,20191118,92.2,95.4,90.75,92.55,32440
VINATIORGA,20191118,1922.05,1985,1917,1923.15,39522
VINDHYATEL,20191118,798,814.7,761.95,780.95,6397
VINYLINDIA,20191118,65.7,66.7,64,64.4,27494
VIPCLOTHNG,20191118,8.05,8.35,7.65,8,248277
VIPIND,20191118,433.5,451,433.5,444.7,305793
VIPULLTD,20191118,22.9,23.55,21.55,23.1,78845
VISAKAIND,20191118,247.35,251.9,242,245.9,19605
VISASTEEL,20191118,5.3,5.3,5,5,9119
VISESHINFO,20191118,0.05,0.1,0.05,0.05,1312662
VISHAL,20191118,310,325,307,325,21
VISHNU,20191118,123.45,127,118.4,122.15,4454
VISHWARAJ,20191118,69,69,65.5,65.75,12748
VIVIDHA,20191118,0.2,0.2,0.15,0.15,16626
VIVIMEDLAB,20191118,13.45,13.45,12.55,12.6,101909
VLSFINANCE,20191118,56.5,56.75,55.6,55.75,13930
VMART,20191118,1714.2,1739,1692.8,1722.45,20207
VOLTAMP,20191118,1117.5,1123.95,1100.65,1107.3,5583
VOLTAS,20191118,713,719.4,708.25,714.45,817503
VRLLOG,20191118,266.45,271.9,262.4,269.6,80007
VSSL,20191118,66,71.95,63,65,2142
VSTIND,20191118,4502.2,4549.85,4422.05,4431.1,2705
VSTTILLERS,20191118,1155,1178.95,1139.95,1151.45,2613
VTL,20191118,914.95,914.95,888.1,893.45,6912
WABAG,20191118,172,172.65,167.05,168.25,76438
WABCOINDIA,20191118,6210,6247.3,6162.05,6202.2,1404
WALCHANNAG,20191118,68.35,69.6,66.5,67.8,1911412
WANBURY,20191118,15.2,15.2,15.2,15.2,3074
WATERBASE,20191118,130.5,130.5,121.15,122.5,160385
WEBELSOLAR,20191118,24,24.15,22.45,22.5,155838
WEIZFOREX,20191118,260.25,260.25,252.05,256.25,1485
WEIZMANIND,20191118,21,22.95,20.95,22.3,7554
WELCORP,20191118,136.3,137.7,133,134.15,436012
WELENT,20191118,77.75,83.65,76.95,82.95,285764
WELINV,20191118,164,172.4,161.1,161.1,506
WELSPUNIND,20191118,53.5,53.5,51.5,51.8,328083
WENDT,20191118,2815,2879.95,2815,2854,41
WESTLIFE,20191118,355,379.1,349.55,371.1,81216
WHEELS,20191118,644,644,623,625.65,590
WHIRLPOOL,20191118,2314.9,2328.85,2251,2280.85,91042
WILLAMAGOR,20191118,14.8,14.95,13.65,14,992
WINDMACHIN,20191118,20.3,20.3,19.2,19.65,14861
WIPRO,20191118,252.5,252.5,248.3,249.45,2878437
WOCKPHARMA,20191118,281.5,307.1,281.25,296.65,6985371
WONDERLA,20191118,272.6,274.55,265,266.35,30398
WSI,20191118,1,1,1,1,510
WSTCSTPAPR,20191118,218.75,219,210,211.4,117521
XCHANGING,20191118,54.5,55,50.3,52.3,356128
XELPMOC,20191118,68.7,69.3,63.65,66.25,2355
XLENERGY,20191118,0.45,0.45,0.4,0.45,3591
XPROINDIA,20191118,22.95,22.95,21.55,22.7,4353
YESBANK,20191118,69.25,69.25,65.4,65.85,178150594
ZEEL,20191118,292.95,298.3,287.5,294.15,8332827
ZEELEARN,20191118,23,23.5,22.5,23.25,211092
ZEEMEDIA,20191118,7.6,7.7,7.2,7.55,628311
ZENITHBIR,20191118,0.55,0.6,0.55,0.55,13763
ZENITHEXPO,20191118,39.45,43.1,37.05,38.2,2105
ZENSARTECH,20191118,186.1,188.9,185.45,187.85,31735
ZENTEC,20191118,61.05,62,60.7,61.05,22055
ZICOM,20191118,1.65,1.65,1.65,1.65,4214
ZODIACLOTH,20191118,184.15,184.15,181.05,183,830
ZODJRDMKJ,20191118,28.25,34.95,28.25,31,4994
ZOTA,20191118,191.8,191.8,184.8,185.75,20176
ZUARI,20191118,95.95,100.6,94.55,95.75,394188
ZUARIGLOB,20191118,54,56.9,54,54.65,49024
ZYDUSWELL,20191118,1431.1,1524,1431.1,1511.55,612140
NSENIFTY,20191118,11915.15,11946.20,11867.60,11884.50,514352437,0
NIFTYJUNIOR,20191118,28262.15,28302.75,28119.45,28154.00,752865475,0
NIFTYMIDCAPLIQ15,20191118,3905.55,3959.10,3897.60,3950.90,87844653,0
NSE100,20191118,12043.90,12071.35,11995.20,12010.90,1272353250,0
NIFTY200,20191118,6143.10,6156.40,6121.95,6131.15,1566212718,0
NSE500,20191118,9685.85,9705.70,9654.40,9668.60,1816857986,0
NSEMIDCAP150,20191118,6184.65,6216.25,6171.75,6210.80,327596562,0
MIDCAP50,20191118,4611.05,4648.25,4603.65,4639.15,266716861,0
NSEMIDCAP,20191118,16850.75,16951.35,16821.25,16931.45,293859468,0
NIFTYSMALLCAP250,20191118,-,-,-,4742.30,-,0
NIFTYSMALLCAP50,20191118,-,-,-,2720.20,-,0
NSESMLCAP100,20191118,5696.55,5709.75,5682.30,5688.40,-,0
NIFTYLARGEMIDCAP250,20191118,-,-,-,5927.57,1599949812,0
NIFTYMIDSMALLCAP400,20191118,-,-,-,5684.40,-,0
NIFTYAUTO,20191118,8179.15,8188.85,8105.75,8119.00,67604361,0
BANKNIFTY,20191118,31036.80,31203.55,30901.85,30992.10,331730315,0
NIFTYFINSERVICE,20191118,14025.35,14075.65,13955.45,14002.70,156814847,0
NIFTYFMGC,20191118,31342.95,31422.35,31076.65,31165.25,18848184,0
NSEIT,20191118,15326.80,15373.85,15251.00,15295.25,22066550,0
NIFTYMEDIA,20191118,1816.40,1825.60,1801.20,1815.70,73037937,0
NIFTYMETAL,20191118,2511.35,2550.30,2495.60,2539.65,107277965,0
NIFTYPHARMA,20191118,7757.95,7881.05,7750.95,7816.55,63328594,0
NIFTYPVTBANK,20191118,17074.55,17146.00,16993.75,17056.65,255983298,0
NIFTYPSUBANK,20191118,2471.85,2506.25,2468.70,2492.45,114274891,0
NIFTYREALTY,20191118,277.50,278.75,275.80,277.90,15250913,0
NIFTYCOMMODITIES,20191118,3341.35,3369.75,3335.65,3359.80,178652746,0
NIFTYCONSUMPTION,20191118,5025.40,5035.40,4997.25,5002.20,90080862,0
NIFTYCPSE,20191118,1959.60,1969.20,1943.30,1960.35,71631590,0
NIFTYENERGY,20191118,15906.75,15982.40,15853.40,15883.20,73545563,0
NIFTY100ESG,20191118,-,-,-,2206.19,1166348601,0
NIFTY100ENHESG,20191118,-,-,-,2231.95,1131182788,0
NIFTYINFRA,20191118,3250.20,3267.55,3245.60,3248.40,191862456,0
NIFTYMNC,20191118,13836.80,13862.90,13754.00,13771.25,601737532,0
NIFTYPSE,20191118,3267.20,3281.20,3243.80,3272.65,146872339,0
NIFTYSMEEMERGE,20191118,-,-,-,1364.23,651900,0
NIFTYSERVSECTOR,20191118,16852.15,16897.85,16786.70,16833.25,428241158,0
NIFTYSHARIAH25,20191118,-,-,-,4345.05,72381987,0
NIFTY50SHARIAH,20191118,-,-,-,2473.93,72708775,0
NIFTY500SHARIAH,20191118,-,-,-,2958.83,251182346,0
NIFTYABGROUP,20191118,-,-,-,2845.61,569470925,0
NIFTYMAHINDRA,20191118,-,-,-,10029.60,7299460,0
NIFTYTATA,20191118,-,-,-,6887.65,60806193,0
NIFTYTATA25CAP,20191118,-,-,-,4786.20,53297034,0
NIFTYABGROUP,20191118,-,-,-,2845.61,569470925,0
NIFTYLIQ15,20191118,3692.65,3712.65,3682.70,3699.70,353376092,0
NIFTY500VALUE50,20191118,-,-,-,3630.77,261659947,0
NIFTYALPHALOWVOL30,20191118,-,-,-,11974.03,93491599,0
NIFTYQUALLOWVOL30,20191118,-,-,-,8469.37,51509912,0
NIFTYALPHAQUALLOWVOL30,20191118,-,-,-,9619.00,62695782,0
NIFTYALPHAQUALVALLOWVOL30,20191118,-,-,-,7280.84,81097634,0
NIFTY50EQUALWEIGHT,20191118,12237.70,12262.35,12201.40,12232.50,514352437,0
NIFTY100EQUALWEIGHT,20191118,13205.70,13239.30,13160.60,13187.45,1272353250,0
NIFTY100LOWVOL30,20191118,8955.70,8962.30,8886.05,8891.55,74285209,0
NSEDEFTY,20191118,-,-,-,5731.95,-,0
NIFTY50DIVPOINT,20191118,117.35,117.35,117.35,117.35,-,0
NIFTYDIVOPPS50,20191118,2560.85,2564.25,2547.10,2554.75,216645807,0
NIFTYALPHA50,20191118,12710.45,12746.40,12674.80,12717.60,130201627,0
NIFTY50ARBITRAGE,20191118,-,-,-,1869.62,-,0
NIFTY50FUTINDEX,20191118,-,-,-,4032.65,-,0
NIFTY50FUTTRINDEX,20191118,-,-,-,12009.77,-,0
NIFTYHIGHBETA50,20191118,-,-,-,1350.50,1161941072,0
NIFTYLOWVOL50,20191118,-,-,-,10514.06,90625525,0
NIFTY200QUALITY30,20191118,-,-,-,9805.10,-,0
NIFTY50VALUE20,20191118,5448.30,5458.25,5416.45,5425.15,297401483,0
NIFTYGROWSECT15,20191118,6329.65,6339.30,6295.15,6315.10,48582231,0
NIFTY50TR2XLEV,20191118,6632.20,6666.40,6579.55,6598.15,-,0
NIFTY50PR2XLEV,20191118,5102.45,5128.75,5061.95,5076.20,-,0
NIFTY50TR1XINV,20191118,342.85,344.20,341.95,343.75,-,0
NIFTY50PR1XINV,20191118,390.85,392.40,389.80,391.85,-,0
NIFTY-GS-COMPSITE,20191118,2050.43,2054.48,2049.96,2054.16,-,0
NIFTY-GS-4-8YR,20191118,2141.49,2143.50,2141.49,2142.83,-,0
NIFTY-GS-8-13YR,20191118,2015.64,2020.55,2014.94,2020.47,-,0
NIFTY-GS-10YR,20191118,1857.70,1863.40,1856.59,1863.18,-,0
NIFTY-GS-10YR-CLN,20191118,945.82,948.74,945.25,948.63,-,0
NIFTY-GS-11-15YR,20191118,2131.53,2136.96,2131.26,2136.24,-,0
NIFTY-GS-15YRPLUS,20191118,2293.89,2294.00,2293.89,2295.28,-,0
VIX,20191118,15.03,16.07,12.67,15.76,0,0
