<ticker>,<date>,<open>,<high>,<low>,<close>,<volume>,<o/i>
20MICRONS,20191010,38.25,39.35,37.65,38.1,17434
21STCENMGM,20191010,12.7,12.95,12.7,12.7,1861
3IINFOTECH,20191010,2.1,2.15,2.05,2.1,839135
3MINDIA,20191010,20156,20246.9,19725,19852.95,867
5PAISA,20191010,167,169.7,160.65,164.45,5155
63MOONS,20191010,121.45,124,114.2,115.3,127577
A2ZINFRA,20191010,9.65,9.75,9.2,9.5,89280
AARTIDRUGS,20191010,462.1,462.15,444.1,451.7,27919
AARTIIND,20191010,764.5,775,761,765.15,40187
AARVEEDEN,20191010,15.85,15.9,14,15.3,3111
AAVAS,20191010,1610,1676.15,1603.05,1635.75,9207
ABAN,20191010,24.2,25.95,24.1,25.05,21434
ABB,20191010,1485,1493.85,1454.3,1464.45,31590
ABBOTINDIA,20191010,10990,11056.55,10781.6,10999.35,20392
ABCAPITAL,20191010,79.55,81.2,79,79.2,670965
ABFRL,20191010,206.55,208.1,203.55,204.6,358364
ACC,20191010,1459.8,1462.8,1418.1,1422.9,721330
ACCELYA,20191010,844.95,850,823.35,846.1,6589
ACE,20191010,74.2,78,73.7,77.45,215567
ADANIENT,20191010,138,139.1,135.3,137.4,2413888
ADANIGAS,20191010,138,142.95,136.8,138.5,1889479
ADANIGREEN,20191010,71.4,74.5,70.55,73.8,3267575
ADANIPORTS,20191010,397.8,401.6,395.6,399.9,3034826
ADANIPOWER,20191010,60.8,63.1,58.9,62.5,17192619
ADANITRANS,20191010,225.65,227.95,222,222.6,44917
ADFFOODS,20191010,257,262.4,255.1,258.95,17217
ADHUNIKIND,20191010,108.65,113.5,106.95,108.35,73454
ADLABS,20191010,2.6,2.6,2.5,2.5,50963
ADORWELD,20191010,300,307.85,295.65,299.35,1072
ADROITINFO,20191010,7.55,7.55,7.55,7.55,24
ADSL,20191010,13.75,13.75,12.9,13.35,47455
ADVANIHOTR,20191010,52.95,53.9,52,52.35,6401
ADVENZYMES,20191010,150,150.9,147.1,148,28761
AEGISCHEM,20191010,164.1,172.95,163.45,164.7,115157
AFFLE,20191010,1239,1294.6,1190,1198.2,200638
AGARIND,20191010,124.3,124.95,117.45,119.95,3781
AGCNET,20191010,115,115,115,115,630
AGLSL,20191010,49,51.5,48.15,48.9,7011
AGRITECH,20191010,45.85,45.85,43.7,44.55,9710
AGROPHOS,20191010,106.75,108.35,106.75,108.05,401718
AHLEAST,20191010,176.4,182.9,176,178.4,225
AHLUCONT,20191010,273.3,282,268.2,275.2,2071
AHLWEST,20191010,305,305.25,287,290.25,373
AIAENG,20191010,1650,1655.05,1607.05,1623.35,7594
AIONJSW,20191010,9.85,10,9.85,9.95,67287
AIRAN,20191010,13,13,12.5,12.5,14370
AJANTPHARM,20191010,985,988.95,972,976.55,22445
AJMERA,20191010,114,117,109,110.9,33094
AKSHARCHEM,20191010,204.7,206,195.95,198.05,5738
AKSHOPTFBR,20191010,7.5,7.75,7.05,7.4,435915
AKZOINDIA,20191010,1854.95,1869.95,1818,1822.75,5614
ALANKIT,20191010,20.85,20.85,19.8,20.05,120296
ALBERTDAVD,20191010,338.45,340.6,330,332.25,1340
ALBK,20191010,26.55,27.25,26,26.55,935127
ALCHEM,20191010,0.9,0.9,0.85,0.85,338
ALEMBICLTD,20191010,44.45,46.3,44,45.75,56280
ALICON,20191010,339,341,331.1,336.9,979
ALKALI,20191010,45.55,45.95,44.3,44.75,989
ALKEM,20191010,1932.6,1950,1910,1929,51518
ALKYLAMINE,20191010,869.85,879.9,841.9,853.6,5559
ALLCARGO,20191010,98.85,99.4,97.1,98.3,80332
ALLSEC,20191010,289.4,289.4,264.2,275,4166
ALMONDZ,20191010,9.5,9.5,9.5,9.5,60
ALOKTEXT,20191010,1.7,1.7,1.65,1.7,2654955
ALPA,20191010,14.6,14.6,13.8,14,5243
ALPHAGEO,20191010,187.95,190.2,185,186.25,2756
ALPSINDUS,20191010,0.3,0.3,0.3,0.3,955
AMARAJABAT,20191010,693.55,700,677.15,680,180484
AMBER,20191010,887.95,923,885.9,908.65,18539
AMBIKCO,20191010,904.5,916.5,900,908.1,1463
AMBUJACEM,20191010,191.3,191.7,186.85,188,1878899
AMDIND,20191010,17.75,17.75,15.9,15.9,3483
AMJLAND,20191010,15.25,16.4,15.25,15.45,4657
AMRUTANJAN,20191010,339.25,363.7,337.1,347.2,62617
ANANTRAJ,20191010,29,29.45,28.05,28.3,95110
ANDHRABANK,20191010,16.4,16.45,16.05,16.1,214207
ANDHRACEMT,20191010,2.5,2.55,2.35,2.55,80144
ANDHRSUGAR,20191010,272.55,272.55,258.75,263.25,21440
ANIKINDS,20191010,7.1,7.1,6.7,6.75,402
ANKITMETAL,20191010,0.5,0.55,0.5,0.5,2545
ANSALAPI,20191010,3.9,4.15,3.9,4,20201
ANSALHSG,20191010,4.55,4.95,4.4,4.55,33155
ANTGRAPHIC,20191010,0.7,0.75,0.7,0.75,44420
ANUP,20191010,436.05,459.7,436.05,453.05,9818
APARINDS,20191010,510,512.35,502,506.4,1969
APCL,20191010,143.4,143.4,139.4,141,1111
APCOTEXIND,20191010,184.95,192.45,184.95,190.15,12880
APEX,20191010,212.25,213.85,206.2,207.95,31642
APLAPOLLO,20191010,1366.5,1371.5,1340.3,1361.95,18516
APLLTD,20191010,537.3,547.8,531.8,540.1,29907
APOLLO,20191010,70,70,68.2,69.5,16947
APOLLOHOSP,20191010,1422,1438,1405.5,1412.25,435916
APOLLOTYRE,20191010,168.8,169.5,165,165.85,1585971
APOLSINHOT,20191010,748,763.85,742.95,757.95,539
APTECHT,20191010,146.35,148.9,142.35,144.5,90867
ARCHIDPLY,20191010,27.5,27.5,25.35,26.55,1845
ARCHIES,20191010,19.4,19.4,18.7,18.85,10963
ARCOTECH,20191010,1.8,1.8,1.75,1.75,1782
ARIES,20191010,58.3,59.55,58,58.65,13538
ARIHANT,20191010,18,18,16.55,17.9,665
ARIHANTSUP,20191010,29.4,29.4,29.4,29.4,1059
ARMANFIN,20191010,537.9,559.85,537.9,553.6,37976
AROGRANITE,20191010,38.55,39.5,37.5,38.4,5622
ARROWGREEN,20191010,58.65,58.85,54.05,54.65,1384
ARROWTEX,20191010,9.75,10.3,9.55,9.95,6320
ARSHIYA,20191010,19.5,20.25,18.55,18.95,77348
ARSSINFRA,20191010,20.15,20.2,18.8,20,15159
ARVIND,20191010,44.35,44.8,42.9,43.05,1295946
ARVINDFASN,20191010,423.25,424,416.95,422.05,5876
ARVSMART,20191010,83,87,80.75,85.3,23044
ASAHIINDIA,20191010,180.05,183.9,180.05,180.8,6828
ASAHISONG,20191010,135.5,135.5,132,132.25,545
ASAL,20191010,33.05,33.9,33.05,33.5,1208
ASHAPURMIN,20191010,38.35,38.35,34.75,34.75,222778
ASHIANA,20191010,100.5,100.9,98,98.9,126514
ASHIMASYN,20191010,7.3,7.6,7.1,7.1,18677
ASHOKA,20191010,97.4,98,97.15,97.7,308157
ASHOKLEY,20191010,68.5,70.75,67.55,68.85,41367276
ASIANHOTNR,20191010,108.8,108.8,101.4,104.55,812
ASIANPAINT,20191010,1765,1793,1756.5,1778.6,1599166
ASIANTILES,20191010,209.75,215.9,204.15,207.5,73017
ASPINWALL,20191010,142,142,130,135,3825
ASSAMCO,20191010,0.6,0.6,0.55,0.6,63759
ASTEC,20191010,386,389.5,372,383.3,5619
ASTERDM,20191010,116.55,118.8,116.55,117.95,12635
ASTRAL,20191010,1198,1198.25,1153,1163.4,60454
ASTRAMICRO,20191010,78.7,79.2,76.35,78.05,36726
ASTRAZEN,20191010,2200.5,2248,2140,2159.6,7792
ASTRON,20191010,97.55,99,96.1,97.3,289689
ATFL,20191010,486.3,486.75,477,481.65,1862
ATLANTA,20191010,7.5,7.5,6.9,7.15,11324
ATUL,20191010,3943.1,3986.4,3870,3896.4,7696
ATULAUTO,20191010,223.1,228.4,223.1,224.7,5932
AUBANK,20191010,644.7,649,636.3,638.7,54896
AURIONPRO,20191010,93.5,93.5,84.2,85.7,19692
AUROPHARMA,20191010,474,474,436.65,465.15,12092242
AUSOMENT,20191010,30.8,30.8,27.5,27.55,1065
AUTOAXLES,20191010,843,864,834,838.25,3408
AUTOIND,20191010,33.05,34.85,33.05,33.5,7980
AUTOLITIND,20191010,19.85,20.65,18.4,19.75,5824
AVADHSUGAR,20191010,263.4,269.9,258,262.35,47318
AVANTIFEED,20191010,355.5,363.2,350.25,357.1,121869
AVTNPL,20191010,22.9,23.15,22,22.45,19278
AXISBANK,20191010,680,684.3,665.35,672.95,8679981
AXISCADES,20191010,78,78.2,72.3,75.8,146338
AXISGOLD,20191010,3372,3390.95,3354.05,3374.95,226
AXISNIFTY,20191010,1156.22,1165.85,1153,1165.39,662
AYMSYNTEX,20191010,29.1,30.05,29.05,30,6981
BAGFILMS,20191010,1.4,1.45,1.4,1.4,155287
BAJAJ-AUTO,20191010,2881,2932,2865,2886.25,313632
BAJAJCON,20191010,244.8,244.8,239.1,240.4,65491
BAJAJELEC,20191010,376.7,386.8,373.3,379.1,110223
BAJAJFINSV,20191010,8280,8345,8175,8201.85,200005
BAJAJHIND,20191010,6,6.15,5.95,6,482206
BAJAJHLDNG,20191010,3623,3623,3580,3587.85,7662
BAJFINANCE,20191010,4013.65,4015,3931,3948.9,1102788
BALAJITELE,20191010,53.25,53.25,51.55,51.65,28671
BALAMINES,20191010,309.1,317.5,308.1,310.35,8364
BALAXI,20191010,81.25,88,81.25,83.05,1241
BALKRISHNA,20191010,23.45,23.45,23.45,23.45,1197
BALKRISIND,20191010,734.95,749.9,726.85,745.6,343383
BALLARPUR,20191010,0.6,0.6,0.55,0.6,1737170
BALMLAWRIE,20191010,166.45,167.1,165.25,165.6,26279
BALPHARMA,20191010,37.5,38.1,36.7,37.8,2187
BALRAMCHIN,20191010,153.75,155.55,150.4,151.8,620796
BANARBEADS,20191010,32,32,25.9,28.55,17928
BANARISUG,20191010,1148.15,1200,1089.1,1120,394
BANCOINDIA,20191010,98.65,99.15,96.3,96.45,33493
BANDHANBNK,20191010,482,511,477,506.65,2186326
BANG,20191010,21.6,21.7,21,21.45,4126
BANKBARODA,20191010,89.9,89.9,87.25,87.8,23558861
BANKBEES,20191010,2920,2925,2852,2863.63,8752
BANKINDIA,20191010,61,61.25,59.25,59.9,7031788
BANSWRAS,20191010,68.15,71.3,66.6,67,3167
BARTRONICS,20191010,1.85,1.9,1.8,1.8,6200
BASF,20191010,987.85,1000,975,976.7,4734
BASML,20191010,124.55,130,122.5,122.9,4092
BATAINDIA,20191010,1717,1748,1691,1701.65,895098
BAYERCROP,20191010,3342.85,3355.8,3240,3278.95,3593
BBL,20191010,876,916.65,876,893.15,9532
BBTC,20191010,1088,1099,1056,1069,64050
BCG,20191010,3.2,3.35,3,3.1,484601
BCP,20191010,9.3,9.3,9.3,9.3,1009
BDL,20191010,284.6,286.6,282,283.15,15887
BEARDSELL,20191010,10.4,11.25,9.85,10.5,2026
BEDMUTHA,20191010,10.85,11.2,10.3,10.55,5409
BEL,20191010,105.1,106.45,103.9,105.65,4572778
BEML,20191010,930,941.45,894,906.7,456795
BEPL,20191010,52.7,53.25,50.2,50.6,413457
BERGEPAINT,20191010,450.8,476.45,447.05,469.35,4118801
BFINVEST,20191010,275,276.95,271.1,275.05,22589
BFUTILITIE,20191010,164.35,165,160.6,161.45,222479
BGLOBAL,20191010,1.65,1.65,1.55,1.55,629
BGRENERGY,20191010,32.7,32.7,31.6,31.7,42989
BHAGERIA,20191010,106.95,107.7,101.65,102.6,7048
BHAGYANGR,20191010,18.85,19,18.5,18.9,2505
BHAGYAPROP,20191010,22.3,22.3,18.1,19,2372
BHANDARI,20191010,1.2,1.25,1.15,1.15,35149
BHARATFORG,20191010,430.65,433.3,422.1,423.9,624592
BHARATGEAR,20191010,63,63,56.6,59.3,12226
BHARATRAS,20191010,5873,5873.9,5601,5681.8,1292
BHARATWIRE,20191010,26.1,26.2,25.4,25.55,3290
BHARTIARTL,20191010,362.9,385,362,377.25,47660614
BHEL,20191010,43.55,44.7,42.8,43.05,19819884
BIGBLOC,20191010,25.25,26.9,22.1,24.95,1476
BIL,20191010,159.6,166.9,151.65,154.5,1625
BILENERGY,20191010,0.95,0.95,0.9,0.9,75050
BINDALAGRO,20191010,9.6,9.95,9.05,9.15,22101
BIOCON,20191010,233,243.2,233,240.15,5293267
BIOFILCHEM,20191010,4.4,4.65,4.4,4.65,76
BIRLACABLE,20191010,47.35,47.35,45,45.3,27876
BIRLACORPN,20191010,527.25,533,510.05,516.35,34678
BIRLAMONEY,20191010,34.75,34.95,33.95,34.1,31645
BKMINDST,20191010,0.85,0.95,0.85,0.95,19129
BLBLIMITED,20191010,3.05,3.35,3,3.35,94431
BLISSGVS,20191010,103.95,104.85,101.7,103.7,76383
BLKASHYAP,20191010,8.5,8.5,8.15,8.2,63720
BLS,20191010,80.2,80.7,78,78.15,17283
BLUEBLENDS,20191010,1.25,1.25,1.25,1.25,150
BLUECOAST,20191010,2.25,2.25,2.25,2.25,1202
BLUEDART,20191010,2285.9,2320,2270,2296.1,6022
BLUESTARCO,20191010,815,822,809.15,814.65,29163
BODALCHEM,20191010,72.95,73.4,71.15,71.35,54663
BOMDYEING,20191010,70,70.75,68,68.75,911533
BOROSIL,20191010,158,159.2,152.2,154.1,31344
BOSCHLTD,20191010,13280,13398,13200.1,13326.75,12487
BPCL,20191010,490,494,484.1,489.9,4629540
BPL,20191010,19.95,20.5,19.45,19.7,54348
BRFL,20191010,4.75,5.05,4.7,5,21842
BRIGADE,20191010,199.7,200.9,195.05,196.35,38111
BRITANNIA,20191010,3060.1,3061,3001,3037.75,422209
BRNL,20191010,64.5,66.6,63,63.3,4014
BROOKS,20191010,32.5,32.5,31,31.7,7456
BSE,20191010,533,533.75,514,515.15,83330
BSELINFRA,20191010,1.05,1.05,1,1.05,28148
BSL,20191010,25.35,25.85,25.1,25.2,1107
BSLGOLDETF,20191010,3502.05,3535,3502.05,3534,25
BSLNIFTY,20191010,125,125,122.4,122.4,17
BSOFT,20191010,61.05,61.05,58.7,59.85,418597
BURNPUR,20191010,1.2,1.2,1.15,1.2,9884
BUTTERFLY,20191010,147.15,148.7,145.5,147.05,18307
BVCL,20191010,10.55,11.55,10.45,10.9,922
BYKE,20191010,19,19,18,18.25,5361
CADILAHC,20191010,235.4,236.7,231.5,232.2,458031
CALSOFT,20191010,10.5,10.6,10.1,10.55,31885
CAMLINFINE,20191010,54.65,55.3,53.05,53.65,36852
CANBK,20191010,183,183.7,176.65,178.1,6430752
CANFINHOME,20191010,386,400.9,386,389.25,198015
CANTABIL,20191010,205.05,208,202.3,203.55,11623
CAPACITE,20191010,197,204,195,196.4,17818
CAPLIPOINT,20191010,397.5,408,392.6,404.9,18675
CAPTRUST,20191010,115,116,114.95,114.95,20261
CARBORUNIV,20191010,292,293.15,285,286.7,1219932
CAREERP,20191010,89.1,91.9,87.55,88.6,7754
CARERATING,20191010,518,525.5,505.25,514.8,16468
CASTEXTECH,20191010,0.4,0.4,0.35,0.35,101309
CASTROLIND,20191010,132.8,134.5,131.6,132.05,913094
CCHHL,20191010,3.15,3.4,3.15,3.4,15650
CCL,20191010,230.9,246.25,225,239.6,50172
CDSL,20191010,205,206.5,202.1,204.8,103882
CEATLTD,20191010,939.9,939.9,915,922.5,71030
CEBBCO,20191010,13.2,13.4,12.5,13.25,39682
CELEBRITY,20191010,5.75,5.75,5.4,5.5,8732
CELESTIAL,20191010,3.05,3.15,3.05,3.15,2060
CENTENKA,20191010,168.95,170,166.3,167.85,42072
CENTEXT,20191010,2.95,2.95,2.7,2.8,25402
CENTRALBK,20191010,17.2,17.25,16.9,17.05,255615
CENTRUM,20191010,23.95,24.4,22.95,23.7,115949
CENTUM,20191010,387,398.95,375.4,393.25,2501
CENTURYPLY,20191010,165.4,165.4,160.65,161.6,92790
CENTURYTEX,20191010,920,921.3,864,882.2,2058265
CERA,20191010,2509.3,2529.9,2460,2470.55,37840
CEREBRAINT,20191010,21.4,21.9,20.55,21.25,425020
CESC,20191010,757,761.85,744.2,756.1,442587
CESCVENT,20191010,334.95,364.5,334.95,354.25,26351
CGCL,20191010,209,209.9,203.3,206.35,386740
CGPOWER,20191010,14.65,14.65,13.55,13.85,540302
CHALET,20191010,317.85,319.75,315.2,318.5,233476
CHAMBLFERT,20191010,146.65,148.75,146.5,147.55,66687
CHEMFAB,20191010,177.4,178,177.4,177.6,823
CHENNPETRO,20191010,165.05,165.75,160.15,161.65,248421
CHOLAFIN,20191010,292.2,295.2,282.65,283.3,823820
CHOLAHLDNG,20191010,475.2,478,466.3,475.05,25481
CHROMATIC,20191010,0.4,0.5,0.4,0.5,20249
CIGNITITEC,20191010,323.95,332,303,328.2,20886
CIMMCO,20191010,19.45,22.25,18.25,18.85,35007
CINELINE,20191010,32.15,33,31.6,31.9,2709
CINEVISTA,20191010,16.15,16.15,16.15,16.15,72209
CIPLA,20191010,423.1,427.3,418.55,422.15,2381621
CKFSL,20191010,0.5,0.5,0.5,0.5,316352
CLEDUCATE,20191010,79,79.9,78.35,78.6,753
CLNINDIA,20191010,290,291.6,287,288.45,3708
CMICABLES,20191010,57.35,57.35,54.5,55.4,7465
CNOVAPETRO,20191010,7.95,9.15,7.7,8.05,333
COALINDIA,20191010,185,185.9,183.7,184.55,4047661
COCHINSHIP,20191010,337,342,330.15,336.6,580081
COFFEEDAY,20191010,45.4,45.4,41.55,41.9,837887
COLPAL,20191010,1494.95,1503.65,1483.55,1496.2,242765
COMPINFO,20191010,9.85,10,9.5,9.85,47594
COMPUSOFT,20191010,8.2,8.25,7.6,7.95,16761
CONCOR,20191010,561.55,571.35,561.15,566.5,811503
CONFIPET,20191010,28.2,29.7,26.95,27.2,78516
CONSOFINVT,20191010,35.95,36.2,35.95,36,1791
CONTROLPR,20191010,240.05,248.25,237.5,247.05,5507
CORALFINAC,20191010,10.8,11.25,10.5,10.95,842
CORDSCABLE,20191010,42.7,43.7,41.15,41.4,3535
COROMANDEL,20191010,403.8,407.7,399.95,403.45,32295
CORPBANK,20191010,14.1,14.45,14.05,14.2,109031
COSMOFILMS,20191010,203.5,206.65,202,202.3,8628
COUNCODOS,20191010,2.05,2.05,1.95,1.95,306
COX&KINGS,20191010,2.9,2.9,2.9,2.9,148251
CPSEETF,20191010,23.27,23.27,23.05,23.09,2710110
CREATIVE,20191010,65.25,67.95,62,62,5333
CREATIVEYE,20191010,1.3,1.3,1.3,1.3,700
CREDITACC,20191010,672,672,635.25,637.75,51908
CREST,20191010,88.95,88.95,85.15,85.55,497
CRISIL,20191010,1288,1295,1276.4,1289.45,6357
CRMFGETF,20191010,3555,3900,3555,3900,31
CROMPTON,20191010,259.55,260.05,256.15,257.6,493507
CTE,20191010,26.05,28.45,25.4,25.95,4572
CUB,20191010,220.1,222.5,216.7,220.5,386725
CUBEXTUB,20191010,10.55,10.8,9.75,10.8,3350
CUMMINSIND,20191010,568.4,574,562,564.75,332475
CUPID,20191010,139.95,142.35,136,137.95,12203
CYBERTECH,20191010,49.75,52.4,48.2,50.7,8349
CYIENT,20191010,452,462.95,451,455.85,59083
DAAWAT,20191010,23.9,23.9,23.5,23.6,146853
DABUR,20191010,443.4,443.45,436.45,439.4,571364
DALBHARAT,20191010,775.9,794.7,775.9,781.85,35898
DALMIASUG,20191010,88,88.95,86.75,87.85,63019
DAMODARIND,20191010,28.8,29.25,26.75,28,1306
DATAMATICS,20191010,71,72.9,71,72.35,7965
DBCORP,20191010,142.1,149.15,139.3,142.9,386828
DBL,20191010,374.65,384,372.05,375.85,150870
DBREALTY,20191010,6.6,6.6,6.2,6.25,106647
DCAL,20191010,157.25,159.9,154,156.05,62160
DCBBANK,20191010,182.95,186.55,180.1,181.9,400280
DCM,20191010,21,22.2,20.3,22.1,1358
DCMFINSERV,20191010,0.9,0.9,0.9,0.9,100
DCMNVL,20191010,26.5,28.95,26.5,27.5,1368
DCMSHRIRAM,20191010,385,390.4,375.15,381.35,52031
DCW,20191010,15,15,14.6,14.65,67239
DECCANCE,20191010,347.5,347.5,335.05,337.2,1267
DEEPAKFERT,20191010,90.1,95.35,88.8,91.55,286746
DEEPAKNTR,20191010,293,304.85,291.15,303.4,220522
DEEPIND,20191010,99.7,100.45,97.6,99.7,5982
DELTACORP,20191010,167,174.4,164.35,172.65,1210931
DELTAMAGNT,20191010,39.4,39.4,39.4,39.4,10
DEN,20191010,49.45,51.45,48,49,22614
DENORA,20191010,208.05,215,199.5,200.9,4243
DFMFOODS,20191010,246,248.4,246,247.6,8193
DGCONTENT,20191010,5.4,5.85,5.4,5.75,12271
DHAMPURSUG,20191010,209.8,213.4,205.95,209.6,391582
DHANBANK,20191010,14.8,14.9,14.25,14.4,179285
DHANUKA,20191010,310.05,315,302,305.5,6718
DHARSUGAR,20191010,7.4,7.85,7.25,7.3,13702
DHFL,20191010,24.25,25.5,23.5,23.5,5968941
DHUNINV,20191010,195.15,208.85,195.05,198.35,1615
DIAMONDYD,20191010,884.8,884.8,853,875,31458
DICIND,20191010,333.05,358,330.2,351.35,255
DIGISPICE,20191010,5,5.75,5,5.25,6848
DISHTV,20191010,18,18.2,17,17.2,27048614
DIVISLAB,20191010,1645,1680,1641,1667.15,566891
DIXON,20191010,3031.15,3232,2962,2991.9,53168
DLF,20191010,146.5,146.9,139.5,142.45,12393751
DLINKINDIA,20191010,93.95,93.95,88.95,91.7,11437
DMART,20191010,1818.95,1838.4,1813.15,1821.35,292723
DNAMEDIA,20191010,0.35,0.4,0.3,0.4,17598
DOLAT,20191010,55.35,57.75,55,55.45,51193
DOLLAR,20191010,189,189,181,182.2,2526
DONEAR,20191010,29.4,29.8,29.35,29.6,1264
DPSCLTD,20191010,10.35,10.4,9.6,9.6,23583
DQE,20191010,2.7,2.7,2.6,2.6,3645
DREDGECORP,20191010,309.7,314.7,304,305.6,94411
DRREDDY,20191010,2626.15,2666.9,2612.05,2633.5,288141
DSSL,20191010,26,26.65,26,26.5,2792
DTIL,20191010,160,162.85,158.5,161.25,471
DUCON,20191010,5.3,5.3,4.8,4.8,92248
DVL,20191010,67,67.55,66.1,66.95,2001
DWARKESH,20191010,24.5,24.75,23.9,24,219272
DYNAMATECH,20191010,1205.1,1242.5,1140,1158.55,1563
DYNPRO,20191010,123,123,119.15,121.45,9871
EASTSILK,20191010,0.65,0.75,0.65,0.65,5480
ECLERX,20191010,400,401.05,397,397.55,9504
EDELWEISS,20191010,73.7,75.6,70.65,72.35,7005978
EICHERMOT,20191010,18195,18195,17851.75,18052.5,82354
EIDPARRY,20191010,155,157,152.85,153.6,30111
EIHAHOTELS,20191010,300.05,306,300,300.15,3515
EIHOTEL,20191010,167.4,174.6,166,171.95,83460
EIMCOELECO,20191010,299.8,299.85,285.15,290.4,1368
EKC,20191010,25.3,27,25.2,25.35,28342
ELECON,20191010,29.3,30,29.3,29.85,8815
ELECTCAST,20191010,14.45,14.45,12,12.95,313623
ELECTHERM,20191010,127.05,133.4,125.1,127.6,65245
ELGIEQUIP,20191010,275.3,280,274.65,279.05,5051
ELGIRUBCO,20191010,15.5,16,15.15,15.3,5919
EMAMILTD,20191010,299.05,301.15,295.1,300.15,381481
EMAMIPAP,20191010,84.2,87.85,84.15,84.3,3913
EMAMIREAL,20191010,42,42,38.25,38.65,5192
EMCO,20191010,0.8,0.85,0.75,0.8,7590
EMKAY,20191010,67.45,70.7,65,65.5,4828
EMMBI,20191010,118.9,119.65,116.05,116.7,1903
ENDURANCE,20191010,967.7,984.45,956,965.75,9602
ENERGYDEV,20191010,5.35,5.5,5.15,5.25,6587
ENGINERSIN,20191010,109.3,111.5,109.2,111,1481244
ENIL,20191010,270,273.5,260.4,266.45,42891
EON,20191010,13.55,14.35,13.15,13.6,7830
EQ30,20191010,325.85,325.85,325.85,325.85,18
EQUITAS,20191010,101.35,103.45,95.15,97.2,3072995
ERIS,20191010,421.75,423.5,418,422.2,4034
EROSMEDIA,20191010,13.9,14.2,13.5,13.6,101767
ESABINDIA,20191010,1200.05,1259.8,1200.05,1238.85,2601
ESCORTS,20191010,604.9,615.7,597.15,603.65,2962369
ESSARSHPNG,20191010,6.75,7.25,6.75,7.2,1284
ESSELPACK,20191010,116.4,121,114.5,118.75,35646
ESTER,20191010,29.65,31.9,29.65,30.5,16256
EUROMULTI,20191010,0.55,0.55,0.55,0.55,10
EVEREADY,20191010,42.65,42.65,41.15,42,108763
EVERESTIND,20191010,309,320.8,309,311.6,10939
EXCEL,20191010,1.1,1.1,1,1,7904
EXCELINDUS,20191010,880,880,851.15,856.3,3360
EXIDEIND,20191010,190.5,190.5,182.05,184.05,1373162
EXPLEOSOL,20191010,292.95,294.65,291,292.1,788
FACT,20191010,38.95,39.7,38.1,38.3,96525
FAIRCHEM,20191010,490,497.5,483.65,494.1,2088
FCL,20191010,25.55,26,24.7,24.95,90948
FCONSUMER,20191010,23.15,24.3,22.75,23.9,994628
FCSSOFT,20191010,0.25,0.25,0.2,0.2,364519
FDC,20191010,167.45,169.95,162,162.95,13135
FEDERALBNK,20191010,85.8,85.8,83.4,84.3,6218988
FEL,20191010,19.3,20.25,19.1,20.05,155065
FELDVR,20191010,19.05,21,18.5,19.9,8634
FIEMIND,20191010,337.05,337.45,333.3,334.25,1193
FILATEX,20191010,37.25,37.55,36.2,36.5,45189
FINCABLES,20191010,359.4,363.5,356.95,358.15,60681
FINEORG,20191010,1711,1732,1681.05,1685.75,4584
FINPIPE,20191010,584,587.85,578,582.95,15561
FLEXITUFF,20191010,7.05,7.05,7.05,7.05,600
FLFL,20191010,413,422,403.55,419.65,31026
FMGOETZE,20191010,529.6,540,525.05,537.7,6266
FMNL,20191010,30.1,30.9,29.4,30.65,8678
FORCEMOT,20191010,1096.95,1106.95,1082.4,1094.2,14644
FORTIS,20191010,139.9,141.5,139.55,140.85,564954
FOSECOIND,20191010,1275,1289.4,1261,1270,77
FRETAIL,20191010,374.55,383.95,360.5,381.55,399194
FSC,20191010,518,522.1,506,511.65,2487
FSL,20191010,46.4,47.2,46.15,46.7,942436
GABRIEL,20191010,102.7,105.7,97.95,98.65,107387
GAEL,20191010,138,142,131.6,135.2,35290
GAIL,20191010,131.4,132.1,126.4,127.35,12077572
GAL,20191010,2.2,2.3,2.1,2.1,14219
GALAXYSURF,20191010,1476.25,1494.95,1461,1482.5,6826
GALLANTT,20191010,28.9,28.9,26.9,27,3577
GALLISPAT,20191010,20,20,18.5,18.95,12471
GAMMNINFRA,20191010,0.3,0.3,0.25,0.25,561017
GANDHITUBE,20191010,318.4,319,306.5,308.65,659
GANECOS,20191010,247.95,248,238.65,245,212661
GANESHHOUC,20191010,36,38.65,34.05,35.9,56225
GANGESSECU,20191010,33.5,33.5,33.5,33.5,44
GARDENSILK,20191010,10.65,11.1,10.45,10.65,3950
GARFIBRES,20191010,1165,1209,1165,1189.7,10025
GATI,20191010,54.9,55,52.7,53.9,167285
GAYAHWS,20191010,0.3,0.35,0.3,0.35,1147460
GAYAPROJ,20191010,106.35,107.75,104.1,106.05,36207
GDL,20191010,96.95,97.6,95.4,96.65,38593
GEECEE,20191010,87,87.05,81.1,82,1635
GENESYS,20191010,76.3,77.85,74.5,74.7,7106
GENUSPAPER,20191010,4.75,5.15,4.75,5.15,42121
GENUSPOWER,20191010,22.1,22.9,21.8,21.85,43688
GEOJITFSL,20191010,26.6,26.6,25.85,26.25,151869
GEPIL,20191010,743.1,743.15,712.25,717.4,10772
GESHIP,20191010,290.05,298,283.05,293.95,45766
GET&D,20191010,170,173.95,169.9,172.25,15913
GFLLIMITED,20191010,76.15,80.35,73,80.35,96855
GFSTEELS,20191010,5.3,5.3,5.3,5.3,1024
GHCL,20191010,209.8,211.95,206.2,207.3,23217
GICHSGFIN,20191010,138,138,135,135.25,33106
GICRE,20191010,213.9,213.9,206.8,210.2,38820
GILLANDERS,20191010,29,29,28.5,29,5051
GILLETTE,20191010,7070,7080.95,7002.2,7056.1,1405
GINNIFILA,20191010,7.85,7.85,7.35,7.55,20227
GIPCL,20191010,68.1,68.5,67.45,67.8,17374
GKWLIMITED,20191010,785.95,788,737.5,755.05,112
GLAXO,20191010,1359.45,1389,1355,1370.85,35810
GLENMARK,20191010,290.9,298.95,288.3,289.75,1676721
GLFL,20191010,1.45,1.45,1.4,1.4,51
GLOBALVECT,20191010,51,55.85,49.2,51.7,3874
GLOBOFFS,20191010,6,6.2,5.95,6.2,1557
GLOBUSSPR,20191010,119,120.55,115.5,117.2,39378
GMBREW,20191010,387.8,389.6,370.1,374.9,58813
GMDCLTD,20191010,57.65,58.2,57.4,57.75,85711
GMMPFAUDLR,20191010,1490.05,1514.95,1490.05,1501.8,2507
GMRINFRA,20191010,17.25,17.65,17.1,17.2,9317041
GNA,20191010,229,231.4,229,230.4,7458
GNFC,20191010,198.8,205.45,196.7,201.2,264249
GOACARBON,20191010,226,231.7,226,226,22531
GOCLCORP,20191010,280.15,285.05,275.85,284.15,3842
GODFRYPHLP,20191010,969.8,989.4,943.05,975.05,64679
GODREJAGRO,20191010,478.95,480.45,469.15,472.2,17559
GODREJCP,20191010,672,682.6,671.65,680.1,500575
GODREJIND,20191010,385.3,388,376,379.9,133508
GODREJPROP,20191010,998.85,998.85,972,978.55,95037
GOKEX,20191010,85.3,86.8,85.05,85.85,27359
GOKUL,20191010,13.35,13.4,12.75,13.4,1090
GOKULAGRO,20191010,13.45,14.2,13.4,14.15,32459
GOLDBEES,20191010,3389,3394.3,3378,3382.8,9899
GOLDENTOBC,20191010,27.45,29.85,26.25,27.75,2872
GOLDIAM,20191010,133.8,136,128.35,131.4,57301
GOLDSHARE,20191010,3418.8,3426.5,3405.15,3417.3,417
GOLDTECH,20191010,9.75,10.25,9.4,9.7,19062
GOODLUCK,20191010,50.7,52.4,49.2,49.4,18674
GPIL,20191010,129.4,130.5,127.05,128.4,28794
GPPL,20191010,81.2,81.5,79.1,79.6,51992
GPTINFRA,20191010,36.9,41.9,34.2,37.4,5723
GRANULES,20191010,101.5,103,99.05,102.75,294009
GRAPHITE,20191010,268.65,283.8,268,271.3,1553005
GRASIM,20191010,680,726.85,680,696.6,7589225
GRAVITA,20191010,42.5,42.5,40.1,40.3,22552
GREAVESCOT,20191010,138.8,138.9,136.45,136.9,93293
GREENLAM,20191010,871,899,856.95,877.5,582
GREENPLY,20191010,155.55,162.7,155,155.05,30843
GREENPOWER,20191010,2.1,2.1,2,2,78683
GRINDWELL,20191010,595.25,600,591.8,599,2114
GROBTEA,20191010,284.05,313.95,284.05,287.1,61
GRSE,20191010,171.45,173.45,166.85,169.6,127476
GRUH,20191010,261.45,274.75,261,272.85,2791389
GSCLCEMENT,20191010,17.95,17.95,16.7,17.15,4387
GSFC,20191010,74.85,77.55,74.3,77,293480
GSKCONS,20191010,8350.05,8493.9,8281.2,8434.35,8097
GSPL,20191010,207.25,208.75,204.2,205.3,798220
GSS,20191010,27,27,25.95,25.95,11394
GTL,20191010,1.8,1.8,1.8,1.8,9699
GTLINFRA,20191010,0.55,0.6,0.55,0.55,4735255
GTNIND,20191010,6.05,6.1,6.05,6.1,5
GTNTEX,20191010,7.45,7.5,6.6,7.25,2377
GTPL,20191010,74.85,77,72.25,73.1,49783
GUFICBIO,20191010,75.5,75.6,67.9,72.15,32875
GUJALKALI,20191010,398.75,423.4,395,421.75,46739
GUJAPOLLO,20191010,149.55,149.55,138.1,138.45,830
GUJGASLTD,20191010,176.9,176.9,168.5,169.85,1654578
GUJRAFFIA,20191010,8.5,9.2,8.45,9.2,1600
GULFOILLUB,20191010,854.4,857.05,849,850.7,134401
GULFPETRO,20191010,38.15,40,37,37.65,11135
GULPOLY,20191010,39,41.5,38.15,38.25,5727
GVKPIL,20191010,3.95,4,3.85,3.9,1151469
HAL,20191010,700.15,701.9,687.7,700.05,6316
HARITASEAT,20191010,405,409,400.1,407.95,2134
HARRMALAYA,20191010,54,55.3,50.7,51.2,41716
HATHWAY,20191010,19.3,20.05,18.9,19.85,270805
HATSUN,20191010,634.95,634.95,621.4,627.15,3301
HAVELLS,20191010,669.8,669.8,652.05,662.65,1133005
HAVISHA,20191010,0.65,0.65,0.55,0.55,8744
HBLPOWER,20191010,16.85,17.2,15.5,16,106191
HBSL,20191010,6.7,7.1,6.7,7.1,15
HCC,20191010,8.1,8.15,8,8,337284
HCG,20191010,107,109.45,102.95,104.15,5403
HCL-INSYS,20191010,6.95,7.1,6.7,6.8,573506
HCLTECH,20191010,1051.05,1066.1,1041.4,1063.5,1353776
HDFC,20191010,2000,2000,1971,1987.95,2627395
HDFCAMC,20191010,2712.9,2760.9,2710,2723.55,293179
HDFCBANK,20191010,1221.8,1225.95,1197.2,1200.55,5778429
HDFCLIFE,20191010,577.5,589,575,583.8,1556208
HDFCMFGETF,20191010,3465,3479.9,3463.05,3474.8,843
HDFCNIFETF,20191010,1181.84,1182.73,1171.13,1176.87,463
HDFCSENETF,20191010,3982,4049.99,3982,4037.79,280
HDIL,20191010,3.05,3.05,3.05,3.05,79533
HEG,20191010,892.65,944,892,913.8,427813
HEIDELBERG,20191010,185.2,187,182.05,182.6,141727
HERCULES,20191010,84.05,84.15,81.8,82.15,10497
HERITGFOOD,20191010,352.05,352.05,330,333.35,66869
HEROMOTOCO,20191010,2604.35,2635,2581.15,2601.85,654085
HESTERBIO,20191010,1720,1725,1697,1704.65,1859
HEXATRADEX,20191010,6.9,6.9,6.9,6.9,1958
HEXAWARE,20191010,357,362.8,354.5,357.15,667215
HFCL,20191010,17.5,17.7,16.8,16.9,2006106
HGINFRA,20191010,213.85,214.4,207,208.4,17232
HGS,20191010,575,578.35,563.05,568.85,531
HIKAL,20191010,144.4,144.4,141.7,142.4,50788
HIL,20191010,1239,1239,1190,1203.4,30006
HILTON,20191010,8,9,7.9,8.4,2042
HIMATSEIDE,20191010,141,142.7,140.7,141.25,28799
HINDALCO,20191010,184.45,185.95,181.8,182.25,4351508
HINDCOMPOS,20191010,180,184,175.2,176.25,517
HINDCOPPER,20191010,29,30.5,29,29.7,1231693
HINDMOTORS,20191010,5.25,5.5,5.2,5.25,36581
HINDNATGLS,20191010,33.8,34,32.15,32.25,2140
HINDOILEXP,20191010,90,91.15,87.45,89.25,175124
HINDPETRO,20191010,314,316.55,307.6,311.15,3553996
HINDUJAVEN,20191010,330,333.4,316.6,325.1,2655
HINDUNILVR,20191010,1948,1982.5,1935.6,1968.75,1492290
HINDZINC,20191010,206.85,208,204,204.35,207122
HIRECT,20191010,157.85,169,156.95,164.05,17865
HISARMETAL,20191010,48.9,49,47.3,48.3,2941
HITECH,20191010,168.75,168.75,150,152.15,11841
HITECHCORP,20191010,80.4,84,79.05,80.65,586
HITECHGEAR,20191010,149.95,151.7,145.6,149.95,1161
HMVL,20191010,75,75,69,69.65,8342
HNDFDS,20191010,548.95,548.95,525.55,531.8,1041
HNGSNGBEES,20191010,3244.99,3245,3050,3091,52
HONAUT,20191010,27579.9,27790,27579.9,27696.25,4196
HONDAPOWER,20191010,1126.45,1156,1093.95,1150.25,4192
HOTELEELA,20191010,6.75,6.9,6.65,6.7,92452
HOVS,20191010,76.35,76.35,70.8,70.9,2568
HPL,20191010,41.85,41.85,39.5,40,19874
HSCL,20191010,77,77.5,75.55,75.85,483278
HSIL,20191010,40,40,38.75,39.35,41578
HTMEDIA,20191010,20.9,20.9,19.85,20,85398
HUBTOWN,20191010,13,13.8,12.5,13.55,9720
HUDCO,20191010,32.9,33.1,32.25,32.35,446087
IBMFNIFTY,20191010,118.75,118.75,108.07,114.44,1779
IBREALEST,20191010,44.35,45.2,40.9,41.35,4206163
IBULHSGFIN,20191010,229,240.75,185.3,195.35,73340563
IBULISL,20191010,95.25,95.25,95.25,95.25,5781
IBVENTURES,20191010,105.65,113.3,98.1,99.75,3646247
ICICI500,20191010,153,153,147,147.03,552
ICICIB22,20191010,33.86,34.06,33.75,33.86,969247
ICICIBANK,20191010,430,431.5,420.5,423.7,19074005
ICICIBANKN,20191010,286.7,286.7,280.46,281.8,548
ICICIBANKP,20191010,164,170,156.4,157.15,2092
ICICIGI,20191010,1165.9,1200,1165.9,1193.35,249137
ICICIGOLD,20191010,35.95,35.95,34.6,34.85,9191
ICICILIQ,20191010,999.95,1000,999.95,1000,46945
ICICILOVOL,20191010,89.7,93.4,88.27,89.17,28797
ICICIMCAP,20191010,59.7,61.6,59.7,60.91,8254
ICICINF100,20191010,121.81,121.96,120.97,121.51,1443
ICICINIFTY,20191010,118,120,116.8,118.42,47605
ICICINV20,20191010,56.5,56.7,54,54.77,1162
ICICINXT50,20191010,27.3,27.7,26.59,26.78,29429
ICICIPRULI,20191010,449.8,454.25,443.45,446.55,2259559
ICICISENSX,20191010,404.7,405.91,395.95,403.89,440
ICIL,20191010,40.1,42.85,40,42.35,88657
ICRA,20191010,2615.3,2679.75,2600,2621.4,562
IDBI,20191010,29.95,30.4,29.4,29.65,2813080
IDBIGOLD,20191010,3595,3595,3590,3590,4
IDEA,20191010,6.4,6.9,5.75,6.2,422660153
IDFC,20191010,31,31.3,30.9,31.05,544550
IDFCFIRSTB,20191010,38.1,38.4,36.55,36.95,18558701
IDFNIFTYET,20191010,112.7,112.7,111.05,111.25,7
IEX,20191010,123.2,126.8,122.25,124.5,67494
IFBAGRO,20191010,390,390,375.3,377.45,9069
IFBIND,20191010,667.9,668,640,649.3,2825
IFCI,20191010,6.9,6.9,6.55,6.6,1000036
IFGLEXPOR,20191010,155,161.6,155,157.85,1179
IGARASHI,20191010,195.05,198.35,192.05,193.45,10469
IGL,20191010,363.3,374.6,363.3,370.6,3551423
IGPL,20191010,155.25,156.95,146.1,147.75,8057
IIFL,20191010,115.95,118.65,110.65,112.6,69662
IIFLSEC,20191010,23.25,25.5,20.5,22.55,178087
IIFLWAM,20191010,1201.25,1249.95,1181,1191.4,4316
IITL,20191010,58,58,57.95,57.95,45
IMFA,20191010,186,186,175.4,178,9717
IMPAL,20191010,1010,1017.85,990.4,994.95,1584
IMPEXFERRO,20191010,0.3,0.3,0.3,0.3,1884
INDBANK,20191010,7,7.2,6.9,7.15,17470
INDHOTEL,20191010,153.55,156.3,150.3,151.85,1719136
INDIACEM,20191010,81.2,81.95,80.3,81.4,854392
INDIAGLYCO,20191010,212.9,218,210.15,211.35,31466
INDIAMART,20191010,2249.8,2299,2001,2196.65,113933
INDIANB,20191010,116.55,117.65,112.2,113.65,844496
INDIANCARD,20191010,107.5,116,107.5,116,32
INDIANHUME,20191010,259.1,265.25,255.9,258.15,5310
INDIGO,20191010,1790,1814.3,1780.3,1790.1,409189
INDLMETER,20191010,17.4,17.4,16.4,16.5,1901
INDNIPPON,20191010,326,328.45,312,320.45,2375
INDOCO,20191010,140.25,146.1,140,140.2,17118
INDORAMA,20191010,28,29.05,27.2,28.15,10383
INDOSTAR,20191010,216,216.5,210,210.7,11084
INDOTECH,20191010,87.7,87.7,82.05,82.95,1108
INDOTHAI,20191010,22.5,23.15,21.55,22.15,16669
INDOWIND,20191010,2.75,3.35,2.75,2.8,13976
INDRAMEDCO,20191010,36.35,36.5,35.85,36.1,33840
INDSWFTLAB,20191010,40.9,41.45,38.5,39.4,66285
INDSWFTLTD,20191010,5.5,5.5,5.15,5.3,4870
INDTERRAIN,20191010,69.35,71.15,67.5,67.75,2802
INDUSINDBK,20191010,1310,1321,1220,1228.5,13975918
INEOSSTYRO,20191010,629.95,634.95,620.85,631.6,3786
INFIBEAM,20191010,39.5,40,39.15,39.7,689092
INFOBEAN,20191010,67.15,69.3,65,65.3,3970
INFRABEES,20191010,327,334,327,328.87,345
INFRATEL,20191010,257.4,265.6,251.55,256.9,3932579
INFY,20191010,785.4,794.7,776.6,783.05,10402917
INGERRAND,20191010,617.55,622,611,619.7,2904
INOXLEISUR,20191010,322.05,332.5,322.05,330.05,85597
INOXWIND,20191010,34.45,34.45,32.2,32.25,26594
INSECTICID,20191010,577,580,562.2,565.4,8945
INSPIRISYS,20191010,44.55,44.85,38.95,42.05,4536
INTEGRA,20191010,0.35,0.35,0.3,0.3,2120
INTELLECT,20191010,181.05,183.9,179.2,181.95,153147
INTENTECH,20191010,31.45,31.45,27.55,28.05,7803
INVENTURE,20191010,15.4,15.4,14.1,14.4,37420
IOB,20191010,9.6,9.7,9.5,9.55,236079
IOC,20191010,148.2,149.65,146.6,148.2,14129514
IOLCP,20191010,169.5,171.3,166.1,167.4,105964
IPAPPM,20191010,315.45,325.9,313.1,319.15,11065
IPCALAB,20191010,864.15,869.9,844.65,856.5,566790
IRB,20191010,66.7,67.25,64.1,64.35,985720
IRCON,20191010,362,370,360.25,369.6,24621
ISEC,20191010,267,274.8,265.05,271.6,71161
ISFT,20191010,83,87.75,83,87.7,535
ISMTLTD,20191010,3.8,4.15,3.6,3.7,66346
ITC,20191010,247,247.65,242.65,243.2,24294966
ITDC,20191010,242.25,249.8,236.5,238.6,38377
ITDCEM,20191010,45,45.4,41.05,41.6,152650
ITI,20191010,81.95,84.75,81.5,83.75,521918
IVC,20191010,4.2,4.2,4.2,4.2,128835
IVP,20191010,62.1,64,57.8,64,155
IVZINGOLD,20191010,3518,3518,3455,3455,9
IVZINNIFTY,20191010,1260,1260,1260,1260,2
IZMO,20191010,29.1,30.95,28.85,29.35,2351
J&KBANK,20191010,32.4,32.4,31.5,31.85,391490
JAGRAN,20191010,59.3,59.3,55.7,56.05,157198
JAGSNPHARM,20191010,23.6,24.75,22.55,23.05,5485
JAIBALAJI,20191010,21.8,21.8,18.65,19.4,1909
JAICORPLTD,20191010,75.5,77.2,74.25,75.4,548674
JAMNAAUTO,20191010,35.6,35.6,34.8,34.9,330519
JAYAGROGN,20191010,140,142.9,132.5,133.6,7071
JAYBARMARU,20191010,190,192.5,176.95,183.7,169666
JAYNECOIND,20191010,4.05,4.35,4.05,4.25,22492
JAYSREETEA,20191010,51.5,52.25,50.55,51.05,131037
JBCHEPHARM,20191010,362.6,366.35,355.2,357.6,56296
JBFIND,20191010,8,8.4,7.8,7.8,13059
JBMA,20191010,234.25,237.9,219.35,221.9,619365
JCHAC,20191010,1936.45,1960,1910.5,1940,1996
JHS,20191010,15.45,15.5,14.35,15.05,14695
JIKIND,20191010,0.15,0.2,0.15,0.2,12889
JINDALPHOT,20191010,14.3,14.5,14.3,14.3,1799
JINDALPOLY,20191010,228.25,228.25,222.25,222.6,4240
JINDALSAW,20191010,83,84.5,81.05,81.45,489911
JINDALSTEL,20191010,96.9,97.85,94.6,95.65,17559085
JINDCOT,20191010,2.05,2.05,1.95,1.95,2407
JINDRILL,20191010,72,73.05,69,71.5,4863
JINDWORLD,20191010,54.6,55.5,52.05,54.15,88228
JISLDVREQS,20191010,12.25,12.8,11.9,11.9,24046
JISLJALEQS,20191010,15.55,15.8,13.2,14.1,8173071
JITFINFRA,20191010,6.9,7.3,6.7,6.8,5168
JIYAECO,20191010,41.85,41.85,39.5,40.1,144003
JKCEMENT,20191010,1046.7,1046.7,1028,1040.4,16115
JKIL,20191010,142.6,144.9,137.25,142.55,272445
JKLAKSHMI,20191010,287,288.2,282,283.25,28517
JKPAPER,20191010,117,119.4,116.1,116.6,925470
JKTYRE,20191010,67.4,68,66,66.4,307229
JMA,20191010,23,23,22.15,22.15,620
JMCPROJECT,20191010,107.4,108.4,104.4,106.4,17204
JMFINANCIL,20191010,72.05,72.8,70.5,71.05,199727
JMTAUTOLTD,20191010,1.3,1.3,1.2,1.25,69341
JOCIL,20191010,82.05,85.5,82,84.9,1778
JPASSOCIAT,20191010,2.35,2.4,2.15,2.2,5154046
JPINFRATEC,20191010,1.2,1.2,1.2,1.2,384973
JPOLYINVST,20191010,12.8,14.5,12.75,12.9,242
JPPOWER,20191010,1.5,1.5,1.35,1.4,1434131
JSL,20191010,34.7,35.3,33.8,34,122564
JSLHISAR,20191010,64,66,63.1,63.55,97776
JSWENERGY,20191010,61.45,62.15,60.75,61.3,186567
JSWHL,20191010,2779.25,2799,2740,2791.2,877
JSWSTEEL,20191010,211.3,214.9,209.1,213.75,6693227
JTEKTINDIA,20191010,77,78.4,72.25,74.8,50891
JUBILANT,20191010,488.9,489.05,468,469.95,247446
JUBLFOOD,20191010,1292.45,1331.5,1291.05,1325.9,1000376
JUBLINDS,20191010,99,101.9,98,100.95,2215
JUMPNET,20191010,56,57.7,54.45,56,1085581
JUNIORBEES,20191010,278.6,278.6,274.02,275.04,18131
JUSTDIAL,20191010,607,625,597.25,608.25,3521959
JYOTHYLAB,20191010,159.55,166,157.15,158.45,37075
KABRAEXTRU,20191010,63.55,64.2,62.7,62.95,18926
KAJARIACER,20191010,560.65,578,541.5,561.5,304585
KAKATCEM,20191010,151,153.95,149.1,151.05,5115
KALPATPOWR,20191010,453,455,445,452.4,21287
KALYANIFRG,20191010,160,160.15,160,160.1,239
KAMATHOTEL,20191010,38.65,38.65,36.2,36.45,133414
KAMDHENU,20191010,104.25,110.9,103.2,104.5,2165
KANANIIND,20191010,2.7,3,2.7,3,1055
KANORICHEM,20191010,43,43.45,42.05,42.45,23619
KANSAINER,20191010,500.5,519.9,500.5,517.45,124497
KARDA,20191010,175.4,175.45,170,171.5,61186
KARMAENG,20191010,8.95,8.95,8.3,8.3,118
KARURVYSYA,20191010,58.8,59.15,57.6,57.95,268385
KAVVERITEL,20191010,2.3,2.4,2.2,2.4,1508
KAYA,20191010,350,362,338.1,342.7,27165
KCP,20191010,65.75,65.75,64.05,64.2,13838
KCPSUGIND,20191010,12.45,12.55,12.15,12.25,31359
KDDL,20191010,385.05,399.25,380,380.05,1441
KEC,20191010,268,272.75,265.1,270.2,933785
KECL,20191010,8.65,8.65,8,8,8698
KEI,20191010,534,538.9,525,533.45,64818
KELLTONTEC,20191010,18.1,18.1,18.05,18.05,18546
KENNAMET,20191010,1056.95,1075,1050,1054.7,495
KERNEX,20191010,26.5,26.5,26,26,1401
KESARENT,20191010,29.2,32.25,29.2,30,1339
KESORAMIND,20191010,49.05,50.25,48.25,48.8,96956
KGL,20191010,0.25,0.25,0.15,0.15,4951083
KHADIM,20191010,234,234,220.15,223.25,14755
KHAITANLTD,20191010,21.55,21.55,21.55,21.55,18
KHANDSE,20191010,14.2,14.2,14.2,14.2,1300
KICL,20191010,1699.85,1699.85,1580,1604.5,331
KILITCH,20191010,118.1,118.1,115,116.3,3802
KINGFA,20191010,667.35,667.95,633.2,644.5,1262
KIOCL,20191010,118,119.3,116.7,117.5,1838
KIRIINDUS,20191010,470,478.65,442.2,444.1,128144
KIRLOSBROS,20191010,146.05,147.6,143.25,144.1,5971
KIRLOSENG,20191010,173,175,170.95,171.95,6131
KIRLOSIND,20191010,672,699.95,672,687.5,143
KITEX,20191010,88.75,89.7,87.05,88.05,52157
KKCL,20191010,968.1,968.1,956,968.1,143
KMSUGAR,20191010,6.3,6.45,6.2,6.25,46650
KNRCON,20191010,223.9,225,218.6,223.55,41036
KOHINOOR,20191010,12.5,12.5,11.7,11.75,11161
KOKUYOCMLN,20191010,63.3,63.3,60,61.6,18590
KOLTEPATIL,20191010,240.5,243.5,235,235.35,20436
KOPRAN,20191010,24.85,25.5,24,24.55,46883
KOTAKBANK,20191010,1599.9,1607.35,1567,1584.8,1569421
KOTAKBKETF,20191010,293.1,293.1,286.2,287.02,457234
KOTAKGOLD,20191010,340.1,341.85,338.85,340.75,10660
KOTAKNIFTY,20191010,116.82,117.08,116.06,116.45,18463
KOTAKNV20,20191010,56.3,56.3,55.4,55.89,55621
KOTAKPSUBK,20191010,217.7,219.99,212.5,214.21,2177
KOTARISUG,20191010,9.8,10.25,9.7,10.15,12442
KOTHARIPET,20191010,15.7,16.8,15.55,16.3,3119
KOTHARIPRO,20191010,58.75,59.55,57.8,58,894
KPITTECH,20191010,95.3,98.5,94.95,97.15,42051
KPRMILL,20191010,550.05,557.95,543.55,552.55,6076
KRBL,20191010,217.25,219.25,215,215.9,44873
KREBSBIO,20191010,81.65,86.85,81.65,86.85,105
KRIDHANINF,20191010,7.05,7.05,6.65,6.75,90899
KRISHANA,20191010,53,53,52.05,52.05,127
KSB,20191010,648.05,659,639.95,649.1,3489
KSCL,20191010,459.9,471,456.4,462.75,169298
KSERASERA,20191010,0.1,0.15,0.05,0.1,986837
KSK,20191010,0.45,0.5,0.4,0.5,506578
KSL,20191010,186.9,187.1,185,185.3,7985
KTIL,20191010,33.65,33.65,30.25,31.2,1404
KTKBANK,20191010,71.8,72.1,70.4,71,553001
KWALITY,20191010,1.55,1.55,1.55,1.55,114643
L&TFH,20191010,82.95,82.95,80.15,81.5,8870492
LAKSHVILAS,20191010,25.65,25.65,25.65,25.65,69266
LALPATHLAB,20191010,1336,1423,1336,1367.4,133359
LAMBODHARA,20191010,30,32,28.65,30.05,6603
LAOPALA,20191010,168.75,168.75,164.05,165.05,5562
LASA,20191010,17.4,17.6,17.25,17.35,6744
LAURUSLABS,20191010,331,335,329.05,329.5,14681
LAXMIMACH,20191010,3360,3360,3305.5,3315.85,1941
LEMONTREE,20191010,55.75,56.6,55.4,55.7,617619
LGBBROSLTD,20191010,272.85,278,260.85,273.55,3374
LGBFORGE,20191010,2.8,2.8,2.55,2.8,19298
LIBAS,20191010,55.5,55.5,55.5,55.5,11
LIBERTSHOE,20191010,108.9,109.7,103.1,104.25,115876
LICHSGFIN,20191010,380,381.3,367.3,369.35,1692700
LICNETFGSC,20191010,20.5,20.89,20,20.11,2651
LICNETFN50,20191010,115.3,119.85,113.3,115.3,61
LICNETFSEN,20191010,472,472,472,472,2
LICNFNHGP,20191010,116.4,116.4,116.4,116.4,10
LINCOLN,20191010,145.65,147.45,144,144.95,6028
LINCPEN,20191010,182,182,170,170.35,1509
LINDEINDIA,20191010,509.2,516.95,505.3,513.3,11226
LIQUIDBEES,20191010,999.95,1000.01,999.6,1000,776117
LIQUIDETF,20191010,1000.01,1000.01,999.99,1000,5804
LOKESHMACH,20191010,36.9,36.9,34.75,36,4736
LOTUSEYE,20191010,21.5,22.6,21.5,21.5,69
LOVABLE,20191010,59.5,59.5,57.5,58.8,6307
LPDC,20191010,1.65,1.65,1.5,1.6,825
LSIL,20191010,0.5,0.5,0.45,0.45,435126
LT,20191010,1423,1432,1407.05,1425.1,1626821
LTI,20191010,1500,1500.1,1470,1473.85,80469
LTTS,20191010,1578,1590.35,1525.55,1529.85,38163
LUMAXIND,20191010,1136.95,1164.9,1135,1149.2,2954
LUMAXTECH,20191010,91,91,85.05,85.15,13635
LUPIN,20191010,680,698.8,676.85,690.95,1507716
LUXIND,20191010,1169.9,1175,1149.55,1165.9,44747
LYKALABS,20191010,16.3,16.3,15.5,16.2,3454
LYPSAGEMS,20191010,4.5,4.5,4.1,4.15,434
M&M,20191010,576,576,559.25,566.05,2156410
M&MFIN,20191010,331.1,334.6,324.3,326,1354129
M100,20191010,16.67,16.67,16.18,16.38,8069
M50,20191010,110.35,110.85,109.51,109.95,468
MAANALU,20191010,65,65,59.2,60.55,8200
MADHAV,20191010,24.05,25.7,24.05,24.3,4039
MADHUCON,20191010,3.65,3.8,3.65,3.75,23635
MADRASFERT,20191010,20.3,20.5,19.9,19.95,246406
MAGADSUGAR,20191010,102.5,105.1,101.05,103.05,4316
MAGMA,20191010,48.5,49.95,45,45.8,104809
MAGNUM,20191010,3.15,3.15,2.9,2.9,25163
MAHABANK,20191010,10.7,10.8,10.35,10.35,707205
MAHAPEXLTD,20191010,80,88.2,80,81.5,4204
MAHASTEEL,20191010,144.05,148.55,141,142,25665
MAHESHWARI,20191010,215,217.9,208.75,210.75,16643
MAHINDCIE,20191010,150.5,150.5,144,146.15,101981
MAHLIFE,20191010,433.95,438.95,428.9,437.15,22640
MAHLOG,20191010,361.15,369.7,356,363.25,30431
MAHSCOOTER,20191010,4545,4545,4435,4487.75,3387
MAHSEAMLES,20191010,358.95,358.95,354,354.4,7572
MAITHANALL,20191010,447,449.3,425.25,436.2,15395
MAJESCO,20191010,433,438,428.05,429.05,6845
MALUPAPER,20191010,29.9,29.9,29.9,29.9,4535
MAN50ETF,20191010,114.3,114.3,113.4,113.79,176098
MANAKALUCO,20191010,4.35,4.65,4.35,4.4,1999
MANAKCOAT,20191010,4.55,4.9,4.15,4.85,95227
MANAKSIA,20191010,32.75,33,32.1,32.55,4228
MANAKSTEEL,20191010,10.55,11.65,10.05,11.1,5304
MANALIPETC,20191010,18.7,18.8,17.8,18,159525
MANAPPURAM,20191010,140,140.1,137.35,138.55,3502566
MANGALAM,20191010,27.05,27.4,24.15,25.85,15396
MANGCHEFER,20191010,32.45,32.95,31.9,32.1,14175
MANGLMCEM,20191010,299.95,299.95,284,287.95,19411
MANGTIMBER,20191010,6.05,6.2,6.05,6.05,1094
MANINDS,20191010,40,40,38.9,39.1,38902
MANINFRA,20191010,20,20.85,19.25,19.5,95815
MANUGRAPH,20191010,14.2,14.2,13.15,13.3,4676
MARALOVER,20191010,17.05,17.05,16.2,16.85,16180
MARATHON,20191010,76.35,76.35,71,74.9,455
MARICO,20191010,382.95,388.35,380.9,384.5,1235106
MARKSANS,20191010,12.9,13.15,12.65,12.75,301383
MARUTI,20191010,6700,6742.1,6558.25,6605.45,985523
MASFIN,20191010,686,714.8,680,699.85,20041
MASTEK,20191010,312,319.85,300,302.2,71120
MATRIMONY,20191010,543.5,545,505,536.05,4240
MAWANASUG,20191010,34,35.1,33.85,34.35,40927
MAXINDIA,20191010,65.1,67.15,64.1,65.25,78228
MAXVIL,20191010,43.7,43.8,38.75,40.7,47632
MAYURUNIQ,20191010,214.55,216.45,208.7,212.3,11830
MAZDA,20191010,365,366.95,356,358,732
MBECL,20191010,4.2,4.2,4,4,2426
MBLINFRA,20191010,5.45,5.45,5.1,5.2,34598
MCDHOLDING,20191010,17.5,17.85,17,17.55,6365
MCDOWELL-N,20191010,622.3,631.55,611.75,615.15,1261320
MCLEODRUSS,20191010,7.55,7.55,7.15,7.15,151280
MCX,20191010,954.65,1014.8,953.9,1008.9,980815
MEGASOFT,20191010,6.1,6.75,6.1,6.3,5715
MEGH,20191010,49.9,51.9,49.35,50,530366
MELSTAR,20191010,1,1,1,1,55
MENONBE,20191010,61.5,62.7,58.6,59.1,5543
MEP,20191010,26.4,28.4,25.8,26.2,83143
MERCATOR,20191010,0.95,1.05,0.95,0.95,1266305
METALFORGE,20191010,5.5,5.5,4.7,4.95,14399
METROPOLIS,20191010,1272.8,1290,1267.3,1275.55,183312
MFSL,20191010,415.65,418,402.55,407,447187
MGL,20191010,916,927.2,909.45,917.55,549899
MHRIL,20191010,213.7,215,209.7,210,27100
MIC,20191010,0.45,0.45,0.4,0.4,77829
MIDHANI,20191010,123.6,123.6,119.1,122.25,202280
MINDACORP,20191010,87,87.85,82.4,82.85,48622
MINDAIND,20191010,341,346.75,339.05,340.5,59750
MINDTECK,20191010,34,34.65,33.15,34.4,368
MINDTREE,20191010,724.9,733.7,720.05,724.5,399264
MIRCELECTR,20191010,6.65,6.65,6.25,6.3,507282
MIRZAINT,20191010,56.2,56.8,54.4,54.7,101387
MMFL,20191010,395.55,395.55,377.1,377.85,1972
MMTC,20191010,15.4,15.5,14.95,15.1,612338
MOHITIND,20191010,4.75,4.8,4.55,4.7,1443
MOHOTAIND,20191010,14,14.3,13.7,13.75,2135
MOIL,20191010,134.15,134.15,131.1,131.85,85501
MOLDTECH,20191010,51.95,53.5,51,52,6277
MOLDTKPAC,20191010,297.95,299,286.65,295,17254
MONTECARLO,20191010,229.05,230.95,216,218.35,13872
MORARJEE,20191010,13.5,13.8,12.75,13.45,1097
MOREPENLAB,20191010,16,16.1,15.65,15.7,247998
MOTHERSUMI,20191010,97.15,97.85,94.5,96.15,8399333
MOTILALOFS,20191010,584.2,600,581.2,588.1,29960
MOTOGENFIN,20191010,37,37,34.05,36,60
MPHASIS,20191010,929.9,939,900.05,909.2,408474
MPSLTD,20191010,493.05,498.95,485.5,488.55,1372
MRF,20191010,61200,61389,60736.85,61174,3047
MRO-TEK,20191010,16.5,16.6,16.5,16.6,1690
MRPL,20191010,50.5,50.9,49.8,50.65,280748
MSPL,20191010,4.8,4.9,4.8,4.9,1347
MSTCLTD,20191010,92.5,93.7,88.75,92,27622
MTEDUCARE,20191010,16.15,16.15,16.15,16.15,3273
MTNL,20191010,5.8,6.4,5.6,5.75,2210320
MUKANDENGG,20191010,11.5,12,10.65,11.4,1632
MUKANDLTD,20191010,30.9,30.9,27.5,29.25,15332
MUKTAARTS,20191010,36.45,37.3,36.1,36.7,5178
MUNJALAU,20191010,38.5,38.6,37.5,37.55,56995
MUNJALSHOW,20191010,127,127.05,123.5,124.4,15139
MURUDCERA,20191010,16.5,16.5,15.15,15.85,40465
MUTHOOTCAP,20191010,458.1,459.9,422.8,440.1,162359
MUTHOOTFIN,20191010,685,686.4,663.05,667.3,676392
MVL,20191010,0.1,0.1,0.05,0.1,63046
N100,20191010,536.22,538,534.01,534.54,2429
NACLIND,20191010,28,28.3,27,27.65,22495
NAGAFERT,20191010,3.2,3.2,2.95,3,75235
NAGAROIL,20191010,0.2,0.25,0.2,0.2,633428
NAGREEKCAP,20191010,7.7,7.7,7,7,2033
NAGREEKEXP,20191010,15.9,16.65,14.25,15.2,14435
NAHARCAP,20191010,76,76,70.35,71.05,1533
NAHARINDUS,20191010,24,24.45,22.4,24.3,21283
NAHARPOLY,20191010,33.3,34.95,33,33.05,994
NAHARSPING,20191010,48.75,48.95,47.7,48.2,2693
NATCOPHARM,20191010,552.95,557.5,548,550.65,56644
NATHBIOGEN,20191010,335,335,320,322.15,17026
NATIONALUM,20191010,44.45,45.4,41.4,42.15,34659802
NATNLSTEEL,20191010,1.95,2,1.9,1.9,4713
NAUKRI,20191010,2400,2407.75,2270,2283.65,333197
NAVINFLUOR,20191010,687,724,687,714.65,31017
NAVKARCORP,20191010,35.1,36.25,34.5,34.65,101032
NAVNETEDUL,20191010,101,105.5,101,102.2,16406
NBCC,20191010,33.6,34.55,33,33.65,14774126
NBIFIN,20191010,1252.75,1360,1252.75,1349.1,49
NBVENTURES,20191010,76.75,77.35,75.5,75.7,33646
NCC,20191010,52,52.8,49.05,49.55,26157689
NCLIND,20191010,95.95,96.4,92.7,95.25,31035
NDGL,20191010,588,588,579.95,580,138
NDL,20191010,32.8,32.95,31,31.2,6218
NDTV,20191010,31.4,31.9,30,30.15,3526
NECCLTD,20191010,5,5.15,4.65,5.05,23965
NECLIFE,20191010,12.1,12.15,11.75,12,46333
NELCAST,20191010,37,37.55,36.05,36.2,14940
NELCO,20191010,235.95,236.95,227.6,230.1,29109
NEOGEN,20191010,352.25,364.8,350.25,359.2,10762
NESCO,20191010,568.9,570.7,559.85,564.05,14363
NESTLEIND,20191010,13857,13857,13680,13819.85,27905
NETF,20191010,114.23,114.23,114.23,114.23,2
NETWORK18,20191010,20.15,20.65,19.7,19.8,115657
NEULANDLAB,20191010,467.4,480,460.15,467.25,5171
NEWGEN,20191010,270,271,267.05,268.75,3926
NEXTMEDIA,20191010,9.75,9.75,9,9.25,6929
NFL,20191010,24.65,24.9,24.35,24.75,445039
NH,20191010,234.85,238.6,234,235,4686
NHPC,20191010,22.6,22.7,21.95,22.55,2409301
NIACL,20191010,102.25,102.8,97,97.95,150795
NIBL,20191010,6.6,6.6,6.2,6.45,2532
NIFTYBEES,20191010,1191.95,1193.19,1180,1185.39,52284
NIITLTD,20191010,90.45,91,90.3,90.6,481211
NIITTECH,20191010,1357.5,1381.75,1351,1361.1,152606
NILAINFRA,20191010,4,4.1,3.9,4,46683
NILASPACES,20191010,1.05,1.1,1,1.05,73129
NILKAMAL,20191010,1176.6,1200,1170,1173.1,8222
NIPPOBATRY,20191010,470,470,452,460.9,571
NITCO,20191010,23,24.05,22.8,23.8,129029
NITESHEST,20191010,1.6,1.6,1.5,1.6,53060
NITINSPIN,20191010,49.6,49.6,47.9,48.85,8570
NKIND,20191010,34.7,34.7,32.3,32.3,3
NLCINDIA,20191010,53.85,54.05,53.55,53.85,130104
NMDC,20191010,95.9,97.8,94.45,95.6,5801135
NOCIL,20191010,99.9,103.95,98.05,103.1,951109
NOIDATOLL,20191010,3.9,4.25,3.85,4.1,15699
NPBET,20191010,159,160.01,158,159.85,81
NRAIL,20191010,233.75,233.75,223,224.75,8076
NRBBEARING,20191010,97,102.9,94,95.7,25298
NSIL,20191010,701.2,737,701.2,721.5,3054
NTL,20191010,0.35,0.35,0.35,0.35,48
NTPC,20191010,117.2,117.5,116.35,117.25,6885340
NUCLEUS,20191010,313,316.7,308.85,312.55,4203
OAL,20191010,187.25,195,187,187.75,1548
OBEROIRLTY,20191010,499.75,506.8,490,495.4,395448
OCCL,20191010,1014.75,1014.75,990.05,994.7,2515
OFSS,20191010,3088.8,3140,3054,3074.75,6238
OIL,20191010,145.95,148.45,143.55,147.4,1126215
OILCOUNTUB,20191010,6.35,6.5,6.35,6.45,1453
OISL,20191010,4.2,4.2,4.2,4.2,3580
OLECTRA,20191010,194.9,199,192,194.45,23444
OMAXAUTO,20191010,40,41.5,38.85,40.1,14049
OMAXE,20191010,191.95,193.25,189.55,189.65,401008
OMKARCHEM,20191010,5.6,5.6,5.25,5.3,4169
OMMETALS,20191010,19,20.1,18.75,20,36602
ONELIFECAP,20191010,5,5,4.85,5,91
ONEPOINT,20191010,17,17,16.5,16.5,195
ONGC,20191010,125.85,127.1,125.1,125.5,6169256
ONMOBILE,20191010,32.4,33.3,32.4,32.55,44256
ONWARDTEC,20191010,62.55,63.9,62,62.25,1379
OPTIEMUS,20191010,33,34.5,31.35,31.35,50987
OPTOCIRCUI,20191010,3.85,4,3.8,3.85,258092
ORBTEXP,20191010,84.2,89.9,84.2,86.05,27284
ORICONENT,20191010,18.75,18.75,18.25,18.35,77924
ORIENTABRA,20191010,16.8,17.4,16.5,16.65,31155
ORIENTALTL,20191010,13.8,13.95,13.3,13.3,3362
ORIENTBANK,20191010,53.45,54,52.45,52.7,639118
ORIENTBELL,20191010,120,121.95,115.55,117,6097
ORIENTCEM,20191010,87.65,89.1,86.05,86.3,35771
ORIENTELEC,20191010,164.8,164.8,158.55,160.1,194407
ORIENTHOT,20191010,36.75,37,36,36.3,40286
ORIENTLTD,20191010,105.6,108.8,105.6,106.65,40
ORIENTPPR,20191010,25.1,25.75,24.55,24.8,273586
ORIENTREF,20191010,210.9,211,208.1,209.2,10707
ORISSAMINE,20191010,855,902,840.05,870.65,22209
ORTINLABSS,20191010,10.5,10.5,9.7,9.75,2678
OSWALAGRO,20191010,5.9,6.45,5.9,6,4895
PAGEIND,20191010,21494.85,21494.85,20990,21258.3,21624
PAISALO,20191010,414.9,420,405.2,413.15,16318
PALASHSECU,20191010,39.9,39.9,34.1,37.85,421
PALREDTEC,20191010,19.15,19.15,19.15,19.15,70
PANACEABIO,20191010,139,150.95,135.95,140.55,74432
PANAMAPET,20191010,73.15,74.45,70.65,72.05,17097
PAPERPROD,20191010,228.55,233.05,227.7,230.25,7849
PARABDRUGS,20191010,1.15,1.15,1.1,1.1,813
PARACABLES,20191010,9.1,9.1,8.5,8.65,45396
PARAGMILK,20191010,152.95,162.95,151.25,159.25,536084
PARSVNATH,20191010,2.45,2.5,2.4,2.45,50504
PATELENG,20191010,9.95,10.05,9.65,9.75,390356
PATINTLOG,20191010,21.6,22.45,21.25,21.6,6897
PATSPINLTD,20191010,6.2,6.2,5.7,6,3266
PCJEWELLER,20191010,31.4,31.6,30.3,30.85,3707168
PDMJEPAPER,20191010,15.2,15.2,15.2,15.2,30757
PDPL,20191010,2.4,2.4,2.4,2.4,1327
PDSMFL,20191010,321,325,320,321,3515
PEARLPOLY,20191010,7.95,8.25,7.8,8.25,3620
PEL,20191010,1361,1398.75,1316,1371.45,3312799
PENIND,20191010,25.45,25.8,25.25,25.45,33937
PENINLAND,20191010,3.6,3.6,3.45,3.5,91791
PERSISTENT,20191010,578.3,578.3,566,567.35,14688
PETRONENGG,20191010,6.9,7.6,6.9,7.6,700
PETRONET,20191010,257.25,260.05,257,258.65,2069638
PFC,20191010,94.45,95.65,92.1,92.6,9707713
PFIZER,20191010,3169.8,3169.8,3095,3115.5,11319
PFOCUS,20191010,43,43.95,41.5,42.4,4158
PFS,20191010,12.05,12.2,11.95,12,392898
PGEL,20191010,44.15,45.5,43.15,43.65,24092
PGHH,20191010,11275,11422,11224.95,11260.45,2599
PGHL,20191010,4474,4474,4349.95,4365.6,9514
PGIL,20191010,170,170.4,160,161.7,5727
PHILIPCARB,20191010,111,115.95,110.55,113.45,535036
PHOENIXLTD,20191010,713.6,713.6,694.05,697.95,24522
PIDILITIND,20191010,1336,1369.45,1323,1358.85,609318
PIIND,20191010,1310.1,1316.45,1280.25,1287.9,52831
PILANIINVS,20191010,1928,1929,1870,1903.4,2481
PILITA,20191010,4.9,5,4.7,4.8,5066
PIONDIST,20191010,138.35,138.35,133,134.15,6121
PIONEEREMB,20191010,21.75,22.8,21.2,21.6,3040
PIRPHYTO,20191010,19,19,18.05,18.1,4680
PITTIENG,20191010,40.1,40.6,38.25,38.9,9681
PKTEA,20191010,118.1,127.3,118.1,118.1,129
PLASTIBLEN,20191010,171.6,175,170.05,174,1197
PNB,20191010,58.05,58.2,56.2,56.45,22677919
PNBGILTS,20191010,30.55,30.6,28.55,28.8,216990
PNBHOUSING,20191010,549.4,550,530,531.85,99980
PNC,20191010,14.4,14.45,13.1,13.4,306
PNCINFRA,20191010,172,175.65,169.5,170.1,92356
PODDARHOUS,20191010,370,388,370,383,37
PODDARMENT,20191010,164.95,165,158.5,159.4,357
POKARNA,20191010,156.65,159.5,149.05,151.75,156476
POLYCAB,20191010,666.1,673.7,656,662.15,35942
POLYMED,20191010,208,212.5,205.3,209.5,2093
POLYPLEX,20191010,431,441.05,426.6,437.5,68605
PONNIERODE,20191010,108,111,106.25,110.5,455
POWERGRID,20191010,197.9,199.6,196.5,199.1,3927919
POWERMECH,20191010,680,705.1,656.25,663.45,10884
PPAP,20191010,193.15,194,188.45,191.55,6736
PPL,20191010,67.1,67.9,67,67.15,5994
PRABHAT,20191010,77.55,78.7,77.55,78.3,24861
PRADIP,20191010,0.65,0.65,0.65,0.65,242
PRAENG,20191010,6.2,6.4,6,6.25,5802
PRAJIND,20191010,104.85,106,103.7,104.3,479982
PRAKASH,20191010,41.9,42.1,40.3,40.75,154719
PRAKASHSTL,20191010,0.25,0.25,0.2,0.2,71989
PRAXIS,20191010,63.5,67.7,61.3,62.1,6637
PRECAM,20191010,24.05,27.1,24,25.95,105260
PRECOT,20191010,29.45,29.5,25.6,25.8,728
PRECWIRE,20191010,151,153.9,144.2,147.55,14682
PREMEXPLN,20191010,173.5,174.2,171.1,173.05,8295
PREMIER,20191010,2.35,2.5,2.35,2.35,2963
PREMIERPOL,20191010,18.55,19.55,18.05,19.2,262
PRESSMN,20191010,21.25,21.3,20.15,20.7,2916
PRESTIGE,20191010,280,282,275,277,46998
PRICOLLTD,20191010,32.5,32.7,31.2,32,56721
PRIMESECU,20191010,33.05,34.95,31.15,31.8,119581
PROSEED,20191010,0.35,0.35,0.3,0.3,6200
PROVOGE,20191010,0.6,0.6,0.55,0.6,115109
PROZONINTU,20191010,14.55,15.75,13.6,14.5,147906
PRSMJOHNSN,20191010,77.55,78,75.05,77.55,71012
PSB,20191010,17.65,17.9,17.4,17.6,30023
PSL,20191010,0.6,0.7,0.6,0.65,27804
PSPPROJECT,20191010,549.95,549.95,542,544.5,7270
PSUBNKBEES,20191010,243.7,245,236.81,237.73,1425
PTC,20191010,55.2,55.5,54.6,54.95,409038
PTL,20191010,35.9,35.9,35.3,35.4,2493
PUNJABCHEM,20191010,519.8,519.8,508,513.8,544
PURVA,20191010,59.95,59.95,58.3,59,28411
PVR,20191010,1800.45,1810,1765,1776.65,248852
QGOLDHALF,20191010,1685,1687.95,1682,1686.2,803
QNIFTY,20191010,1156,1156,1152,1152,6
QUESS,20191010,467.2,475,464.35,472.75,30780
QUICKHEAL,20191010,118,121.85,116.45,117.4,122539
QUINTEGRA,20191010,0.55,0.65,0.55,0.65,4430
RADAAN,20191010,1.4,1.4,1.25,1.35,2580
RADICO,20191010,294.3,299.7,292,295.65,90188
RADIOCITY,20191010,36.95,37,33.5,34.15,102063
RAIN,20191010,86.7,88.7,85.6,85.9,391345
RAJESHEXPO,20191010,672.5,679.95,671,673.3,219780
RAJSREESUG,20191010,16.6,16.6,15.85,16.4,4534
RAJTV,20191010,42,45.95,41.4,44.8,1876
RALLIS,20191010,168.75,172,166.15,168.85,84818
RAMANEWS,20191010,14.2,15.1,14.2,14.35,19742
RAMASTEEL,20191010,54.2,57,53,56.15,1294
RAMCOCEM,20191010,704.5,709.4,697.9,705.85,168969
RAMCOIND,20191010,182,182,175.25,175.95,15428
RAMCOSYS,20191010,161.05,161.2,157,158.45,4939
RAMKY,20191010,40.25,41.25,39.1,39.65,54094
RANASUG,20191010,2.15,2.25,2.1,2.15,147960
RANEENGINE,20191010,226.15,238.4,222,224.8,1367
RANEHOLDIN,20191010,892.9,902.9,870,879.35,236
RATNAMANI,20191010,924,929.85,918,924.85,7908
RAYMOND,20191010,606,606.25,581,584.55,495252
RBL,20191010,503.6,508.7,465,475.7,11989
RBLBANK,20191010,307,307.8,283.15,288.5,16215356
RCF,20191010,44.8,45.55,44.15,44.45,819652
RCOM,20191010,0.8,0.85,0.75,0.75,7193211
RECLTD,20191010,124.3,127.9,123.8,126.05,6306076
REDINGTON,20191010,110.3,110.5,107.25,108.4,48173
REFEX,20191010,60.9,61.2,56.2,58,106327
REGENCERAM,20191010,1.6,1.6,1.6,1.6,1
RELAXO,20191010,491.5,497.4,485,489.8,63454
RELCAPITAL,20191010,21.05,21.5,19.5,19.95,5247052
RELCNX100,20191010,117.52,117.52,116.19,116.19,402
RELCONS,20191010,51.94,52.29,51.49,52.02,1710
RELDIVOPP,20191010,28.92,29.02,28.64,29.02,4713
RELIANCE,20191010,1325,1369,1321,1362.75,16003744
RELIGARE,20191010,48.4,48.7,45.95,48.7,1859661
RELINFRA,20191010,24.7,26,23.25,23.65,5176152
RELNV20,20191010,558,562.99,556.16,558,313
REMSONSIND,20191010,84.9,85.4,84.6,85.4,5845
RENUKA,20191010,6.65,6.85,6.65,6.75,383620
REPCOHOME,20191010,303,304.95,296.05,297.45,53450
REPRO,20191010,576.5,576.5,551.6,555.25,4270
RESPONIND,20191010,89.65,91.45,86.8,89.25,168383
RETFMID150,20191010,57.79,58.49,57.55,57.84,12953
REVATHI,20191010,374,374.4,356,365,113
RGL,20191010,232.25,240.85,215.2,218.45,15308
RHFL,20191010,3.55,3.55,3.25,3.25,905170
RICOAUTO,20191010,39.6,39.8,38.3,38.4,110446
RIIL,20191010,242.5,250,240.05,241.55,201205
RITES,20191010,260,276.25,260,271.85,747428
RKDL,20191010,6.3,6.4,6.3,6.4,889
RKFORGE,20191010,269,273.95,262.2,269.75,21522
RMCL,20191010,4.1,4.3,3.9,4.25,25891
RML,20191010,263.1,263.1,242.05,245.75,8435
RNAM,20191010,272.25,273.35,262.8,264.05,1000879
RNAVAL,20191010,1.95,1.95,1.95,1.95,351655
ROHITFERRO,20191010,0.7,0.8,0.7,0.7,12353
ROHLTD,20191010,79.65,80.45,77.15,77.8,35401
ROLLT,20191010,2.05,2.25,2.05,2.2,1853
ROLTA,20191010,4.85,4.85,4.6,4.7,106767
ROSSELLIND,20191010,60.6,69.2,56,58.85,32998
RPGLIFE,20191010,181.1,189.35,180.95,184.4,18666
RPOWER,20191010,2.3,2.35,2.2,2.2,17213464
RPPINFRA,20191010,93.1,96,91,93.55,16270
RRSLGETF,20191010,20.07,20.07,19.99,19.99,2008
RSSOFTWARE,20191010,17.95,17.95,17.1,17.25,29345
RSWM,20191010,102.45,102.45,98.95,99.15,6311
RSYSTEMS,20191010,39.55,40.35,38.8,39.5,6267
RTNINFRA,20191010,1.55,1.55,1.55,1.55,72546
RTNPOWER,20191010,1.35,1.4,1.3,1.3,277733
RUBYMILLS,20191010,180,180,169.7,169.7,1953
RUCHINFRA,20191010,2,2.1,1.9,2.1,11547
RUCHIRA,20191010,86.9,86.9,82.4,82.8,59709
RUCHISOYA,20191010,4,4,4,4,196729
RUPA,20191010,169.9,169.9,165.55,166.05,8173
RUSHIL,20191010,126,131.5,122.55,122.55,8963
RVNL,20191010,22.9,23.6,22.75,22.95,2754277
SABTN,20191010,1.95,1.95,1.9,1.9,5564
SADBHAV,20191010,128.8,132.5,128,130.6,77083
SADBHIN,20191010,41.9,43.95,41.5,42.3,17275
SAFARI,20191010,580.05,593,568.15,571.3,8880
SAGARDEEP,20191010,49.5,50.1,45.5,50.1,17539
SAGCEM,20191010,574,579.85,565.05,574.55,3774
SAIL,20191010,32.2,32.45,31.6,31.8,21413466
SAKAR,20191010,48.45,49.5,46.4,46.4,25203
SAKHTISUG,20191010,7.5,7.9,7.5,7.7,20708
SAKSOFT,20191010,244,244,240,241.35,4426
SAKUMA,20191010,8,8.4,7.85,7.85,194870
SALASAR,20191010,105.35,105.5,99.35,100,10166
SALONA,20191010,71.95,72.5,68,71.4,5
SALSTEEL,20191010,2.9,3,2.8,2.9,9892
SALZERELEC,20191010,123.65,123.65,117,118.95,3185
SAMBHAAV,20191010,2.8,2.8,2.5,2.5,28266
SANCO,20191010,17.75,17.75,16.1,16.65,17008
SANDESH,20191010,586.05,595,571.95,576.5,258
SANDHAR,20191010,236.3,236.3,225.55,226.2,1141
SANGAMIND,20191010,37,38,35.7,37.5,4917
SANGHIIND,20191010,48.7,48.95,47.8,48,97686
SANGHVIFOR,20191010,31.25,31.25,31.25,31.25,655
SANGHVIMOV,20191010,80.85,81.2,74.15,79.1,21499
SANGINITA,20191010,115,115.95,111.6,114.05,30570
SANOFI,20191010,5819.3,5819.3,5695,5702.95,16937
SANWARIA,20191010,1.75,1.75,1.75,1.75,513353
SARDAEN,20191010,147.55,147.6,143.1,144.15,14804
SAREGAMA,20191010,340.3,352.9,340.3,350.25,13090
SARLAPOLY,20191010,22.6,22.6,21.75,22.05,101003
SASKEN,20191010,581.95,600,580.05,593.3,6028
SASTASUNDR,20191010,95.5,95.5,90.2,91.8,730
SATHAISPAT,20191010,5,5,4.75,4.75,9200
SATIA,20191010,724.9,724.9,706.85,721.85,1263
SATIN,20191010,276.3,283.7,272,275.95,7206
SBIETFQLTY,20191010,98,98,96,96.05,2584
SBILIFE,20191010,835.2,848,805.7,827.2,5286384
SBIN,20191010,258,258,252.6,254.15,37577511
SCAPDVR,20191010,0.45,0.45,0.4,0.45,10908
SCHAEFFLER,20191010,4130.05,4147.15,4075.3,4132.95,803
SCHAND,20191010,60.05,61.95,59.1,60.95,33896
SCHNEIDER,20191010,69.9,71.1,68.35,68.9,41228
SCI,20191010,42,44.25,41.5,43.35,3740856
SDBL,20191010,120.85,121.5,117.3,121,3184
SEAMECLTD,20191010,350.15,368,350.1,354.45,38463
SELAN,20191010,132.9,133,130.5,131.6,7130
SELMCL,20191010,0.55,0.6,0.55,0.6,48597
SEPOWER,20191010,2.6,2.85,2.4,2.7,1750
SEQUENT,20191010,68.65,75.85,68.65,74.6,420604
SESHAPAPER,20191010,180.75,180.75,174,175.15,5677
SETCO,20191010,14.95,15.5,14.6,15.45,46190
SETF10GILT,20191010,194,194,189.95,189.99,13
SETFGOLD,20191010,3468,3468,3425,3455.85,1774
SETFNIF50,20191010,116,116.45,115.25,115.72,81949
SETFNIFBK,20191010,285,290.09,280,283.23,21864
SETFNN50,20191010,273.3,274.25,270.46,272.73,3388
SETUINFRA,20191010,1.7,1.7,1.65,1.65,2607
SEYAIND,20191010,371.05,385,359,375.5,14102
SFL,20191010,1235,1258.9,1225.1,1249.75,9758
SGL,20191010,8.6,8.6,7.1,7.6,35499
SHAHALLOYS,20191010,8.95,8.95,8.3,8.3,2500
SHAKTIPUMP,20191010,268.95,268.95,257,259.2,12834
SHALBY,20191010,84.7,86,82.9,84.9,11982
SHALPAINTS,20191010,81.2,83.9,81,82.35,32838
SHANKARA,20191010,280,284.8,276.15,279.4,56041
SHANTIGEAR,20191010,93.65,94.9,92.8,94.25,8335
SHARDACROP,20191010,280,283.6,271.55,274.35,2172
SHARDAMOTR,20191010,870,887,847,851.3,1041
SHARIABEES,20191010,252,252,252,252,100
SHEMAROO,20191010,255,263.85,245.3,251.55,4324
SHILPAMED,20191010,264.4,267,255.05,261,5820
SHIRPUR-G,20191010,9.55,10.05,9.55,10,40758
SHIVAMAUTO,20191010,21.3,21.8,20.4,21.35,35737
SHIVAMILLS,20191010,32.95,32.95,30.05,31.85,766
SHIVATEX,20191010,109,118.85,103.5,107.2,1660
SHK,20191010,129,129.75,127,128,10184
SHOPERSTOP,20191010,410.3,417.45,402,404.5,3256
SHREDIGCEM,20191010,16.85,16.85,16.3,16.4,20514
SHREECEM,20191010,18350,18549.65,18116,18268.75,10771
SHREEPUSHK,20191010,96.75,97.15,95,96.7,9275
SHREERAMA,20191010,3.65,3.85,3.65,3.85,3803
SHRENIK,20191010,42.15,43.25,39.35,41.6,50445
SHREYANIND,20191010,121.75,123.65,117.2,119.05,16888
SHREYAS,20191010,76,77.05,74.7,75.65,10415
SHRIPISTON,20191010,750,750,750,750,1
SHRIRAMCIT,20191010,1328.35,1339.5,1320.05,1328.6,452
SHRIRAMEPC,20191010,8.15,8.15,7.4,7.85,336369
SHYAMCENT,20191010,2.45,2.45,2.3,2.3,2322
SICAGEN,20191010,16.2,16.2,15.2,15.6,7581
SICAL,20191010,27.25,27.4,25.2,25.2,80172
SIEMENS,20191010,1586,1598.7,1554.2,1572.3,800313
SIGIND,20191010,21.35,21.7,20.75,21.05,3085
SILINV,20191010,147,148.95,145,145.2,543
SIMBHALS,20191010,6.65,7.2,6.65,6.75,4962
SIMPLEXINF,20191010,41.4,43.3,38.8,40.3,436179
SINTEX,20191010,1.55,1.55,1.55,1.55,270743
SIRCA,20191010,189,189,176.2,187,3710
SIS,20191010,860,860,835,838.9,2296
SITINET,20191010,1.7,1.75,1.7,1.7,405327
SIYSIL,20191010,225.95,229.5,215.15,226.1,2887
SJVN,20191010,24,24.2,23.95,24,507944
SKFINDIA,20191010,2085.8,2106,2080.2,2095.2,9513
SKIL,20191010,4.4,4.5,4.2,4.5,4610
SKIPPER,20191010,52.25,52.25,48.8,49.5,5666
SKMEGGPROD,20191010,39.05,40.4,38.6,39,17665
SMARTLINK,20191010,75.05,79.45,75.05,79.45,5499
SMLISUZU,20191010,550.1,552.5,531.1,532.95,5032
SMSLIFE,20191010,292.05,301.95,284,286.75,5726
SMSPHARMA,20191010,42.75,42.75,40.95,41.3,10879
SNOWMAN,20191010,34.25,38,34.05,36.05,340240
SOBHA,20191010,452.15,454.7,427.05,429.85,127868
SOLARA,20191010,367.15,377,367,372.8,9331
SOLARINDS,20191010,1098.7,1098.7,1075,1089.8,8685
SOMANYCERA,20191010,178,189.4,176.9,187.05,40037
SOMATEX,20191010,2.8,2.8,2.7,2.7,4891
SOMICONVEY,20191010,11.15,13,11.15,11.75,7176
SONATSOFTW,20191010,292.1,296.85,288.25,293.95,65249
SORILINFRA,20191010,97.15,97.15,97.15,97.15,4617
SOTL,20191010,835,854,815.05,824.65,1250
SOUTHBANK,20191010,10.45,10.5,9.95,10.2,3687816
SOUTHWEST,20191010,15.2,15.2,13.7,13.75,398
SPAL,20191010,208.05,209.75,200,204.95,68173
SPANDANA,20191010,973,1024.85,967.1,1004.25,94695
SPARC,20191010,114.9,117.95,114.4,115.9,403145
SPCENET,20191010,1.25,1.25,1.2,1.2,30753
SPECIALITY,20191010,67.8,67.8,65.6,67.05,12606
SPENCERS,20191010,69.4,69.4,66.5,67.1,42030
SPENTEX,20191010,0.35,0.45,0.35,0.35,3930
SPIC,20191010,18.25,18.4,18,18.1,25399
SPICEJET,20191010,117,125.4,115.35,123.9,1930430
SPLIL,20191010,30.8,32,30.6,31.45,14626
SPMLINFRA,20191010,8.4,8.4,8.4,8.4,2958
SPTL,20191010,2.8,2.8,2.8,2.8,216284
SPYL,20191010,0.25,0.25,0.2,0.25,102741
SREEL,20191010,170.3,173.85,170.25,171.85,917
SREINFRA,20191010,8,8.3,7.35,7.95,362339
SRF,20191010,2745.5,2789,2722.25,2743.4,171990
SRHHYPOLTD,20191010,100.3,100.3,95.65,95.75,863
SRIPIPES,20191010,173.5,173.9,170.6,171.2,11010
SRTRANSFIN,20191010,1116,1116,1073.75,1081.9,797201
SSWL,20191010,770.25,776.8,770.15,774.5,2757
STAMPEDE,20191010,0.7,0.7,0.65,0.7,85285
STAR,20191010,311.6,324,302.5,317.15,1410478
STARCEMENT,20191010,91.95,91.95,90.25,90.55,20528
STARPAPER,20191010,112.3,116.5,109.15,109.45,254681
STCINDIA,20191010,53.7,53.7,51.05,51.05,54848
STEELCITY,20191010,28.4,29.95,27.85,28.95,13989
STEELXIND,20191010,10.2,10.8,10.1,10.45,8386
STEL,20191010,75.95,75.95,65,66.8,5744
STERTOOLS,20191010,164.05,169.5,161.55,163.3,31269
STRTECH,20191010,142.2,146.9,141.5,144.15,775872
SUBEX,20191010,5.1,5.15,4.35,4.95,1003248
SUBROS,20191010,243.8,243.8,237.05,238.85,22041
SUDARSCHEM,20191010,378,383,368.4,372.9,43088
SUJANAUNI,20191010,0.15,0.2,0.15,0.2,8562
SUMEETINDS,20191010,2,2.05,1.8,1.85,111590
SUMIT,20191010,19,19.75,18.15,18.55,6028
SUMMITSEC,20191010,447.4,471,446,466.45,1230
SUNCLAYLTD,20191010,1843.15,1885,1843.15,1868.45,221
SUNDARAM,20191010,1.4,1.45,1.3,1.3,415718
SUNDARMFIN,20191010,1606.5,1634.35,1600,1622.75,11732
SUNDARMHLD,20191010,70.95,70.95,68.15,68.55,11330
SUNDRMBRAK,20191010,250,254.05,242.2,245.85,1947
SUNDRMFAST,20191010,456.2,456.7,450.5,455.25,26977
SUNFLAG,20191010,26.4,26.4,25.1,25.25,57188
SUNPHARMA,20191010,385,389.8,378.7,387.05,4581317
SUNTECK,20191010,400,408,391.25,402.45,149479
SUNTV,20191010,466.3,480.8,464.5,468.15,1536015
SUPERHOUSE,20191010,82.05,84.25,81,81.55,8986
SUPERSPIN,20191010,4.15,4.75,4.15,4.6,184885
SUPPETRO,20191010,164.1,169.9,164.1,168,2828
SUPRAJIT,20191010,182.9,182.95,173.8,177.05,12259
SUPREMEIND,20191010,1201.85,1212,1197.4,1201.8,21454
SURANASOL,20191010,5.6,5.65,5.5,5.55,32745
SURANAT&P,20191010,3.35,3.7,3.35,3.5,6214
SURYALAXMI,20191010,18.7,18.7,16.55,17.3,2456
SURYAROSNI,20191010,169.8,170.1,164.4,165.5,24839
SUTLEJTEX,20191010,28.75,28.85,26.85,27.95,5782
SUVEN,20191010,260.2,262.5,248.1,250.95,168270
SUZLON,20191010,2.4,2.4,2.3,2.35,5067663
SWANENERGY,20191010,107,107,104.35,104.9,64014
SWARAJENG,20191010,1184.95,1184.95,1150.1,1154.3,818
SWELECTES,20191010,115.95,115.95,102,104.85,8966
SWSOLAR,20191010,591.15,598.95,580.2,585.9,23600
SYMPHONY,20191010,1276.45,1294,1275,1283.45,1436
SYNCOM,20191010,0.95,0.95,0.85,0.95,2960
SYNDIBANK,20191010,25.6,25.65,25.25,25.3,375554
SYNGENE,20191010,304.15,310.95,303.1,309.1,366817
TAINWALCHM,20191010,49.9,49.9,49,49,4
TAJGVK,20191010,168.25,171.7,165.25,166.2,29286
TAKE,20191010,100.1,103,99.75,100.9,52404
TALBROAUTO,20191010,110.05,116,108,110.75,9456
TALWALKARS,20191010,2.75,2.75,2.75,2.75,12969
TALWGYM,20191010,4.35,4.35,4.35,4.35,3366
TANLA,20191010,46.3,48.25,44.3,46.9,96082
TANTIACONS,20191010,1.5,1.5,1.5,1.5,10
TARMAT,20191010,24.7,26.75,24.7,26.75,1868
TASTYBITE,20191010,10008,10100,9826,9993.55,238
TATACHEM,20191010,588.5,591.6,576.5,578.85,309118
TATACOFFEE,20191010,73,75.5,72.55,74.65,175520
TATACOMM,20191010,363,372.95,363,370.5,143325
TATAELXSI,20191010,630.75,632.8,615,618.85,1137992
TATAGLOBAL,20191010,269.9,272.45,265.1,266.65,880540
TATAINVEST,20191010,790,795,778.05,783.9,5201
TATAMETALI,20191010,520.95,535.95,516.15,523.65,15725
TATAMOTORS,20191010,119.3,119.7,116.2,116.8,31229192
TATAMTRDVR,20191010,53.55,53.55,51.35,52.05,3818395
TATAPOWER,20191010,61.1,62.1,60.4,61.6,7059183
TATASTEEL,20191010,332.9,334.55,328,329.95,11507498
TATASTLBSL,20191010,21.3,21.3,20.65,20.75,245756
TATASTLLP,20191010,376.65,382.5,372.95,380.15,12491
TBZ,20191010,43.5,43.5,41.5,41.95,83170
TCI,20191010,280,290.95,275.35,276.5,9990
TCIDEVELOP,20191010,375.35,375.4,348.25,363.8,453
TCIEXP,20191010,685.85,705.05,674.95,695,13451
TCIFINANCE,20191010,9.85,10,9.3,9.8,3409
TCNSBRANDS,20191010,734.8,740.95,724.95,727.45,10061
TCPLPACK,20191010,273.55,275,267.3,270.5,1106
TCS,20191010,2028,2039.05,1997.1,2004.45,2881452
TDPOWERSYS,20191010,146.05,149.7,143.7,146.6,11179
TEAMLEASE,20191010,3013.5,3185.05,2993.1,3124.35,12716
TECHM,20191010,708.05,718.85,703.5,711.3,1507268
TECHNOE,20191010,268.5,270.05,267.25,269.65,1468
TECHNOFAB,20191010,29.85,29.85,29.85,29.85,1869
TEJASNET,20191010,81,83,73.4,80.5,163248
TERASOFT,20191010,23.4,24.55,22.7,23.95,7003
TEXINFRA,20191010,42.4,42.4,38.55,39.7,7286
TEXMOPIPES,20191010,15.6,16.1,14.25,14.85,51110
TEXRAIL,20191010,44.95,44.95,43.25,43.6,85676
TFCILTD,20191010,80.4,80.4,75.5,78.15,30195
TFL,20191010,4.05,4.05,3.65,4,4864
TGBHOTELS,20191010,3.8,3.8,3.6,3.6,1269
THANGAMAYL,20191010,344.5,344.95,321.2,323.9,7618
THEINVEST,20191010,112.05,115.45,110.3,113.65,1798
THEMISMED,20191010,242.8,244.9,229.45,242.05,2039
THERMAX,20191010,1135.05,1140.1,1108,1120.2,32614
THOMASCOOK,20191010,143.2,143.2,138,138.75,207883
THOMASCOTT,20191010,5.25,5.5,5.25,5.5,20
THYROCARE,20191010,490.25,532.5,490.25,526.6,43084
TI,20191010,13.1,13.1,12.6,12.65,15417
TIDEWATER,20191010,4585.15,4593.4,4502.35,4521.65,235
TIIL,20191010,337,348,323.55,335.6,1617
TIINDIA,20191010,375.75,375.75,360.55,363.6,14123
TIJARIA,20191010,8.8,9.45,8.6,9,3805
TIL,20191010,185.35,197.7,183,185.15,3659
TIMESGTY,20191010,31.5,31.5,30,30,226
TIMETECHNO,20191010,56.75,57.85,55.7,57,213960
TIMKEN,20191010,790,797,775,778.5,12997
TINPLATE,20191010,106.2,107,104.8,105.3,197076
TIPSINDLTD,20191010,71.15,73.75,71.15,73.75,2121
TIRUMALCHM,20191010,63.25,64.25,61,61.2,240902
TITAN,20191010,1231.2,1242.45,1220,1234.7,1479753
TMRVL,20191010,12.1,12.9,11.7,12.05,6879
TNPETRO,20191010,35.2,35.25,34.1,34.7,37122
TNPL,20191010,183.5,185.9,180.25,181.8,69635
TNTELE,20191010,1.35,1.35,1.35,1.35,1
TOKYOPLAST,20191010,53.25,53.25,52.15,52.15,501
TORNTPHARM,20191010,1565,1705.05,1555,1688.25,1783778
TORNTPOWER,20191010,282.9,284.25,280.05,281.55,339863
TPLPLASTEH,20191010,115.5,118.9,110.1,113.8,4398
TREEHOUSE,20191010,6.35,6.35,5.8,5.85,15800
TREJHARA,20191010,13.1,13.8,13.1,13.55,487
TRENT,20191010,505.8,506.45,494.1,497.9,178112
TRF,20191010,91.15,91.95,88.65,90.8,13490
TRIDENT,20191010,55.4,56.05,55,55.35,190966
TRIGYN,20191010,44,44.7,43.2,43.6,12057
TRIL,20191010,7.9,8.25,7.3,7.55,777951
TRITURBINE,20191010,101.25,101.25,99.85,100,628943
TRIVENI,20191010,63.6,63.7,61.2,62.15,303399
TTKHLTCARE,20191010,440.05,448.35,435.35,442,368
TTKPRESTIG,20191010,6174.8,6174.8,5950,6005.95,2717
TTL,20191010,36,37,36,36.45,2087
TTML,20191010,2.7,2.75,2.6,2.7,348951
TV18BRDCST,20191010,22.6,22.75,22.05,22.25,570479
TVSELECT,20191010,119.9,119.9,114,114.55,9948
TVSMOTOR,20191010,396.7,396.7,382.05,384.45,1165519
TVSSRICHAK,20191010,1750.05,1757.85,1727,1737,1301
TVTODAY,20191010,312.1,312.1,302.05,307.25,6967
TVVISION,20191010,1.55,1.55,1.55,1.55,471
TWL,20191010,41.85,41.85,40.05,40.25,391029
UBL,20191010,1278,1304.75,1270,1281.4,458940
UCALFUEL,20191010,116.1,117.5,115,115.55,11885
UCOBANK,20191010,12.35,12.35,12.05,12.2,424274
UFLEX,20191010,206.6,212,206.05,207.85,25829
UFO,20191010,145.35,148.8,141.3,143.35,11817
UGARSUGAR,20191010,12.3,12.4,12.1,12.2,33955
UJAAS,20191010,3.35,3.35,3,3.15,197033
UJJIVAN,20191010,304,304,295,297.55,1571039
ULTRACEMCO,20191010,4047.5,4080,3947.05,3976.3,390651
UMANGDAIRY,20191010,33.95,34.2,32.3,33.25,3209
UNICHEMLAB,20191010,177,179.95,177,178.9,7592
UNIENTER,20191010,67.55,69.8,65.7,69.45,3054
UNIONBANK,20191010,50.9,51,48.8,49.1,9014951
UNIPLY,20191010,42.1,45.7,40.65,41.85,119420
UNITECH,20191010,0.45,0.5,0.4,0.4,9898032
UNITEDBNK,20191010,7.7,7.8,7.65,7.65,296057
UNITEDTEA,20191010,265,269,261,261,212
UNIVCABLES,20191010,143,145.95,138.3,142.1,10748
UPL,20191010,578,588.8,574.7,583.45,1789997
URJA,20191010,1.7,1.8,1.7,1.75,1417453
USHAMART,20191010,25.6,25.95,25.25,25.7,198706
UTINEXT50,20191010,275,275,267,268.8,97
UTINIFTETF,20191010,1216,1274,1170,1181.25,270
UTISENSETF,20191010,398.7,402,397,402,861
UTTAMSTL,20191010,6.3,6.45,6.05,6.15,25199
UTTAMSUGAR,20191010,94,95.8,93.05,94.4,78616
UVSL,20191010,0.1,0.1,0.05,0.1,5617377
V2RETAIL,20191010,135.8,137.3,127.8,129.9,44701
VADILALIND,20191010,796.85,800,782,787.65,13414
VAIBHAVGBL,20191010,805.9,838.95,805.9,812.1,3575
VAKRANGEE,20191010,26.3,26.4,24.15,24.7,7430464
VARDHACRLC,20191010,35.55,37.05,35.55,36.55,18540
VARDMNPOLY,20191010,2.45,2.45,2.4,2.4,825
VARROC,20191010,445.1,445.1,427.85,440.8,9018
VASCONEQ,20191010,12.5,12.85,12.35,12.7,94365
VASWANI,20191010,5.1,5.5,4.7,5.4,21905
VBL,20191010,614,622.7,606,608.6,105821
VEDL,20191010,143.9,145.5,140.5,141.15,8466309
VENKEYS,20191010,1630,1656.5,1609,1642.15,104650
VENUSREM,20191010,19.6,23.75,19.6,23.15,275886
VESUVIUS,20191010,987.05,1013.85,982.45,1001.3,1446
VETO,20191010,48.85,49,45.95,46.55,10905
VGUARD,20191010,226,226.6,223.1,226.05,106572
VHL,20191010,1501,1501,1462.25,1487.35,188
VICEROY,20191010,1.25,1.35,1.25,1.25,19641
VIDHIING,20191010,60.05,60.05,58.3,58.65,7261
VIJIFIN,20191010,0.5,0.5,0.4,0.4,36843
VIKASECO,20191010,3.35,3.55,3.25,3.3,249057
VIKASMCORP,20191010,3.9,3.9,3.8,3.9,232778
VIKASPROP,20191010,3.3,3.3,3.3,3.3,8275
VIKASWSP,20191010,10,10.45,10,10.1,147990
VIMALOIL,20191010,5.9,5.9,5.9,5.9,1
VIMTALABS,20191010,113,114.75,105.15,106.9,28608
VINATIORGA,20191010,2176.6,2196.5,2136,2145.4,13342
VINDHYATEL,20191010,950.05,960,865.55,889.65,6647
VINYLINDIA,20191010,61.85,62,60.15,60.75,7942
VIPCLOTHNG,20191010,7.05,7.15,6.5,6.65,265068
VIPIND,20191010,453,460,447.05,449.75,138184
VIPULLTD,20191010,31.1,31.5,30.25,30.25,91596
VISAKAIND,20191010,283.2,285.8,243.95,277.7,46145
VISASTEEL,20191010,4.5,4.6,4.25,4.3,8794
VISESHINFO,20191010,0.1,0.1,0.05,0.05,1529833
VISHAL,20191010,338,340,337.8,338,15001
VISHNU,20191010,126.35,126.45,119,122.7,835
VIVIDHA,20191010,0.2,0.25,0.15,0.2,477598
VIVIMEDLAB,20191010,14.6,14.6,13.85,13.95,50541
VLSFINANCE,20191010,50.25,50.6,49.1,49.4,9883
VMART,20191010,1925.05,1984.95,1911,1969.5,4171
VOLTAMP,20191010,1155.15,1160,1124,1129.75,2105
VOLTAS,20191010,680.8,695.05,671.9,673.85,1835731
VRLLOG,20191010,262.9,269.7,260.3,267.25,99609
VSSL,20191010,69,69,62.3,63.05,21422
VSTIND,20191010,3730,3758.35,3719.3,3744.45,1369
VSTTILLERS,20191010,1247.15,1253.3,1229.25,1238,1670
VTL,20191010,910.95,921,909.2,916.7,5324
WABAG,20191010,249.45,249.45,244,244.8,66342
WABCOINDIA,20191010,6184.4,6184.4,6125,6135.1,9251
WALCHANNAG,20191010,61.4,61.95,58.1,59.05,106157
WANBURY,20191010,11.25,11.9,11.05,11.9,600
WATERBASE,20191010,96.5,101.7,95.1,98.65,70396
WEBELSOLAR,20191010,21.15,21.3,20.2,20.55,123770
WEIZFOREX,20191010,271.65,282.7,266.1,276.8,783
WEIZMANIND,20191010,24.3,24.3,22,23.3,1123
WELCORP,20191010,125.7,130,125,129.45,164898
WELENT,20191010,95,96.75,94.3,95.05,174170
WELINV,20191010,151.1,153.95,150.95,151.75,5117
WELSPUNIND,20191010,50.5,50.5,49.4,49.65,269998
WENDT,20191010,2591.85,2988,2591.85,2944.65,5101
WESTLIFE,20191010,312.15,319.9,309.3,315,117843
WHEELS,20191010,612.95,612.95,592.6,606.7,1474
WHIRLPOOL,20191010,2060,2145,2034.95,2092.6,87340
WILLAMAGOR,20191010,14.6,15.2,14.05,14.15,1101
WINDMACHIN,20191010,20,20,17.4,17.4,62122
WINSOME,20191010,0.1,0.15,0.1,0.15,6500
WIPL,20191010,70.9,70.9,67.4,67.4,258
WIPRO,20191010,237.75,239.6,235.8,239.2,2067862
WOCKPHARMA,20191010,236.8,260.55,234.35,250.15,2073985
WONDERLA,20191010,274.7,274.7,267,268.25,18308
WSI,20191010,0.85,0.85,0.8,0.8,1862
WSTCSTPAPR,20191010,241.35,244.4,236.4,237.9,70186
XCHANGING,20191010,54,54.45,53,53.75,6756
XELPMOC,20191010,69.65,70,65.3,69,1922
XLENERGY,20191010,0.4,0.5,0.4,0.4,5259
XPROINDIA,20191010,24.5,26.7,24.5,24.5,2065
YESBANK,20191010,41.7,42.7,40.15,40.95,207266038
ZEEL,20191010,245.55,248.15,242.4,245,9050814
ZEELEARN,20191010,17.25,17.95,17.25,17.3,66508
ZEEMEDIA,20191010,7.45,7.5,6.4,6.7,6605098
ZENITHBIR,20191010,0.45,0.5,0.45,0.5,92081
ZENITHEXPO,20191010,38.1,42.3,38.05,38.6,4419
ZENSARTECH,20191010,203.35,204.25,200.1,200.75,10445
ZENTEC,20191010,66.55,66.55,64,64.9,24465
ZICOM,20191010,1,1.05,0.95,1,5045
ZODIACLOTH,20191010,202.4,202.45,194.95,199.9,1238
ZODJRDMKJ,20191010,30.5,31.8,30.1,31.05,941
ZOTA,20191010,187.25,187.5,184.95,185.35,21765
ZUARI,20191010,85,85.7,83.4,84.45,15776
ZUARIGLOB,20191010,58,59.5,56.05,58.35,25481
ZYDUSWELL,20191010,1570,1590,1560,1577.2,5907
NSENIFTY,20191010,11280.50,11293.35,11208.55,11234.55,562017945,0
NIFTYJUNIOR,20191010,26575.80,26684.00,26421.40,26492.85,688172340,0
NIFTYMIDCAPLIQ15,20191010,3665.20,3687.15,3627.65,3632.00,47073838,0
NSE100,20191010,11390.10,11404.65,11320.40,11345.00,1254008680,0
NIFTY200,20191010,5799.95,5807.45,5762.80,5773.75,1537730899,0
NSE500,20191010,9153.50,9165.05,9097.55,9112.75,1726737948,0
NSEMIDCAP150,20191010,5804.65,5816.60,5753.50,5758.80,290842117,0
MIDCAP50,20191010,4289.95,4309.30,4249.15,4255.15,251896204,0
NSEMIDCAP,20191010,15686.45,15728.80,15521.65,15540.40,283722219,0
NIFTYSMALLCAP250,20191010,-,-,-,4492.55,-,0
NIFTYSMALLCAP50,20191010,-,-,-,2573.70,-,0
NSESMLCAP100,20191010,5388.85,5408.10,5363.30,5370.75,-,0
NIFTYLARGEMIDCAP250,20191010,-,-,-,5547.91,1544850797,0
NIFTYMIDSMALLCAP400,20191010,-,-,-,5306.35,-,0
NIFTYAUTO,20191010,7440.80,7445.80,7332.95,7359.65,90133067,0
BANKNIFTY,20191010,28542.95,28552.75,27914.15,28013.45,381151128,0
NIFTYFINSERVICE,20191010,12884.20,12890.45,12672.45,12721.80,185303965,0
NIFTYFMGC,20191010,30245.80,30323.25,30071.45,30147.20,32905944,0
NSEIT,20191010,15124.85,15235.60,15034.60,15093.80,24092311,0
NIFTYMEDIA,20191010,1727.35,1738.55,1707.55,1712.35,46226748,0
NIFTYMETAL,20191010,2300.65,2309.90,2278.70,2283.35,116215329,0
NIFTYPHARMA,20191010,7200.25,7272.80,7130.50,7235.60,32158746,0
NIFTYPVTBANK,20191010,15970.80,15978.00,15587.10,15640.55,297723562,0
NIFTYPSUBANK,20191010,2197.30,2197.30,2144.65,2151.75,109733182,0
NIFTYREALTY,20191010,250.00,250.25,243.95,244.95,17500017,0
NIFTYCOMMODITIES,20191010,3205.20,3225.85,3196.35,3206.10,190229909,0
NIFTYCONSUMPTION,20191010,4862.85,4886.40,4844.15,4860.55,112337287,0
NIFTYCPSE,20191010,1906.45,1916.45,1900.80,1903.50,62050651,0
NIFTYENERGY,20191010,15455.15,15612.30,15438.75,15579.30,74480981,0
NIFTY100ESG,20191010,-,-,-,2088.71,1123781454,0
NIFTY100ENHESG,20191010,-,-,-,2121.01,1098009590,0
NIFTYINFRA,20191010,3149.55,3177.25,3147.65,3172.00,204748321,0
NIFTYMNC,20191010,13248.35,13278.00,13169.85,13185.10,483935742,0
NIFTYPSE,20191010,3199.35,3209.30,3181.05,3189.20,162238286,0
NIFTYSMEEMERGE,20191010,-,-,-,1341.50,1112650,0
NIFTYSERVSECTOR,20191010,15913.10,15925.90,15708.95,15746.85,506690392,0
NIFTYSHARIAH25,20191010,-,-,-,4232.97,60427337,0
NIFTY50SHARIAH,20191010,-,-,-,2460.92,61097681,0
NIFTY500SHARIAH,20191010,-,-,-,2890.44,256058936,0
NIFTYABGROUP,20191010,-,-,-,2760.70,436052511,0
NIFTYMAHINDRA,20191010,-,-,-,9751.74,5200777,0
NIFTYTATA,20191010,-,-,-,6397.07,64640312,0
NIFTYTATA25CAP,20191010,-,-,-,4398.51,59079715,0
NIFTYABGROUP,20191010,-,-,-,2760.70,436052511,0
NIFTYLIQ15,20191010,3395.10,3400.05,3329.95,3336.25,426397742,0
NIFTY500VALUE50,20191010,-,-,-,3317.18,336101365,0
NIFTYALPHALOWVOL30,20191010,-,-,-,11633.70,120752813,0
NIFTYQUALLOWVOL30,20191010,-,-,-,8184.80,86002014,0
NIFTYALPHAQUALLOWVOL30,20191010,-,-,-,9359.66,91963231,0
NIFTYALPHAQUALVALLOWVOL30,20191010,-,-,-,7107.51,111093054,0
NIFTY50EQUALWEIGHT,20191010,11526.60,11553.80,11459.05,11483.10,562017945,0
NIFTY100EQUALWEIGHT,20191010,12379.65,12420.50,12302.55,12326.05,1254008680,0
NIFTY100LOWVOL30,20191010,8646.20,8657.15,8600.15,8629.15,98790833,0
NSEDEFTY,20191010,-,-,-,5477.38,-,0
NIFTY50DIVPOINT,20191010,96.23,96.23,96.23,96.23,-,0
NIFTYDIVOPPS50,20191010,2506.20,2513.40,2494.00,2495.60,283457149,0
NIFTYALPHA50,20191010,12155.05,12202.45,12093.45,12118.95,133150840,0
NIFTY50ARBITRAGE,20191010,-,-,-,1861.86,-,0
NIFTY50FUTINDEX,20191010,-,-,-,3821.17,-,0
NIFTY50FUTTRINDEX,20191010,-,-,-,11312.31,-,0
NIFTYHIGHBETA50,20191010,-,-,-,1182.45,1085362584,0
NIFTYLOWVOL50,20191010,-,-,-,10029.86,109380255,0
NIFTY200QUALITY30,20191010,-,-,-,9512.50,-,0
NIFTY50VALUE20,20191010,5228.35,5270.40,5222.30,5246.25,322476900,0
NIFTYGROWSECT15,20191010,6012.15,6014.55,5924.85,5938.50,81950031,0
NIFTY50TR2XLEV,20191010,5958.60,5971.75,5882.45,5909.90,-,0
NIFTY50PR2XLEV,20191010,4600.80,4611.00,4542.00,4563.25,-,0
NIFTY50TR1XINV,20191010,361.15,363.45,360.80,362.65,-,0
NIFTY50PR1XINV,20191010,411.00,413.60,410.55,412.65,-,0
NIFTY-GS-COMPSITE,20191010,2040.35,2040.35,2037.08,2037.55,-,0
NIFTY-GS-4-8YR,20191010,2126.79,2126.79,2124.31,2124.19,-,0
NIFTY-GS-8-13YR,20191010,2006.73,2006.73,2003.04,2003.76,-,0
NIFTY-GS-10YR,20191010,1852.90,1852.90,1849.44,1849.97,-,0
NIFTY-GS-10YR-CLN,20191010,950.03,950.03,948.23,948.51,-,0
NIFTY-GS-11-15YR,20191010,2127.61,2127.61,2122.61,2124.61,-,0
NIFTY-GS-15YRPLUS,20191010,2293.09,2295.12,2293.09,2290.54,-,0
VIX,20191010,17.16,17.54,15.73,17.23,0,0
