<ticker>,<date>,<open>,<high>,<low>,<close>,<volume>,<o/i>
20MICRONS,20191029,36.25,37.7,36.25,36.75,45009
3IINFOTECH,20191029,2.1,2.1,2,2.05,721202
3MINDIA,20191029,22475,22540,22054.4,22221.85,1778
5PAISA,20191029,166.95,175.25,166.9,172.25,11553
63MOONS,20191029,122,127.9,121.05,123.15,116796
A2ZINFRA,20191029,9.2,9.25,8.55,8.7,859853
AARTIDRUGS,20191029,530,530,520.05,525.75,14804
AARTIIND,20191029,887,887,855.05,875.15,103890
AARVEEDEN,20191029,14.7,14.7,14.25,14.45,569
AAVAS,20191029,1650,1650,1603,1611.95,27798
ABAN,20191029,25.2,26,24.2,25.7,45802
ABB,20191029,1515.75,1519.95,1463,1469.65,109724
ABBOTINDIA,20191029,11782,12173.75,11782,11876.6,10012
ABCAPITAL,20191029,80,80.7,79.1,79.55,1867006
ABFRL,20191029,208.55,209.95,204,205.75,131325
ABSLNN50ET,20191029,285.26,285.26,285.26,285.26,30
ACC,20191029,1531,1540.65,1515.5,1531.2,582262
ACCELYA,20191029,925,948.95,901.05,943.1,8803
ACE,20191029,81,83.3,81,81.7,89060
ADANIENT,20191029,182.8,197,182.35,195.55,9534790
ADANIGAS,20191029,149,151.7,147,147.9,1021416
ADANIGREEN,20191029,90.35,92.7,87.1,89.5,1977567
ADANIPORTS,20191029,401,401,398.15,398.95,2269051
ADANIPOWER,20191029,64.4,67.1,64.2,66.25,9957744
ADANITRANS,20191029,264.85,271.65,261.25,263.9,287174
ADFFOODS,20191029,275,282,263.1,278.45,46759
ADHUNIKIND,20191029,116.95,119,116.35,118.45,43707
ADLABS,20191029,2.3,2.3,2.3,2.3,25125
ADORWELD,20191029,311.35,316,310.8,311.15,1271
ADROITINFO,20191029,6.45,7.05,6.45,7.05,1500
ADSL,20191029,13.1,13.75,13.1,13.3,10932
ADVANIHOTR,20191029,55.25,59.5,55.25,57.45,8708
ADVENZYMES,20191029,165.1,174,163,170.75,259407
AEGISCHEM,20191029,168.95,176.5,165.85,175.1,164953
AFFLE,20191029,1474.9,1474.9,1421.6,1438.95,80272
AGARIND,20191029,120.95,120.95,115,117.6,6630
AGCNET,20191029,112,118.4,112,115,1615
AGRITECH,20191029,47.95,48.9,45.35,46.45,8836
AGROPHOS,20191029,115.45,116.25,115.45,115.8,526892
AHLEAST,20191029,176.15,183.95,176.1,181.9,340
AHLUCONT,20191029,294.6,304.4,290,301.1,2339
AHLWEST,20191029,282,307,277,278.05,2018
AIAENG,20191029,1698.05,1725.05,1665,1713.75,24015
AIONJSW,20191029,9.65,10.6,9.65,10,99294
AIRAN,20191029,13,13,12.75,12.75,8561
AJANTPHARM,20191029,991,1035,990.55,1026.45,73497
AJMERA,20191029,117,121.8,114.1,119.1,59581
AKASH,20191029,64,64,60,63.9,2030
AKSHARCHEM,20191029,205,215.1,201.5,212.35,4353
AKSHOPTFBR,20191029,6.85,7,6.65,6.9,335067
AKZOINDIA,20191029,2046,2090,2014,2046.7,21033
ALANKIT,20191029,9.85,11.95,9.85,11.95,647297
ALBERTDAVD,20191029,357.9,379.35,354.1,369.25,6695
ALBK,20191029,25.55,26.3,25.3,25.75,680720
ALCHEM,20191029,0.75,0.8,0.75,0.75,323
ALEMBICLTD,20191029,52,52.8,49.9,50.2,128960
ALICON,20191029,375.1,413.95,375.1,403.4,9494
ALKALI,20191029,45.95,46.55,44.3,45.4,7630
ALKEM,20191029,1979.3,1979.3,1957,1974,19833
ALKYLAMINE,20191029,920,929.95,905.05,924.45,4693
ALLCARGO,20191029,99.1,99.9,98.5,99.35,105331
ALLSEC,20191029,298.95,298.95,295,295,1470
ALMONDZ,20191029,10,10,9.5,9.55,265
ALOKTEXT,20191029,1.45,1.5,1.4,1.45,3654357
ALPA,20191029,13.95,14.45,13.9,14.35,4596
ALPHAGEO,20191029,188,197.15,188,195.95,9348
ALPSINDUS,20191029,0.4,0.45,0.4,0.4,6370
AMARAJABAT,20191029,654,669.75,654,662.55,401455
AMBER,20191029,1025,1044,994.95,1001.4,63637
AMBIKCO,20191029,943.9,943.9,914.3,924.5,1337
AMBUJACEM,20191029,197.9,200,196.9,199.2,2409517
AMDIND,20191029,14.9,15.25,14.9,14.95,1841
AMJLAND,20191029,17.8,19,17.05,18.25,11245
AMRUTANJAN,20191029,411.75,430.8,407,418.4,74089
ANANTRAJ,20191029,31.8,32.1,31.15,31.25,179798
ANDHRABANK,20191029,16.45,16.5,16.25,16.4,414892
ANDHRACEMT,20191029,2.35,2.45,2.25,2.45,20101
ANDHRSUGAR,20191029,267.8,271.2,262.9,267.15,16275
ANIKINDS,20191029,6.45,6.8,6.45,6.55,5187
ANKITMETAL,20191029,0.45,0.45,0.35,0.4,12689
ANSALAPI,20191029,4.2,4.25,4.05,4.25,25587
ANSALHSG,20191029,4.55,4.6,4.4,4.5,53053
ANTGRAPHIC,20191029,0.7,0.75,0.7,0.75,55157
ANUP,20191029,485,505,485,497.4,22193
APARINDS,20191029,555.3,564.4,544.05,548.65,10766
APCL,20191029,152,152,144,146.5,2405
APCOTEXIND,20191029,175.7,175.7,170.4,171.15,13943
APEX,20191029,231.2,243.1,229.55,238.1,48654
APLAPOLLO,20191029,1432.4,1432.4,1405,1423.95,9901
APLLTD,20191029,535.1,548,535.1,541.95,357959
APOLLO,20191029,71,71,68.25,68.7,66220
APOLLOHOSP,20191029,1526.1,1527,1393,1431,2296243
APOLLOTYRE,20191029,181.5,190.1,181.2,186.85,3239605
APOLSINHOT,20191029,798,813.9,770,785.6,496
APTECHT,20191029,163.3,167.6,159.5,163.8,215715
ARCHIDPLY,20191029,28,28,26.4,27.85,12572
ARCHIES,20191029,18.05,18.85,18.05,18.7,20191
ARCOTECH,20191029,1.55,1.65,1.55,1.65,13779
ARIES,20191029,60.9,64,60.9,63.85,28726
ARIHANT,20191029,18,18.7,17.05,17.25,464
ARIHANTSUP,20191029,24.65,27.1,24.65,26.5,774
ARMANFIN,20191029,534.7,534.7,506.15,518.75,8233
AROGRANITE,20191029,40.95,41,39.2,40.2,6500
ARROWGREEN,20191029,57.25,57.25,51.95,53,6752
ARROWTEX,20191029,9.8,10.25,9.4,9.65,7721
ARSHIYA,20191029,18.45,18.85,18,18.35,16908
ARSSINFRA,20191029,22.9,24.15,22.9,24.15,19797
ARVIND,20191029,46.95,52.3,46.95,50.75,3338923
ARVINDFASN,20191029,441,457.75,440.05,445.15,43275
ARVSMART,20191029,95,97.6,93.1,94.6,19322
ASAHIINDIA,20191029,204,208,200.95,206.8,422186
ASAHISONG,20191029,161,161.45,153.9,158.85,3777
ASAL,20191029,31.9,36.95,30.85,36.95,46815
ASHAPURMIN,20191029,32.8,32.85,31.3,32.3,27573
ASHIANA,20191029,98.85,98.85,94,95.2,25786
ASHIMASYN,20191029,8.05,8.3,7.3,7.95,33419
ASHOKA,20191029,107.3,107.5,102.5,103,355537
ASHOKLEY,20191029,76,80.85,75.7,79.25,43289235
ASIANHOTNR,20191029,108,108,99.05,103.9,529
ASIANPAINT,20191029,1792.1,1820,1772.55,1814.25,1050123
ASIANTILES,20191029,237,251.6,236.15,248.3,255537
ASPINWALL,20191029,143,143.25,135.3,138.95,148
ASSAMCO,20191029,0.55,0.6,0.5,0.6,224127
ASTEC,20191029,362,362,353.25,356.85,3583
ASTERDM,20191029,125,128.45,123.85,127.5,90835
ASTRAL,20191029,1150,1150,1120.4,1123.05,268199
ASTRAMICRO,20191029,77.75,78.5,75.15,75.6,127525
ASTRAZEN,20191029,2599,2637,2550,2589,23528
ASTRON,20191029,93.8,94.4,74.6,74.6,955742
ATFL,20191029,600.2,622,590,617.25,37039
ATLANTA,20191029,6.75,7,6.65,6.65,30389
ATNINTER,20191029,0.35,0.35,0.35,0.35,5656
ATUL,20191029,4290,4379.85,4270,4276.6,19225
ATULAUTO,20191029,225,234.7,225,231.45,22526
AUBANK,20191029,684,691,679.35,689.6,231376
AURIONPRO,20191029,80.95,80.95,76.5,77.2,4276
AUROPHARMA,20191029,469.1,474.7,467.15,471.85,1673171
AUSOMENT,20191029,27.15,30.9,27.15,28.2,724
AUTOAXLES,20191029,943.95,955,925,945.9,13761
AUTOIND,20191029,22.75,24.3,21.55,21.9,26792
AUTOLITIND,20191029,21,22.25,19.55,21.45,5977
AVADHSUGAR,20191029,265.1,274.9,265,270,33542
AVANTIFEED,20191029,436.65,439.7,427.05,430.05,279453
AVTNPL,20191029,25.25,25.25,24.75,24.85,26953
AXISBANK,20191029,706.5,742.9,704.25,738.45,10422117
AXISCADES,20191029,73.15,76,66.95,70.55,276648
AXISGOLD,20191029,3416.5,3416.5,3353,3372.95,475
AXISNIFTY,20191029,1194.72,1221.4,1158.7,1212.9,602
AYMSYNTEX,20191029,35.25,35.25,32.75,33.7,6950
BAGFILMS,20191029,1.7,1.75,1.65,1.75,240691
BAJAJ-AUTO,20191029,3145,3198.65,3137.35,3180.75,383452
BAJAJCON,20191029,244.5,250.45,239.1,244.3,331090
BAJAJELEC,20191029,385.9,399.85,377.85,379.85,62894
BAJAJFINSV,20191029,8113,8174.35,8013,8150.9,389923
BAJAJHIND,20191029,6.15,6.25,6.05,6.15,705091
BAJAJHLDNG,20191029,3684.15,3725,3662,3695.35,23522
BAJFINANCE,20191029,3990,4060,3962.45,4047.25,1335515
BALAJITELE,20191029,55,55.15,51.2,51.6,304966
BALAMINES,20191029,327.85,344.65,322,335.85,25646
BALAXI,20191029,80.95,80.95,77.6,80.95,1278
BALKRISHNA,20191029,19,19.85,18.65,19.5,3962
BALKRISIND,20191029,842.4,877.05,841.8,868.65,756890
BALLARPUR,20191029,0.45,0.5,0.4,0.5,1599489
BALMLAWRIE,20191029,185.9,193.9,184,192.4,276678
BALPHARMA,20191029,40.45,40.5,37.1,38.1,13337
BALRAMCHIN,20191029,154.45,156.05,152.2,153.6,737510
BANARBEADS,20191029,35,37.55,35,37.55,10884
BANARISUG,20191029,1108,1143.95,1101.1,1121,301
BANCOINDIA,20191029,111.6,114.75,109.05,113.1,151368
BANDHANBNK,20191029,596.8,650,592,624.25,3377753
BANG,20191029,18,18.75,16.65,17.7,7556
BANKBARODA,20191029,90.1,93.6,90.1,93.05,19787731
BANKBEES,20191029,3050,3058,3010,3044.48,6094
BANKINDIA,20191029,65.9,68.5,65.5,67.2,6293802
BANSWRAS,20191029,67,67.95,65.4,66.7,4517
BARTRONICS,20191029,1.2,1.2,1.2,1.2,42267
BASF,20191029,970.05,999,968.1,982.85,13749
BASML,20191029,152,162.5,147.1,155.85,2697
BATAINDIA,20191029,1778,1791.55,1755,1781.65,389498
BAYERCROP,20191029,3279.9,3300,3200,3286.35,2695
BBL,20191029,866.35,877.3,857,862.15,7090
BBTC,20191029,1183.1,1238.5,1176,1209.7,256339
BCG,20191029,2.7,2.75,2.55,2.65,424792
BCP,20191029,7.65,7.8,7.5,7.6,98872
BDL,20191029,301.5,339.5,301.5,327.75,249769
BEARDSELL,20191029,11,11,10.25,11,63
BEDMUTHA,20191029,10.5,11.4,10.25,11,2336
BEL,20191029,117.3,120.4,116.7,118.7,9326288
BEML,20191029,946,1018,936.6,1008.25,1636118
BEPL,20191029,47.7,48.95,47.35,47.75,319189
BERGEPAINT,20191029,491.5,501.5,486.1,499.1,1447753
BFINVEST,20191029,289,338,288.95,333.8,584820
BFUTILITIE,20191029,218,237.15,214.2,237.15,481503
BGLOBAL,20191029,1.9,1.9,1.8,1.9,6122
BGRENERGY,20191029,31.8,32.2,31.4,31.85,74483
BHAGERIA,20191029,108.4,109.8,107,107.5,12320
BHAGYANGR,20191029,19.05,19.6,18.75,19,8715
BHAGYAPROP,20191029,21.4,21.4,18.2,21.2,115
BHANDARI,20191029,1.1,1.15,1.05,1.1,87116
BHARATFORG,20191029,454.5,478.8,452.05,463.4,3311695
BHARATGEAR,20191029,57.45,67.8,57.05,65.25,36004
BHARATRAS,20191029,6043.5,6043.5,5819,5850.8,1302
BHARATWIRE,20191029,34.4,36.9,33,33.95,18126
BHARTIARTL,20191029,363,365.65,353.1,359.9,36231891
BHEL,20191029,52.2,54.5,51.7,53.8,24273377
BIGBLOC,20191029,25.45,25.45,23.1,24.35,1425
BIL,20191029,130.3,137.5,130.3,133.6,1212
BILENERGY,20191029,1,1,1,1,45700
BINDALAGRO,20191029,9.35,10,9.1,9.8,10942
BIOCON,20191029,243,246.25,240.4,244.1,3420282
BIOFILCHEM,20191029,4.5,4.5,4.5,4.5,9
BIRLACABLE,20191029,55,58.6,53,55.7,94095
BIRLACORPN,20191029,574,578.9,566.6,569.6,45792
BIRLAMONEY,20191029,36,36.75,35,35.8,90742
BKMINDST,20191029,0.85,0.9,0.8,0.85,3881
BLBLIMITED,20191029,3.65,3.65,3.25,3.45,310
BLISSGVS,20191029,139.8,139.8,135.75,136.75,117813
BLKASHYAP,20191029,8.5,8.55,8.05,8.1,46645
BLS,20191029,75.6,75.6,72.9,73.8,18684
BLUECOAST,20191029,1.55,1.6,1.5,1.6,541
BLUEDART,20191029,2362.75,2405.3,2350,2382,4211
BLUESTARCO,20191029,849.45,860,835.6,846.15,39231
BODALCHEM,20191029,75.85,79.5,75.1,77.9,176293
BOMDYEING,20191029,78.75,81.9,78.2,80.35,2714702
BOROSIL,20191029,173.65,173.65,170,170.45,29133
BOSCHLTD,20191029,14655,15732,14655,15654.8,36658
BPCL,20191029,534,534,518,522.9,8316972
BPL,20191029,19.3,19.9,18.75,19.2,103643
BRFL,20191029,4,4.05,3.8,3.85,133775
BRIGADE,20191029,188.5,198.5,187.55,195.8,69844
BRITANNIA,20191029,3273,3367,3259,3352.5,458464
BRNL,20191029,61.5,64.95,60.5,62.85,14115
BROOKS,20191029,33.45,33.85,33.05,33.45,8803
BSE,20191029,534.3,559.8,534.3,552.9,150838
BSELINFRA,20191029,1.1,1.1,1,1.1,11522
BSL,20191029,25.85,27.9,25.8,26.55,11007
BSLGOLDETF,20191029,3585.5,3585.5,3500,3529,93
BSLNIFTY,20191029,130,130,126.55,128.25,528
BSOFT,20191029,70.7,71,68.15,68.6,188119
BURNPUR,20191029,1.25,1.3,1.2,1.25,37829
BUTTERFLY,20191029,158.85,165,158,161.65,34652
BVCL,20191029,10,10.5,9.6,10.5,2253
BYKE,20191029,20.1,20.6,19.2,19.9,23903
CADILAHC,20191029,246,251.3,244.75,250.05,615376
CALSOFT,20191029,16.7,16.7,16.7,16.7,6845
CAMLINFINE,20191029,64.55,68.75,64.55,66.1,296916
CANBK,20191029,192,198.4,191.5,195.25,5772432
CANFINHOME,20191029,402,405,394.3,396.85,137526
CANTABIL,20191029,213.05,222.25,208.1,211.9,13468
CAPACITE,20191029,192.2,216.55,192.2,205,95201
CAPLIPOINT,20191029,378,397.5,373.5,387.15,64542
CAPTRUST,20191029,78,80.25,77.9,79.85,715
CARBORUNIV,20191029,299.1,305,291.1,302,77093
CAREERP,20191029,108.5,114.15,108.5,113.05,17226
CARERATING,20191029,536,545,530,535.45,99740
CASTEXTECH,20191029,0.3,0.35,0.3,0.35,101582
CASTROLIND,20191029,152,153.95,150.1,150.55,1294497
CCHHL,20191029,3.15,3.4,3.15,3.4,74332
CCL,20191029,200.1,202.1,190.1,200,346374
CDSL,20191029,212.3,213.9,207,207.85,256081
CEATLTD,20191029,955,980,950.2,966.55,156611
CEBBCO,20191029,13.05,13.75,13,13.55,25266
CELEBRITY,20191029,4.6,4.6,4.25,4.6,4707
CELESTIAL,20191029,3.5,3.5,3.2,3.2,4287
CENTENKA,20191029,179.3,184,177.05,180.85,20274
CENTEXT,20191029,2.75,2.75,2.6,2.7,51906
CENTRALBK,20191029,17.75,18.15,17.35,18,722465
CENTRUM,20191029,23.45,23.45,22.6,23,70032
CENTUM,20191029,406,428,406,422.8,1534
CENTURYPLY,20191029,163.6,170.5,161.2,163.75,137945
CENTURYTEX,20191029,414.9,431.2,410.3,423.75,902003
CERA,20191029,2586,2586,2532.1,2544.1,26711
CEREBRAINT,20191029,21.4,21.4,19.65,19.9,312511
CESC,20191029,797,821,792,810.75,239006
CESCVENT,20191029,347,347,335.15,337.8,14286
CGCL,20191029,201.5,204,197.6,200.9,336746
CGPOWER,20191029,15,15.15,14.3,14.7,702202
CHALET,20191029,332,332,322.7,329.9,62050
CHAMBLFERT,20191029,159.8,162.45,158.55,159.7,82555
CHEMFAB,20191029,181.9,181.9,174.1,178.15,1368
CHENNPETRO,20191029,156.8,156.8,151,155.2,176504
CHOLAFIN,20191029,286,298.85,284.1,296.95,974448
CHOLAHLDNG,20191029,451.5,460.95,448.95,459.05,34030
CHROMATIC,20191029,0.5,0.5,0.45,0.5,20001
CIGNITITEC,20191029,299.45,299.45,291,294.7,69777
CIMMCO,20191029,18.5,19.15,17.9,18.8,19529
CINELINE,20191029,33.15,34.4,33.1,33.75,8927
CINEVISTA,20191029,9.25,9.25,9.25,9.25,29032
CIPLA,20191029,463.9,478.4,462,473.05,3498572
CKFSL,20191029,0.7,0.7,0.6,0.65,89165
CLEDUCATE,20191029,75.05,78,74,74.55,12664
CLNINDIA,20191029,286.95,287,283.05,283.8,20152
CMICABLES,20191029,57.7,58.8,54.15,58.15,13845
CNOVAPETRO,20191029,8.2,8.65,8.15,8.6,1721
COALINDIA,20191029,204,210.45,199.6,209.75,6925785
COCHINSHIP,20191029,383,395.5,381,393.1,211609
COFFEEDAY,20191029,29.6,29.6,27.75,27.75,1458428
COLPAL,20191029,1535,1535,1499.85,1513,386782
COMPINFO,20191029,9.6,9.85,9.35,9.8,50010
COMPUSOFT,20191029,8.1,10,8.05,8.95,57048
CONCOR,20191029,603.9,605.25,591.35,597.3,1160422
CONFIPET,20191029,26.9,30.75,25.7,30.05,1347222
CONSOFINVT,20191029,34,36.9,34,36.9,271
CONTROLPR,20191029,265,305,264.85,278.4,10468
CORALFINAC,20191029,10.95,10.95,9.85,10.2,7178
CORDSCABLE,20191029,43.45,45.15,43.45,44.8,5508
COROMANDEL,20191029,472,483,468.65,472.5,313370
CORPBANK,20191029,14.45,14.8,14.2,14.7,109094
COSMOFILMS,20191029,198.35,214,198.35,212.45,11478
COUNCODOS,20191029,1.6,1.65,1.55,1.55,7940
COX&KINGS,20191029,1.85,1.85,1.85,1.85,491839
CPSEETF,20191029,24.5,24.8,24.29,24.75,13689623
CREATIVE,20191029,65,71,65,65.6,11475
CREATIVEYE,20191029,1.2,1.2,1.2,1.2,200
CREDITACC,20191029,675,675,651.55,663.8,77577
CREST,20191029,97.9,108,91.05,95.15,4746
CRISIL,20191029,1399,1399,1371.2,1392.75,6021
CRMFGETF,20191029,3654.95,3654.95,3451,3526,9
CROMPTON,20191029,255,258.4,251.05,254.4,884749
CTE,20191029,29.7,31.8,27.2,30.45,18466
CUB,20191029,213.75,213.95,209.6,211.25,723640
CUBEXTUB,20191029,15.15,15.15,15.15,15.15,2247
CUMMINSIND,20191029,546.1,546.95,536.45,540.8,489114
CUPID,20191029,173.8,179.9,170.8,175.8,67244
CURATECH,20191029,1.25,1.25,1.25,1.25,25
CYBERMEDIA,20191029,2.85,2.9,2.85,2.9,190
CYBERTECH,20191029,50,51.3,48.5,49.45,18823
CYIENT,20191029,406.25,415,402.15,406.25,94689
DAAWAT,20191029,26.1,26.1,23.7,23.9,1987347
DABUR,20191029,469.3,469.9,458.7,465.85,1134661
DALBHARAT,20191029,819.4,831.95,808,812.85,102761
DALMIASUG,20191029,91,92.1,90.15,90.75,51473
DAMODARIND,20191029,25.7,27.95,25.5,26.5,8679
DATAMATICS,20191029,72.95,77.05,72.35,75.4,33113
DBCORP,20191029,155.05,159.7,152.05,152.7,48473
DBL,20191029,397,450,392.2,435.4,1041334
DBREALTY,20191029,6.75,7.2,6.75,7.2,332940
DCAL,20191029,120.9,121.45,113.65,115.35,277833
DCBBANK,20191029,179,179.9,175.05,176,744037
DCM,20191029,19.4,20.25,18.7,20.2,7090
DCMNVL,20191029,28.5,30.45,28.5,30,3534
DCMSHRIRAM,20191029,372.2,382.25,370.55,377.05,94965
DCW,20191029,14.9,15.6,14.9,15.35,146643
DECCANCE,20191029,352,356.6,345.1,349.25,5193
DEEPAKFERT,20191029,102.9,104.8,102,103.95,206336
DEEPAKNTR,20191029,351.05,352,342,343.4,220848
DEEPIND,20191029,101.45,104.8,99,102.8,9157
DELTACORP,20191029,197,205.4,193.35,201.1,1281280
DELTAMAGNT,20191029,31.4,33.05,31.4,31.55,226
DEN,20191029,48.05,49.9,47.35,49.2,25971
DENORA,20191029,200,209.9,199.25,204.6,6712
DFMFOODS,20191029,248.4,249,245.9,248.05,35923
DGCONTENT,20191029,4.55,4.95,4.55,4.7,1796
DHAMPURSUG,20191029,202.3,204.2,199,199.9,242540
DHANBANK,20191029,15.3,16,14.9,15.6,1425270
DHANUKA,20191029,295,295.7,287.7,294.35,10619
DHARSUGAR,20191029,6.55,7.05,6.55,6.8,11013
DHFL,20191029,15.9,15.9,15.9,15.9,629000
DHUNINV,20191029,195.35,201,192.6,199.45,3176
DIAMONDYD,20191029,902,920,901.05,912.05,3178
DICIND,20191029,315.9,334.05,315.9,331.65,1262
DIGISPICE,20191029,7.25,7.25,7,7,4616
DISHTV,20191029,11.8,11.8,10.65,11.15,39867278
DIVISLAB,20191029,1757,1761.5,1736.55,1754.35,343418
DIXON,20191029,3042.85,3063.8,3007,3010.8,12780
DLF,20191029,179.8,183.95,178.65,180.95,7767341
DLINKINDIA,20191029,95.7,96.55,91.2,93.25,17969
DMART,20191029,1919.1,1950,1901,1942.1,417025
DNAMEDIA,20191029,0.35,0.4,0.3,0.35,13361
DOLAT,20191029,73.9,75.8,73,75.15,276386
DOLLAR,20191029,176.9,184.85,173.05,179.55,24217
DONEAR,20191029,32.7,33.4,31.4,31.75,14907
DPSCLTD,20191029,9.5,9.9,9.4,9.85,12524
DQE,20191029,2.25,2.35,2.15,2.35,13909
DREDGECORP,20191029,342.05,363.6,338.25,359.75,581076
DRREDDY,20191029,2775,2820,2753.45,2802.5,533768
DSSL,20191029,25.5,25.95,23.2,24.5,6873
DTIL,20191029,152.1,162,152.1,159.85,5952
DUCON,20191029,4.55,4.75,4.45,4.75,34008
DVL,20191029,70.1,72.45,69.2,70.2,4874
DWARKESH,20191029,25.05,26.45,24.75,26.1,460662
DYNAMATECH,20191029,1155,1224,1121.05,1132.55,2302
DYNPRO,20191029,130,136,129.9,134.1,30855
EASTSILK,20191029,0.5,0.6,0.5,0.6,15450
ECLERX,20191029,464.95,467.45,450,459.5,19186
EDELWEISS,20191029,86.8,89.5,85.8,89.5,708351
EICHERMOT,20191029,21323.65,22150,21323.65,22049.4,191047
EIDPARRY,20191029,168.6,170.4,166.25,169.6,105434
EIHAHOTELS,20191029,317.95,322.9,312.15,320.4,1950
EIHOTEL,20191029,172.7,172.7,168.35,171.05,84307
EIMCOELECO,20191029,285,299.7,285,287.5,2594
EKC,20191029,25,29,24.8,25.95,96674
ELECON,20191029,32.25,33.4,31,31.75,37863
ELECTCAST,20191029,13.5,13.75,13.25,13.35,204752
ELECTHERM,20191029,136.15,140.35,134.35,137.1,34187
ELGIEQUIP,20191029,275.9,284,272.05,278.7,13058
ELGIRUBCO,20191029,16.25,16.65,15.65,15.85,4433
EMAMILTD,20191029,328.9,333,322,329.75,244166
EMAMIPAP,20191029,74.95,79.9,74.15,78.7,3982
EMAMIREAL,20191029,41.85,41.85,38.2,39.95,11871
EMCO,20191029,0.75,0.8,0.7,0.7,16350
EMKAY,20191029,78,78,74.05,75,10056
EMMBI,20191029,117.4,118,115,117.8,5205
ENDURANCE,20191029,1004.55,1066.95,1000,1054.25,76704
ENERGYDEV,20191029,4.9,5.05,4.85,5.05,16252
ENGINERSIN,20191029,110.95,111.5,110,111.05,871643
ENIL,20191029,253,266.95,250.5,252.7,19529
EON,20191029,13.4,14.2,13.35,14,7571
EQ30,20191029,342.9,343.47,312.5,343,49
EQUITAS,20191029,97.35,97.4,94.2,96.3,2901707
ERIS,20191029,430.15,455.4,428.2,451.3,27136
EROSMEDIA,20191029,15.5,15.8,14.95,15.7,195277
ESABINDIA,20191029,1341,1390,1298,1344.15,11842
ESCORTS,20191029,644,674.6,640.6,667.7,2765790
ESSARSHPNG,20191029,7.5,7.5,6.8,7.15,7383
ESSELPACK,20191029,106.95,112.4,106.95,110.45,85652
ESTER,20191029,30.45,31.65,30.2,31.25,32727
EUROMULTI,20191029,0.5,0.5,0.5,0.5,204
EVEREADY,20191029,52.55,52.55,48.05,52.55,1863201
EVERESTIND,20191029,300,305.05,288,291.7,59315
EXCEL,20191029,1.05,1.05,1,1,47681
EXCELINDUS,20191029,927.7,985.05,918.05,961.5,32936
EXIDEIND,20191029,178.2,185.5,177.75,183.3,3371009
EXPLEOSOL,20191029,279.25,284.9,271.55,275.45,2542
FACT,20191029,39.9,40.75,39.15,39.95,98660
FAIRCHEM,20191029,499,506.05,479.55,480.4,22294
FCL,20191029,25.7,26.65,25.1,26.1,146523
FCONSUMER,20191029,23.8,24.95,23.25,24.75,1132835
FCSSOFT,20191029,0.2,0.25,0.2,0.2,382545
FDC,20191029,172.6,181,171,180.3,114823
FEDERALBNK,20191029,81.35,82.6,80.65,82.1,20074360
FEL,20191029,25.4,25.4,24.3,24.95,148049
FELDVR,20191029,24,24.5,23,23.75,12813
FIEMIND,20191029,379.1,382.1,367.55,376.3,10081
FILATEX,20191029,36,37.2,35.1,36.4,70977
FINCABLES,20191029,381.6,394,377.7,382.5,45001
FINEORG,20191029,1969,1969,1890.65,1912.25,10219
FINPIPE,20191029,609.05,619.05,604.5,609.8,21655
FLEXITUFF,20191029,5,5.3,5,5.1,32686
FLFL,20191029,414.85,423.45,408.2,415.85,12783
FLUOROCHEM,20191029,685,719.1,675.05,707.65,9500
FMGOETZE,20191029,559.45,559.5,546.5,547.05,991
FMNL,20191029,39.8,40.75,38.55,39.45,9850
FORCEMOT,20191029,1064,1120.05,1064,1084.25,81883
FORTIS,20191029,139.5,140,138.2,138.65,642313
FOSECOIND,20191029,1371.95,1406,1352.05,1380.35,1586
FRETAIL,20191029,396.8,396.8,380.5,381.55,121382
FSC,20191029,520,531,519.75,526.6,8396
FSL,20191029,50.4,51.4,49.8,50.5,1333780
GABRIEL,20191029,112.65,116.5,110,113.5,143730
GAEL,20191029,134,141.95,133.5,139.9,50898
GAIL,20191029,123.65,127.55,123,125.85,12817648
GAL,20191029,1.75,1.8,1.7,1.8,13495
GALAXYSURF,20191029,1583,1594.75,1535.5,1544.9,7850
GALLANTT,20191029,25.7,26.9,25.65,26,4728
GALLISPAT,20191029,19.15,20.5,19.15,20,2043
GAMMNINFRA,20191029,0.3,0.3,0.25,0.3,725930
GANDHITUBE,20191029,308.2,309.85,295.1,300.9,3377
GANECOS,20191029,264,279.9,260,271.5,17343
GANESHHOUC,20191029,33.85,34.95,33.55,34.05,24052
GANGESSECU,20191029,32.65,33,32.6,32.6,992
GARDENSILK,20191029,11.15,11.4,11.05,11.3,23246
GARFIBRES,20191029,1096,1164.9,1096,1154,6189
GATI,20191029,55.6,59.3,55.6,59.15,764273
GAYAHWS,20191029,0.25,0.3,0.25,0.25,401666
GAYAPROJ,20191029,128.15,133.1,125.4,130.25,171476
GBGLOBAL,20191029,13.25,13.25,13.25,13.25,110
GDL,20191029,94.45,95,92.1,92.65,92306
GEECEE,20191029,83.95,85.45,83,84.3,770
GENESYS,20191029,67.75,71.3,65,70.6,13448
GENUSPAPER,20191029,5,5.15,4.9,4.95,92590
GENUSPOWER,20191029,25.8,26,25,25.85,170852
GEOJITFSL,20191029,28.25,28.6,27.65,28.2,117192
GEPIL,20191029,702.3,730,701.65,724.55,12558
GESHIP,20191029,305,305,295,297.05,43603
GET&D,20191029,178.8,197,177.3,192.75,48987
GFLLIMITED,20191029,85,85,81.5,82.9,64280
GFSTEELS,20191029,5.7,5.7,5.7,5.7,185
GHCL,20191029,216.5,221.05,213.6,219.3,125786
GICHSGFIN,20191029,174,181.5,171.25,174,617402
GICRE,20191029,267.1,317,262.5,300.75,3050649
GILLANDERS,20191029,26,27.8,26,27.8,290
GILLETTE,20191029,8090,8090,7911.05,8027.85,4420
GINNIFILA,20191029,8.7,9.1,8.5,9,80707
GIPCL,20191029,72,72.2,70.8,71.7,124001
GISOLUTION,20191029,3.45,3.45,3.45,3.45,20
GKWLIMITED,20191029,735.05,735.05,730.75,731.05,24
GLAXO,20191029,1562,1614,1552,1594.3,64700
GLENMARK,20191029,313.6,315.05,306.55,309.15,1059344
GLFL,20191029,1.1,1.1,1.1,1.1,1
GLOBALVECT,20191029,57.9,58,53.1,56.8,1862
GLOBOFFS,20191029,6,6.05,6,6.05,2941
GLOBUSSPR,20191029,120.5,124.1,118.6,122,24042
GMBREW,20191029,378,388.5,378,383.35,27716
GMDCLTD,20191029,58.65,59.85,58.3,59.45,172429
GMMPFAUDLR,20191029,1467.85,1474,1420,1424.25,5175
GMRINFRA,20191029,20,21.6,19.9,20.8,29895293
GNA,20191029,259.5,271,253.1,268.15,44528
GNFC,20191029,206.25,207,202.55,205.5,234036
GOACARBON,20191029,214,221.8,207.5,216.25,11145
GOCLCORP,20191029,288.1,293,282.05,286.2,63359
GODFRYPHLP,20191029,1086.95,1086.95,1067.05,1076.65,27145
GODREJAGRO,20191029,509.4,522.9,501,516.9,74054
GODREJCP,20191029,702.25,721.5,698,717.8,594444
GODREJIND,20191029,409,413.8,406.4,410.4,88907
GODREJPROP,20191029,987,1010,974.1,1001,252534
GOKEX,20191029,84.15,86.4,83.7,85.35,11892
GOKUL,20191029,12.25,12.25,11.65,11.8,1204
GOKULAGRO,20191029,14.5,14.5,13.55,13.55,4810
GOLDBEES,20191029,3414,3414,3359.05,3371.05,46518
GOLDENTOBC,20191029,28.55,29.5,28,29.15,1269
GOLDIAM,20191029,133.7,151.95,132.05,146.8,432674
GOLDSHARE,20191029,3405.55,3440,3388.95,3393.8,615
GOLDTECH,20191029,9.1,9.85,9.1,9.25,12398
GOODLUCK,20191029,52.2,53.75,50.25,51.75,9539
GPIL,20191029,135.25,152,135.25,150.15,142326
GPPL,20191029,82.05,82.05,80.5,80.9,973097
GPTINFRA,20191029,39,41.7,36.45,40.35,2409
GRANULES,20191029,126,131.85,126,129.1,2575039
GRAPHITE,20191029,283.75,302,281,292.75,2165112
GRASIM,20191029,699.05,720.9,687.9,714.75,2908854
GRAVITA,20191029,41.6,41.75,40.6,40.95,32540
GREAVESCOT,20191029,135.9,142,133.05,137.35,189959
GREENLAM,20191029,890.5,922.45,880,905.9,1091
GREENPANEL,20191029,33.05,36.45,33.05,33.05,1767669
GREENPLY,20191029,153.15,155.8,152.65,154.85,26966
GREENPOWER,20191029,1.5,1.5,1.45,1.45,95530
GRINDWELL,20191029,601.85,616.45,600,601.85,5801
GROBTEA,20191029,315.5,315.5,292.7,315,105
GRPLTD,20191029,889.95,899.95,889.95,899.95,16
GRSE,20191029,207.85,219.85,207.85,212.05,829828
GSCLCEMENT,20191029,17.9,19,17.8,18.7,60671
GSFC,20191029,77.5,78.2,76.25,77.6,297277
GSKCONS,20191029,9089.9,9184,8967.7,9173.9,9164
GSPL,20191029,207.8,209.75,203.1,204.7,220712
GSS,20191029,31.1,31.7,28.7,30.65,46202
GTL,20191029,1.45,1.5,1.4,1.4,75123
GTLINFRA,20191029,0.45,0.45,0.35,0.45,2082842
GTNIND,20191029,6,6,5.55,5.75,17042
GTPL,20191029,71.95,72.85,70,72.45,30219
GUFICBIO,20191029,69,70.95,68.55,69,19588
GUJALKALI,20191029,443.75,471,439.65,457.15,45529
GUJAPOLLO,20191029,133.25,139.6,133.25,139.2,2603
GUJGASLTD,20191029,186.8,188,185.15,186.1,235914
GULFOILLUB,20191029,869.7,874.45,850.1,865,3490
GULFPETRO,20191029,41,41.4,40,41.05,8357
GULPOLY,20191029,40,41,39.05,40.8,4193
GVKPIL,20191029,4.25,4.25,4.25,4.25,272951
HAL,20191029,751.4,807.45,745.5,786.35,93527
HARITASEAT,20191029,454.15,473.85,454.15,464.6,2038
HARRMALAYA,20191029,48.55,49,47.75,47.8,70316
HATHWAY,20191029,21.95,22.8,21.35,21.95,466500
HATSUN,20191029,590,600,585.1,590.6,3174
HAVELLS,20191029,668.7,672.45,663.6,668.2,1035190
HAVISHA,20191029,0.4,0.4,0.4,0.4,14901
HBLPOWER,20191029,17.5,17.9,17.1,17.25,120198
HBSL,20191029,7,7,7,7,5
HCC,20191029,8.2,8.2,7.85,7.9,750846
HCG,20191029,111.65,111.65,105.35,110.05,4666
HCL-INSYS,20191029,6.5,6.8,6.45,6.7,807669
HCLTECH,20191029,1130.9,1145.85,1127.95,1139.75,1609103
HDFC,20191029,2095,2123.55,2079.05,2113.05,2732339
HDFCAMC,20191029,3068,3068,2991,3012.3,423926
HDFCBANK,20191029,1238,1257.35,1237.7,1242.5,7116284
HDFCLIFE,20191029,620.85,621,609.1,610.75,2288088
HDFCMFGETF,20191029,3510,3545,3417,3455.5,3229
HDFCNIFETF,20191029,1222.31,1234,1222.31,1230.84,2256
HDFCSENETF,20191029,4118.03,4189,4118.03,4189,146
HDIL,20191029,1.85,1.85,1.85,1.85,539947
HEG,20191029,990.3,1055.75,973.4,1021.8,659987
HEIDELBERG,20191029,188.9,189.75,185.25,187.05,233502
HERCULES,20191029,86.1,88.5,84.25,87.9,7107
HERITGFOOD,20191029,309.8,316.4,306.2,307.2,21325
HEROMOTOCO,20191029,2684.5,2720,2665.75,2701.55,1088620
HESTERBIO,20191029,1798,1798,1703.55,1722.7,3469
HEXATRADEX,20191029,11.95,11.95,11.95,11.95,470
HEXAWARE,20191029,339.4,339.4,326.8,328.15,1211462
HFCL,20191029,17.3,17.3,17.05,17.15,737753
HGINFRA,20191029,185,193.45,185,190.1,23207
HGS,20191029,560,574.55,559,570.05,2998
HIKAL,20191029,108,118,108,111.9,887291
HIL,20191029,1106.6,1153.95,1106.6,1128.8,6933
HILTON,20191029,6.75,7.45,6.75,7,6520
HIMATSEIDE,20191029,153.05,154.6,152.1,153.55,50479
HINDALCO,20191029,183.4,188.15,182.45,184.3,9687658
HINDCOMPOS,20191029,173,180,172,174.85,1094
HINDCOPPER,20191029,38.75,40.4,38.4,40.1,1459545
HINDMOTORS,20191029,6.1,6.15,5.8,6.1,80109
HINDNATGLS,20191029,34.75,36.2,33.15,34.3,3905
HINDOILEXP,20191029,98,104.4,96.75,100.95,216791
HINDPETRO,20191029,309.3,313.65,305.7,310.05,5972157
HINDUJAVEN,20191029,321,327,315,318.55,1063
HINDUNILVR,20191029,2135,2163.95,2111.4,2160.2,1229516
HINDZINC,20191029,214,224.8,212.7,220.25,3269262
HIRECT,20191029,167.85,168,164.05,164.9,7026
HISARMETAL,20191029,50.2,54.65,50.2,54,6521
HITECH,20191029,145.15,147.25,142.3,144.75,11216
HITECHCORP,20191029,83.05,84,81.25,84,504
HITECHGEAR,20191029,176.3,182.5,172.5,179.95,9966
HMVL,20191029,73.7,73.75,71.55,73.25,5698
HNDFDS,20191029,597.55,597.55,580,586,1646
HNGSNGBEES,20191029,3371.65,3399.99,3371.65,3379,10
HONAUT,20191029,28601,28710.05,28358.05,28408.85,2116
HONDAPOWER,20191029,1116.6,1150,1116.6,1129.9,2055
HOTELEELA,20191029,8.35,8.4,7.75,7.9,220343
HOVS,20191029,58.65,61.65,58.1,61.4,13352
HPL,20191029,38.95,41.85,38.95,41.15,39553
HSCL,20191029,75.5,76.9,74.35,75.7,372453
HSIL,20191029,45.1,48,44.55,46.1,420768
HTMEDIA,20191029,19.65,19.7,18.55,18.8,84747
HUBTOWN,20191029,13.45,13.7,13,13.25,30272
HUDCO,20191029,35.5,36.25,35.1,36,684706
IBMFNIFTY,20191029,114.9,119.9,112.01,114.01,515
IBREALEST,20191029,49,51.3,48.6,51.3,663445
IBULHSGFIN,20191029,189.25,233.8,186.05,218.7,63766001
IBULISL,20191029,54,57.6,52.55,57.6,122700
IBVENTURES,20191029,95.1,99.95,94.05,97.85,1363545
ICICI500,20191029,153.2,156.8,150.2,152.79,2017
ICICIB22,20191029,34.91,35.7,34.91,35.59,1482570
ICICIBANK,20191029,470.2,482,466.85,477.4,33686172
ICICIBANKN,20191029,308,308,295.52,300,353728
ICICIBANKP,20191029,161,167,161,166.5,2459
ICICIGI,20191029,1367,1369,1331.75,1351.35,614276
ICICIGOLD,20191029,34.6,35.65,34.5,34.8,63722
ICICILIQ,20191029,1000.04,1000.04,999.99,1000,64064
ICICILOVOL,20191029,96.7,96.7,92.27,93.68,290639
ICICIMCAP,20191029,64.7,64.7,62.75,63.61,77636
ICICINF100,20191029,132,132,125,127.31,4238
ICICINIFTY,20191029,123,134.8,121.8,124.03,95205
ICICINV20,20191029,56.8,57.76,53.95,57.25,13934
ICICINXT50,20191029,29,29.69,28.26,28.74,80037
ICICIPRULI,20191029,485.95,510,484.1,504.2,3630843
ICICISENSX,20191029,420,427,411.95,424,1891
ICIL,20191029,42,42.5,40.3,41.85,39866
ICRA,20191029,2560,2650,2552.75,2580.25,256
IDBI,20191029,30.85,33.6,30.6,32.7,3272543
IDBIGOLD,20191029,3546.95,3546.95,3502.1,3530,31
IDEA,20191029,4.1,4.1,3.65,3.85,343083942
IDFC,20191029,33.15,33.7,33.05,33.5,886407
IDFCFIRSTB,20191029,41.95,42.3,41.05,41.75,16268255
IDFNIFTYET,20191029,122,126.48,122,122,32
IEX,20191029,139.75,144.5,138.5,141.9,180319
IFBAGRO,20191029,405,453.9,395.05,434.35,46451
IFBIND,20191029,698.95,716.95,683.05,703.55,10689
IFCI,20191029,7.05,7.25,7,7.1,1622017
IFGLEXPOR,20191029,141,150.75,140.95,148.6,2397
IGARASHI,20191029,221,225,217.85,219.85,82059
IGL,20191029,379,388.85,376.85,381.8,1637011
IGPL,20191029,149,169.9,148.95,157.55,52925
IIFL,20191029,115.5,119.4,115.5,117.95,97973
IIFLSEC,20191029,30.85,30.85,28.05,30.85,653984
IIFLWAM,20191029,1305,1324,1270,1300.5,22228
IITL,20191029,60,60,60,60,10
IMFA,20191029,174.3,183.7,172.3,180,19988
IMPAL,20191029,719.8,719.85,685,689.8,2251
IMPEXFERRO,20191029,0.2,0.25,0.2,0.25,721
INDBANK,20191029,7.55,7.65,7.15,7.5,24899
INDHOTEL,20191029,152.75,154.7,150.75,151.25,920934
INDIACEM,20191029,82.8,85,80.6,83.15,3514798
INDIAGLYCO,20191029,217,222.9,214.55,219.6,34135
INDIAMART,20191029,1890,1910,1825,1840.35,29806
INDIANB,20191029,127.1,128.4,123.25,126.75,1504104
INDIANCARD,20191029,100.1,104.8,96.05,102.7,455
INDIANHUME,20191029,270.8,270.8,258.1,261.45,11850
INDIGO,20191029,1394,1434.45,1377.95,1409.75,4126810
INDLMETER,20191029,14.55,15.95,14.55,15.95,2514
INDNIPPON,20191029,340.05,360.5,336.05,351.2,10832
INDOCO,20191029,151,161.6,150,154,36620
INDORAMA,20191029,26.3,26.7,25.5,26.1,4382
INDOSTAR,20191029,190,198.9,182.5,191,30380
INDOTECH,20191029,90.95,90.95,85.4,86.8,1287
INDOTHAI,20191029,21.95,26.3,21.6,22.7,3315
INDOWIND,20191029,2.75,3.05,2.75,2.9,37061
INDRAMEDCO,20191029,38.35,38.85,38,38.25,46798
INDSWFTLAB,20191029,31.25,32.6,30.5,31.95,39881
INDSWFTLTD,20191029,4.2,4.2,4,4,2266
INDTERRAIN,20191029,75.35,80,72.1,78.25,18930
INDUSINDBK,20191029,1275,1326,1264.15,1315.3,4248732
INEOSSTYRO,20191029,674.9,674.95,651.05,660.65,4165
INFIBEAM,20191029,45.1,46.5,42.2,45.5,3419048
INFOBEAN,20191029,68.5,69.9,66,67.55,2453
INFRABEES,20191029,335,340.64,328.9,340.15,496
INFRATEL,20191029,211.5,214.4,190.85,193.15,25065956
INFY,20191029,651,653.75,647,650.65,16709764
INGERRAND,20191029,619.5,639.9,610.1,634.85,21520
INOXLEISUR,20191029,360,364.75,350.05,354.95,154926
INOXWIND,20191029,36,36.8,33.4,34.35,141541
INSECTICID,20191029,563.35,563.35,545.05,551.85,3481
INSPIRISYS,20191029,44.7,47.4,44.3,46.7,1254
INTELLECT,20191029,189.25,189.25,183.8,185.75,154357
INTENTECH,20191029,33.7,33.7,31,31.2,12509
INVENTURE,20191029,15.1,15.15,14.9,15.1,42834
IOB,20191029,9.8,9.8,9.6,9.7,327042
IOC,20191029,143.25,146.25,143.2,144.35,9527101
IOLCP,20191029,190,193.5,183.05,183.85,485892
IPAPPM,20191029,342.5,345,335.1,338.65,8866
IPCALAB,20191029,962,996.5,957.45,984.05,589981
IRB,20191029,80.55,82.55,79.25,81.45,838160
IRCON,20191029,422.5,444.45,418,436.85,259638
IRCTC,20191029,907,907.4,878.65,883.1,2023748
ISEC,20191029,323.3,339.6,320.5,328.2,394010
ISFT,20191029,73.05,73.05,66.15,68.85,6559
ISMTLTD,20191029,4.1,4.25,4.1,4.25,10504
ITC,20191029,250.95,255.1,249.55,253.25,11937562
ITDC,20191029,344.7,377.55,335.35,362.95,858216
ITDCEM,20191029,46,49.95,45.45,49.95,776829
ITI,20191029,82.05,87.45,81.6,86.75,2184951
IVC,20191029,3.65,3.8,3.55,3.7,95278
IVP,20191029,72.95,72.95,72.5,72.65,120
IVZINGOLD,20191029,3445,3484,3445,3484,50
IVZINNIFTY,20191029,1246,1266,1246,1256,15
IZMO,20191029,30.9,30.9,30.5,30.9,5698
J&KBANK,20191029,31.2,31.5,30.85,31.1,578920
JAGRAN,20191029,59.8,60.4,57.1,57.45,361696
JAGSNPHARM,20191029,25.65,28.7,24.15,26.75,90171
JAIBALAJI,20191029,19.75,20.05,18.9,19.15,3588
JAICORPLTD,20191029,85.85,88.3,84.5,85.6,1600197
JAMNAAUTO,20191029,41.65,45.7,41.65,45.4,1796544
JAYAGROGN,20191029,145.25,145.25,136.3,139.55,5955
JAYBARMARU,20191029,198,208.5,198,205.35,182249
JAYNECOIND,20191029,3.7,3.9,3.7,3.8,12939
JAYSREETEA,20191029,51,51,49.7,49.95,112179
JBCHEPHARM,20191029,338,338.55,325.05,331.7,67043
JBFIND,20191029,7.5,7.9,7.4,7.6,11654
JBMA,20191029,224.4,233.2,220.05,226.3,71056
JCHAC,20191029,2011,2050.7,1985,2034.35,5645
JHS,20191029,17.45,17.95,16.2,16.6,61449
JIKIND,20191029,0.15,0.25,0.15,0.15,13815
JINDALPHOT,20191029,11.75,12.8,11.75,12.75,1429
JINDALPOLY,20191029,218.5,222.95,212.75,219.15,15611
JINDALSAW,20191029,86.65,89.5,85.55,87,439198
JINDALSTEL,20191029,107.4,116.25,106.65,112.65,25236074
JINDCOT,20191029,1.6,1.6,1.6,1.6,1180
JINDRILL,20191029,79,81,76.6,78.35,12431
JINDWORLD,20191029,62.5,62.5,59.35,59.7,105155
JISLDVREQS,20191029,9.5,9.75,9.35,9.35,157861
JISLJALEQS,20191029,13.65,13.7,13.1,13.7,1885592
JITFINFRA,20191029,6.25,6.85,6.25,6.3,2527
JIYAECO,20191029,37.6,39.8,37.6,38.2,149185
JKCEMENT,20191029,1155,1172,1120,1127.65,20146
JKIL,20191029,156.7,157.4,153,155.65,153256
JKLAKSHMI,20191029,294,295,290,290.8,34262
JKPAPER,20191029,125.7,127.4,123.6,123.95,1437280
JKTYRE,20191029,67.6,72.35,66.8,69.55,1257342
JMA,20191029,24.5,26,24.5,25.4,2296
JMCPROJECT,20191029,104.25,105.95,103.2,103.95,167998
JMFINANCIL,20191029,74.1,74.65,72.9,73.5,149447
JMTAUTOLTD,20191029,1.2,1.2,1.15,1.15,82891
JOCIL,20191029,89.9,91,82.25,89,1897
JPASSOCIAT,20191029,2.4,2.45,2.3,2.35,5895366
JPINFRATEC,20191029,1.2,1.25,1.2,1.25,288174
JPOLYINVST,20191029,12,12.15,11.4,11.6,683
JPPOWER,20191029,1.2,1.2,1.1,1.1,2018450
JSL,20191029,34.2,34.95,33.65,34.75,324310
JSLHISAR,20191029,64.6,67.4,64,66.6,96885
JSWENERGY,20191029,66.4,68.8,66.4,66.95,445425
JSWHL,20191029,2666,2728.85,2644,2651.9,708
JSWSTEEL,20191029,219.6,236.4,219.6,234.25,13887709
JTEKTINDIA,20191029,91.75,93.25,88.65,92.35,105262
JUBILANT,20191029,543,557.95,520.4,523.5,594272
JUBLFOOD,20191029,1542,1601.5,1510.05,1579.65,1326856
JUBLINDS,20191029,118.85,118.85,109.05,109.25,42471
JUMPNET,20191029,66.5,66.9,64.35,64.85,267016
JUNIORBEES,20191029,294.4,300,290.02,293.9,256153
JUSTDIAL,20191029,628,628.4,596,600.1,2748230
JYOTHYLAB,20191029,179,182.9,174,175.9,700358
KABRAEXTRU,20191029,68.85,71.45,67.6,68.2,7935
KAJARIACER,20191029,555.75,561.75,551.55,554.6,77809
KAKATCEM,20191029,161.05,165,161.05,164.35,4913
KALPATPOWR,20191029,449.9,449.9,435,436.25,47353
KALYANIFRG,20191029,168.7,168.7,162.5,167.7,620
KAMATHOTEL,20191029,37.85,37.85,34.65,35.6,98257
KAMDHENU,20191029,106.45,107.95,92.95,101.4,16084
KANANIIND,20191029,2.65,2.65,2.55,2.6,380
KANORICHEM,20191029,41.95,44,41.2,43.55,11587
KANSAINER,20191029,554,559,546,552.15,189510
KARDA,20191029,148,156,147.7,151.8,47054
KARMAENG,20191029,10.1,10.75,9.15,9.6,3526
KARURVYSYA,20191029,56.3,56.3,55.1,55.3,601575
KAUSHALYA,20191029,0.4,0.45,0.4,0.45,10300
KAVVERITEL,20191029,2.6,2.7,2.6,2.7,300
KAYA,20191029,388.95,392.5,378,388.35,10737
KCP,20191029,64.9,65.35,64.1,64.55,21628
KCPSUGIND,20191029,12.35,13.15,12.35,12.9,55959
KDDL,20191029,338.65,351.45,338.15,344.1,796
KEC,20191029,271.75,272.4,266,270.35,267043
KECL,20191029,8.95,9.7,8.95,9.7,111163
KEI,20191029,548,577.7,544.05,575.25,361117
KELLTONTEC,20191029,15.4,15.95,15,15.25,111864
KENNAMET,20191029,1105.6,1221,1105.6,1185.8,7139
KERNEX,20191029,24.55,24.6,24.25,24.45,4281
KESARENT,20191029,33,33,29.4,30.1,1831
KESORAMIND,20191029,52,55.35,51.3,53,291404
KGL,20191029,0.4,0.45,0.35,0.4,1112675
KHADIM,20191029,255.85,255.85,245.75,251.85,19491
KHAITANLTD,20191029,19.95,19.95,18.9,18.9,51
KICL,20191029,1703,1716.95,1585,1639.9,727
KILITCH,20191029,120.75,120.75,115.4,116.85,4391
KINGFA,20191029,639,649,626.65,640.1,1865
KIOCL,20191029,120.65,122,119.05,120.25,18367
KIRIINDUS,20191029,435,436.55,422,424.7,60804
KIRLOSBROS,20191029,149.15,149.95,143.9,145.8,13174
KIRLOSENG,20191029,167.75,172,166.8,169.7,17125
KIRLOSIND,20191029,675,675,650,654.15,716
KITEX,20191029,86,86,84.7,85.05,66575
KKCL,20191029,1012,1012,970.3,998.3,442
KMSUGAR,20191029,6,6.15,5.4,5.95,85397
KNRCON,20191029,232.7,234.85,230.45,233.05,175687
KOHINOOR,20191029,7.55,7.9,7.55,7.9,11326
KOKUYOCMLN,20191029,71,73,69,69.9,13463
KOLTEPATIL,20191029,244.7,250.15,242,245.8,19069
KOPRAN,20191029,26.45,27.7,26.2,26.9,41639
KOTAKBANK,20191029,1597.4,1597.4,1568,1575.55,3002530
KOTAKBKETF,20191029,303.52,307,298.7,305.69,901567
KOTAKGOLD,20191029,343.2,343.2,338.3,339.55,17363
KOTAKNIFTY,20191029,120.16,122,120.12,121.74,63187
KOTAKNV20,20191029,57.65,58.4,57,58.05,12672
KOTAKPSUBK,20191029,229,232.5,225.5,231.35,12160
KOTARISUG,20191029,9.8,10.2,9.8,10.1,29219
KOTHARIPET,20191029,16.8,16.95,16.4,16.4,8836
KOTHARIPRO,20191029,58.05,65.5,55.95,60.2,11818
KPITTECH,20191029,96.2,98.15,94,94.8,129887
KPRMILL,20191029,652.75,685.85,641.65,674.2,25337
KRBL,20191029,225.95,228.8,222,223.65,40549
KREBSBIO,20191029,98.8,104,89.15,92.15,4582
KRIDHANINF,20191029,5.55,5.7,5.4,5.4,43362
KRISHANA,20191029,54,54.45,52,53.1,326
KSB,20191029,685.85,695,652.3,669.5,4837
KSCL,20191029,501,502.65,495,501.55,49518
KSERASERA,20191029,0.05,0.1,0.05,0.05,717240
KSK,20191029,0.55,0.55,0.4,0.5,2292110
KSL,20191029,184,194.8,183.45,191.7,73407
KTIL,20191029,31.45,31.8,28.75,29.9,20557
KTKBANK,20191029,73.5,74.8,72.8,74.25,668990
KUANTUM,20191029,488.95,494.8,455,457.35,119
KWALITY,20191029,2.3,2.3,2.3,2.3,272238
L&TFH,20191029,89.4,95.6,89.2,94.9,13294377
LAKSHVILAS,20191029,14.05,15.45,14.05,14.05,18052249
LALPATHLAB,20191029,1621,1665,1615,1640.5,315902
LAMBODHARA,20191029,30,30,28.55,29.5,8660
LAOPALA,20191029,175,175,165.35,168.8,37209
LASA,20191029,18,18.25,17.6,18.1,43697
LAURUSLABS,20191029,352.85,358.3,351.3,355.65,19540
LAXMIMACH,20191029,3720,3924.95,3720,3844.5,5300
LEMONTREE,20191029,60,60.6,59.55,59.9,272335
LGBBROSLTD,20191029,264.95,270,258.1,265.95,5656
LGBFORGE,20191029,2.45,2.65,2.45,2.5,14932
LIBAS,20191029,66,66,54,54.2,3992
LIBERTSHOE,20191029,117,120.3,116.25,117.1,106112
LICHSGFIN,20191029,377.8,402.6,376.05,397.85,4486653
LICNETFGSC,20191029,22.89,22.89,20.33,21.27,7147
LICNETFN50,20191029,123,128,117.8,122.55,892
LICNFNHGP,20191029,121,124,121,121.75,664
LINCOLN,20191029,155,160.95,155,158.4,9293
LINCPEN,20191029,178,183,172.95,179,1082
LINDEINDIA,20191029,552,582.95,552,557,84000
LIQUIDBEES,20191029,1000,1000.01,999.99,1000,678738
LIQUIDETF,20191029,1000,1000.01,999.99,999.99,31154
LOKESHMACH,20191029,35.25,35.75,34.8,35.3,3296
LOTUSEYE,20191029,20,21,19.55,20.1,720
LOVABLE,20191029,59,63.5,56.65,62.7,21165
LPDC,20191029,1.85,1.85,1.8,1.85,1402
LSIL,20191029,0.5,0.5,0.4,0.45,1909020
LT,20191029,1435.5,1464.8,1431,1461.1,3351491
LTI,20191029,1663,1707,1654.4,1697.95,158964
LTTS,20191029,1490,1497.95,1465.2,1483.9,60898
LUMAXIND,20191029,1270,1285,1251.25,1272.9,2374
LUMAXTECH,20191029,89,96.5,88.8,93.75,89913
LUPIN,20191029,733.5,740.9,728,734.15,1708254
LUXIND,20191029,1224,1234.75,1205,1230.3,42002
LYKALABS,20191029,18.25,18.25,17.05,17.4,39326
LYPSAGEMS,20191029,4.05,4.35,3.95,4.2,16000
M&M,20191029,595.45,618,592.5,611.8,6543163
M&MFIN,20191029,338,356.6,335.1,354.4,2341769
M100,20191029,17.2,17.25,17.04,17.21,62969
M50,20191029,114.21,115.7,114.21,115.61,2751
MAANALU,20191029,60.05,65.9,60.05,64.4,9546
MADHAV,20191029,22.35,24.75,22.35,23.4,1179
MADHUCON,20191029,4,4.15,3.85,4,34300
MADRASFERT,20191029,20.6,20.8,20.3,20.45,196919
MAGADSUGAR,20191029,101,106.35,98,104.1,8490
MAGMA,20191029,53.25,54.25,52,53.6,63582
MAGNUM,20191029,3.45,3.75,3.45,3.45,16023
MAHABANK,20191029,11.3,11.3,10.9,11,736094
MAHAPEXLTD,20191029,88.9,88.9,88.75,88.75,225
MAHASTEEL,20191029,156,159.5,152,153.35,5158
MAHESHWARI,20191029,230.1,238,228.2,232.3,65290
MAHINDCIE,20191029,156.8,163,155.85,157.75,732405
MAHLIFE,20191029,417.05,430,417.05,425.2,30480
MAHLOG,20191029,364,374.9,356.9,371.85,40934
MAHSCOOTER,20191029,4600,4615,4512.05,4600.2,4290
MAHSEAMLES,20191029,360,368,359.65,366.2,7091
MAITHANALL,20191029,452,452.9,437,440.15,36577
MAJESCO,20191029,415,422.75,408.95,418.1,44108
MALUPAPER,20191029,24.6,25.25,24.1,24.65,29724
MAN50ETF,20191029,117.6,119.5,117.6,119.1,7473
MANAKALUCO,20191029,4.45,4.55,4.4,4.55,7324
MANAKCOAT,20191029,3.8,3.85,3.75,3.75,4479
MANAKSIA,20191029,33.55,34.8,33.55,34.35,1725
MANAKSTEEL,20191029,11.2,11.2,10.5,10.55,4531
MANALIPETC,20191029,17.2,17.4,17,17.3,175449
MANAPPURAM,20191029,163.55,166,162.9,164.85,3416437
MANGALAM,20191029,27,29.7,26.55,29.7,30473
MANGCHEFER,20191029,30,30.85,29.8,30.3,27114
MANGLMCEM,20191029,305.9,310.45,298.5,299.8,10676
MANGTIMBER,20191029,5,5.2,5,5.2,501
MANINDS,20191029,45,45,42.75,43.9,50165
MANINFRA,20191029,27.4,27.6,25.1,25.5,83324
MANUGRAPH,20191029,14.8,14.8,13.55,13.9,6069
MARALOVER,20191029,21,23.55,19.6,21.75,12109
MARATHON,20191029,69.05,84.3,67.2,84.3,24752
MARICO,20191029,389.1,389.1,362.25,366.6,8461743
MARKSANS,20191029,14.25,14.9,14.25,14.55,540459
MARUTI,20191029,7416,7758.7,7381.85,7721.3,1396732
MASFIN,20191029,733.1,733.1,713,728.2,8913
MASTEK,20191029,346,353.25,336.1,339.45,34769
MATRIMONY,20191029,501.1,519.85,481.2,495.9,7612
MAWANASUG,20191029,33.7,33.95,33,33.3,50936
MAXINDIA,20191029,67,72.5,67,69.15,130401
MAXVIL,20191029,36.5,39,36.5,38,25369
MAYURUNIQ,20191029,219.75,221.05,212.9,218.3,33304
MAZDA,20191029,379,382,367.05,368.55,8646
MBAPL,20191029,78.1,80,78,80,105
MBECL,20191029,3.95,3.95,3.65,3.8,11385
MBLINFRA,20191029,4.85,5.3,4.85,4.95,24607
MCDHOLDING,20191029,18.25,18.35,17.85,18.05,11091
MCDOWELL-N,20191029,629.25,631.25,612.3,616.1,1029850
MCLEODRUSS,20191029,6.4,6.65,6.4,6.65,339270
MCX,20191029,1150,1172,1137.3,1166.8,587423
MEGASOFT,20191029,7.2,7.2,6.85,7.1,2362
MEGH,20191029,51,52.75,50.15,51.95,710051
MENONBE,20191029,59.05,60,57.6,58.05,9261
MEP,20191029,29,31.8,28.1,30.7,230310
MERCATOR,20191029,1,1,1,1,64422
METALFORGE,20191029,6.8,6.8,6.8,6.8,7384
METROPOLIS,20191029,1462,1480,1395,1440.6,45384
MFSL,20191029,412,418.5,412,414.25,579405
MGL,20191029,988.05,999,976,985.55,540740
MHRIL,20191029,213.4,215,207.9,209.6,22303
MIC,20191029,0.6,0.6,0.5,0.5,138129
MIDHANI,20191029,143.5,157.9,138.1,152.05,2238510
MINDACORP,20191029,85.95,92.7,84.55,89.35,257494
MINDAIND,20191029,363.05,380,360.25,362.9,76722
MINDTECK,20191029,31.25,33.9,31.05,32.4,1279
MINDTREE,20191029,717.95,725,706.9,713,482314
MIRCELECTR,20191029,7.6,7.7,7.2,7.65,240697
MIRZAINT,20191029,56.4,58.2,56,57.05,154735
MMFL,20191029,412,422,404.25,406.1,3472
MMTC,20191029,18.35,18.7,18,18.35,1745008
MOHITIND,20191029,4.9,4.9,4.9,4.9,2000
MOHOTAIND,20191029,11.6,11.7,10.7,11.65,3807
MOIL,20191029,146.4,146.95,142.8,143.85,232694
MOLDTECH,20191029,52.5,52.55,50.6,50.75,7680
MOLDTKPAC,20191029,305.55,305.6,291,293.55,15251
MONTECARLO,20191029,238.9,238.9,230.25,233.4,7832
MORARJEE,20191029,12.6,12.95,12.6,12.7,613
MOREPENLAB,20191029,16.3,16.7,16.15,16.3,264568
MOTHERSUMI,20191029,113.6,126.3,113,122.6,29004770
MOTILALOFS,20191029,626.95,637.65,607.15,610.9,344886
MOTOGENFIN,20191029,34.45,34.45,32.5,32.55,677
MPHASIS,20191029,944,955.9,921.9,948.8,100150
MPSLTD,20191029,541,548.45,525.15,540.45,5360
MRF,20191029,63579,65600,63334.15,65171.15,10839
MRO-TEK,20191029,21.1,23.2,21.1,23,1340
MRPL,20191029,49.4,50.7,48.55,50.55,489128
MSPL,20191029,4.85,4.85,4.85,4.85,1890
MSTCLTD,20191029,99.5,99.9,95.45,97.9,40296
MTEDUCARE,20191029,19.4,19.4,19.4,19.4,10468
MTNL,20191029,7,7,7,7,147598
MUKANDENGG,20191029,11.95,11.95,10.65,11.15,5313
MUKANDLTD,20191029,31.1,33,30.5,31.8,24568
MUKTAARTS,20191029,43.9,43.9,39.75,42.25,59502
MUNJALAU,20191029,41.7,43.7,41.45,42.8,145212
MUNJALSHOW,20191029,136,139.85,133,138.1,43663
MURUDCERA,20191029,15.65,16,15.1,15.55,24211
MUTHOOTCAP,20191029,473.85,478.1,462.05,471.65,9272
MUTHOOTFIN,20191029,665.15,713.55,661.5,707.2,1674717
MVL,20191029,0.1,0.1,0.05,0.1,213879
N100,20191029,560,566,559,565.99,6081
NACLIND,20191029,28.05,29.5,27.2,29.35,33626
NAGAFERT,20191029,2.8,2.9,2.8,2.9,149016
NAGAROIL,20191029,0.25,0.25,0.2,0.2,283451
NAGREEKEXP,20191029,14.95,15.4,14.25,14.3,3261
NAHARCAP,20191029,73,76.85,73,75,1033
NAHARINDUS,20191029,24.05,25.5,24.05,25.35,15703
NAHARPOLY,20191029,33,34.2,32.9,34.05,1905
NAHARSPING,20191029,49.05,49.95,47.3,49.75,5190
NATCOPHARM,20191029,579.5,599,577.55,586.9,343204
NATHBIOGEN,20191029,321.4,327.55,319.1,322.2,5471
NATIONALUM,20191029,43.15,44.3,43.05,43.65,5797670
NATNLSTEEL,20191029,1.95,1.95,1.9,1.9,4208
NAUKRI,20191029,2300,2430,2300,2406.95,493438
NAVINFLUOR,20191029,895,898.75,881,890.5,71028
NAVKARCORP,20191029,34.35,38.3,34.1,37.2,326117
NAVNETEDUL,20191029,100.85,101,98.1,99.2,36571
NBCC,20191029,34,36.25,33.8,35.7,14217458
NBIFIN,20191029,1370,1450,1370,1441.2,153
NBVENTURES,20191029,75.75,76.65,75,75.8,79306
NCC,20191029,54.4,58.15,54,56.8,20697163
NCLIND,20191029,94.4,96.4,91.4,91.8,105151
NDGL,20191029,518.55,569,518.5,537.7,117
NDL,20191029,32,34,32,33.75,12155
NDTV,20191029,30.85,31.1,30.2,30.95,15782
NECCLTD,20191029,5.2,5.2,4.8,5,15022
NECLIFE,20191029,13.1,13.1,12.5,12.95,62888
NELCAST,20191029,41.5,44.7,41.5,43.85,174018
NELCO,20191029,250.1,261.2,245.8,257.85,114218
NEOGEN,20191029,404.9,404.9,392,395.3,11634
NESCO,20191029,559.7,566.65,555,561.05,18263
NESTLEIND,20191029,14868,14868,14510,14699.75,99038
NETF,20191029,118,119.24,118,118.55,421680
NETWORK18,20191029,23.05,24.75,22.4,24.1,743786
NEULANDLAB,20191029,496.5,505.35,485.55,494.35,11770
NEWGEN,20191029,183,183.4,177.1,178.65,37533
NEXTMEDIA,20191029,10,10,9,9.2,9697
NFL,20191029,27.15,27.35,26.9,27.1,249093
NH,20191029,259.1,273,258.95,266.9,75509
NHPC,20191029,24,24.15,23.75,24.1,1705233
NIACL,20191029,141.65,158.4,141.65,158.4,1310953
NIBL,20191029,7.5,7.6,7,7.45,2951
NIFTYBEES,20191029,1238.99,1248.19,1230,1246.78,87693
NIFTYEES,20191029,15000,15000,14450,14525.5,7
NIITLTD,20191029,92,95,91.95,94.65,441938
NIITTECH,20191029,1490,1526.85,1490,1517.35,268871
NILAINFRA,20191029,4.7,4.95,4.65,4.85,51786
NILASPACES,20191029,1.25,1.3,1.25,1.3,27768
NILKAMAL,20191029,1236.05,1265.6,1228.25,1235.45,8496
NIPPOBATRY,20191029,451.45,460.9,445.95,456.05,1369
NITCO,20191029,23.25,24.4,23.1,24.4,73954
NITESHEST,20191029,1.6,1.65,1.55,1.6,53832
NITINSPIN,20191029,56,56,53.15,54.3,26480
NKIND,20191029,28.25,29.5,28.15,29.5,101
NLCINDIA,20191029,57.4,59.15,56.95,58.55,328386
NMDC,20191029,111,112.75,108.6,112.2,5408624
NOCIL,20191029,119.35,124.5,116.3,120.75,1935604
NOIDATOLL,20191029,3.4,3.55,3.4,3.55,9100
NPBET,20191029,162,162,160.45,160.45,32
NRAIL,20191029,230,236.9,229,232.85,4152
NRBBEARING,20191029,99.9,106.5,96.05,105.4,206181
NSIL,20191029,818.95,819,784.9,800,987
NTL,20191029,0.4,0.45,0.35,0.45,3502
NTPC,20191029,118.7,120.35,117.6,119.9,8581053
NUCLEUS,20191029,306,309.65,302,304.4,9102
OAL,20191029,205,211.8,198,199.05,2422
OBEROIRLTY,20191029,498.8,503.95,491.5,500.1,164309
OCCL,20191029,1012,1038.15,1000,1007.1,6094
OFSS,20191029,3075,3099,3045.5,3088.75,10547
OIL,20191029,164.9,166,161.35,162.95,755651
OILCOUNTUB,20191029,7,7,6.35,6.75,6066
OISL,20191029,5,5.05,4.8,4.8,4715
OLECTRA,20191029,186.4,189,181.2,185.85,23391
OMAXAUTO,20191029,43.15,44,40.1,42.15,47054
OMAXE,20191029,189.35,189.35,185,185.75,299478
OMKARCHEM,20191029,4.15,4.35,4,4.25,14298
OMMETALS,20191029,19.75,19.75,18.5,19.45,63161
ONEPOINT,20191029,15.45,15.65,14.45,15.55,31
ONGC,20191029,140.55,143.85,138.2,142.15,8236221
ONMOBILE,20191029,35,35.65,34,34.35,154189
ONWARDTEC,20191029,64.9,65.5,64.5,64.65,4888
OPTIEMUS,20191029,34.7,34.7,34.7,34.7,10038
OPTOCIRCUI,20191029,4,4.05,3.9,3.95,240432
ORBTEXP,20191029,90,91.9,89.25,90.45,1574
ORICONENT,20191029,19.1,20.65,19.1,20.15,76203
ORIENTABRA,20191029,16.7,17,16.25,16.6,8862
ORIENTALTL,20191029,13.4,13.75,13.25,13.25,5487
ORIENTBANK,20191029,50.95,51.7,50.1,51,667390
ORIENTBELL,20191029,120.95,122.9,118.35,121.9,12601
ORIENTCEM,20191029,80,80,77.65,78.5,112105
ORIENTELEC,20191029,180.1,186.9,180.1,182.35,156708
ORIENTHOT,20191029,35.05,35.25,34.55,34.9,12245
ORIENTPPR,20191029,27.25,28.1,27.25,27.8,268526
ORIENTREF,20191029,229.95,229.95,216.05,220.4,39664
ORISSAMINE,20191029,957,990.05,936.05,948.2,11415
ORTINLABSS,20191029,9.55,9.6,9,9.55,7346
OSWALAGRO,20191029,5.6,5.8,5.25,5.65,11500
PAEL,20191029,3.2,3.2,3.05,3.2,1066
PAGEIND,20191029,23350.05,24100,22931.2,24041.45,31012
PAISALO,20191029,461,461,450,459.6,44402
PALASHSECU,20191029,33.95,33.95,30.4,32.95,1755
PALREDTEC,20191029,21.1,21.1,20,20.75,3557
PANACEABIO,20191029,140.25,142.75,137.85,138.15,20505
PANAMAPET,20191029,68.6,73.9,68.2,71.2,51420
PAPERPROD,20191029,268.7,268.7,258.15,261.75,38960
PARABDRUGS,20191029,1.05,1.05,1.05,1.05,6740
PARACABLES,20191029,9.55,10.2,9.15,9.75,287082
PARAGMILK,20191029,143.95,143.95,138,139.1,436141
PARSVNATH,20191029,2.8,2.8,2.6,2.65,280344
PATELENG,20191029,13.3,13.3,13.3,13.3,181651
PATINTLOG,20191029,21.6,22.65,20.85,22.65,17213
PATSPINLTD,20191029,5.6,5.7,5.1,5.2,3383
PCJEWELLER,20191029,32.7,34.2,31.3,32.9,8230279
PDMJEPAPER,20191029,14.35,14.95,14.1,14.95,83373
PDPL,20191029,2.4,2.5,2.4,2.4,1450
PDSMFL,20191029,321.05,330,314,325.8,14844
PEARLPOLY,20191029,9.5,9.5,9.2,9.2,350
PEL,20191029,1610.9,1694.95,1602.7,1665.8,1803676
PENIND,20191029,26.55,27,25.2,26.1,73392
PENINLAND,20191029,3.95,4,3.75,3.8,217802
PERSISTENT,20191029,600,610,590.5,604.1,19554
PETRONENGG,20191029,7.05,7.4,6.7,6.7,133
PETRONET,20191029,273.55,281.4,272,279.15,5233555
PFC,20191029,105.6,107.9,104.1,107.1,5001810
PFIZER,20191029,3824,3971,3824,3927.85,166217
PFOCUS,20191029,56.5,57.9,53.65,55.8,16513
PFS,20191029,13.5,13.5,13.25,13.3,205097
PGEL,20191029,41.25,42.1,39.8,41.05,42304
PGHH,20191029,12198.1,12351.25,12133.45,12241.1,6355
PGHL,20191029,4575,4988.65,4574.95,4921.75,58879
PGIL,20191029,150.05,156,149,155,2622
PHILIPCARB,20191029,119.8,125.8,117.45,121.9,1002507
PHOENIXLTD,20191029,729.1,742,729.1,731.95,30319
PIDILITIND,20191029,1358,1366.5,1351.2,1360.65,667979
PIIND,20191029,1408,1417,1372.25,1403.65,175232
PILANIINVS,20191029,1921,1921,1848,1849.2,7359
PILITA,20191029,4.75,5.15,4.7,5.05,201917
PIONDIST,20191029,129.1,131.85,127.7,130.1,4416
PIONEEREMB,20191029,25.35,27.8,23.05,27.2,61377
PIRPHYTO,20191029,21.5,22.95,21.4,21.5,4185
PITTIENG,20191029,40,41.75,40,41.2,34535
PKTEA,20191029,121.1,132.3,121.1,132.05,540
PLASTIBLEN,20191029,179.9,179.9,170,174.15,1338
PNB,20191029,60.55,62.6,60.3,61.95,17171226
PNBGILTS,20191029,27.6,28.6,27.6,28.1,114476
PNBHOUSING,20191029,510,530,495.05,524.15,1542728
PNC,20191029,14.5,14.5,13.25,13.5,5000
PNCINFRA,20191029,175,175,167.2,170.85,92783
PODDARHOUS,20191029,380,380,362.3,380,11
PODDARMENT,20191029,165.1,171.4,165.1,170.35,295
POKARNA,20191029,163.05,170,159.5,166.65,28012
POLYCAB,20191029,827.8,827.8,812.05,825.15,155421
POLYMED,20191029,201,210.9,200,206.65,13290
POLYPLEX,20191029,469.5,490.05,461.2,481.2,38943
PONNIERODE,20191029,106.2,110.85,106.2,109,433
POWERGRID,20191029,202.25,202.9,199.5,201.05,3343473
POWERMECH,20191029,706,729.85,690.9,710.1,17780
PPAP,20191029,173,178.95,165.25,175.1,21754
PPL,20191029,69,70.4,67.1,68.95,35023
PRABHAT,20191029,86.7,87.5,83.6,85.3,104489
PRADIP,20191029,0.55,0.55,0.55,0.55,619
PRAENG,20191029,7.2,7.2,6.85,7.1,3885
PRAJIND,20191029,106.7,106.85,104.65,104.85,1225342
PRAKASH,20191029,46.9,48.2,45.6,47.45,173700
PRAKASHSTL,20191029,0.25,0.25,0.15,0.25,15052
PRAXIS,20191029,71.3,74,67.75,67.75,11862
PRECAM,20191029,30,30.9,28.4,30.75,41123
PRECOT,20191029,24.6,24.95,24.6,24.95,60
PRECWIRE,20191029,165.3,177.4,160.15,174.95,36311
PREMEXPLN,20191029,176.5,176.5,171,172,5549
PREMIERPOL,20191029,18.2,19.6,18.2,18.25,153
PRESSMN,20191029,20.5,21.15,19.45,19.9,13394
PRESTIGE,20191029,304.3,306.7,300.05,303.9,68013
PRICOLLTD,20191029,32.45,33.6,32,32.45,207751
PRIMESECU,20191029,41.3,44.85,41.3,44.15,15699
PROSEED,20191029,0.3,0.35,0.25,0.3,50686
PROVOGE,20191029,1.2,1.2,1.2,1.2,29697
PROZONINTU,20191029,19,19.25,18.35,19,26791
PRSMJOHNSN,20191029,74.15,76.5,73.35,75.3,160656
PSB,20191029,18.2,18.45,18.15,18.3,27407
PSL,20191029,0.6,0.6,0.55,0.55,6355
PSPPROJECT,20191029,550,553.9,536.3,552.7,23382
PSUBNKBEES,20191029,255.79,259,248,256.13,3323
PTC,20191029,56,57.9,55.3,57.4,926945
PTL,20191029,35.55,38.6,35.55,37.45,2648
PUNJABCHEM,20191029,549,564.95,542,556,817
PURVA,20191029,62.75,62.75,60.65,61.55,73277
PVR,20191029,1765,1806.9,1755,1790.3,350251
QGOLDHALF,20191029,1690.15,1690.15,1675,1678.35,686
QNIFTY,20191029,1203,1208.5,1202,1208.5,24
QUESS,20191029,472.95,486,461,468.65,130151
QUICKHEAL,20191029,123.85,127.8,118.2,124.75,151419
QUINTEGRA,20191029,0.9,0.95,0.9,0.95,37370
RADAAN,20191029,1.2,1.2,1.2,1.2,5736
RADICO,20191029,311.25,323,311.25,319.15,353983
RADIOCITY,20191029,30.5,30.95,29.5,29.8,183543
RAIN,20191029,92.6,98.7,91.1,96.25,1362670
RAJESHEXPO,20191029,674.9,686.95,674,675.9,489631
RAJSREESUG,20191029,16,16.85,15.75,16.7,2445
RAJTV,20191029,42.05,47.55,42.05,42.6,3196
RALLIS,20191029,164,166.4,160.65,164.15,107380
RAMANEWS,20191029,16.9,17,16.15,16.35,9891
RAMASTEEL,20191029,49.25,51,49.2,49.7,7125
RAMCOCEM,20191029,749.5,758.9,734,749,201535
RAMCOIND,20191029,178,182.5,177.5,180.05,32458
RAMCOSYS,20191029,157,164.85,154.15,160.3,11344
RAMKY,20191029,49.5,49.5,46.5,47.55,39946
RANASUG,20191029,2.4,2.4,2.2,2.25,88311
RANEENGINE,20191029,229.85,234,221.95,229.15,2605
RANEHOLDIN,20191029,860.25,893,860.25,874.35,1332
RATNAMANI,20191029,901,906.85,894.25,903.65,21360
RAYMOND,20191029,596,601.9,576.5,578.5,282160
RBL,20191029,510.2,517.8,500,504.15,10717
RBLBANK,20191029,263,283.35,258,276.4,16133901
RCF,20191029,52.4,53.7,51.5,52.75,965474
RCOM,20191029,0.7,0.75,0.65,0.7,7506310
RECLTD,20191029,135.1,137.9,134,136.3,4521041
REDINGTON,20191029,114.85,120.2,111.7,116.75,126023
REFEX,20191029,43.35,43.95,43.3,43.95,34565
REGENCERAM,20191029,1.6,1.6,1.6,1.6,901
RELAXO,20191029,550.95,551,531,538,76119
RELCAPITAL,20191029,16.7,17.55,16.6,17.55,2564641
RELCNX100,20191029,122,123.8,122,123.66,1919
RELCONS,20191029,53.63,54.82,53.63,54.67,365
RELDIVOPP,20191029,29.41,30.01,29.41,29.67,10344
RELIANCE,20191029,1445.5,1480,1442.1,1467.05,11780494
RELIGARE,20191029,49,50.55,48,49.25,1484120
RELINFRA,20191029,30.9,31.8,30.4,31.8,2241815
RELNV20,20191029,555.1,584.99,555.1,582,828
REMSONSIND,20191029,88,90.4,87.4,89.2,10015
RENUKA,20191029,7.25,7.25,7.05,7.15,337332
REPCOHOME,20191029,286.8,286.8,278.1,280.55,72212
REPRO,20191029,624,626,597.2,604.9,5621
RESPONIND,20191029,94.15,95,91.5,94.2,69580
RETFMID150,20191029,60.64,61.5,60.58,61,56342
REVATHI,20191029,340.4,363,340,363,781
RGL,20191029,249,249.45,242.65,247.7,2000
RHFL,20191029,4.4,4.4,4.4,4.4,93792
RICOAUTO,20191029,44.2,46.3,44.2,45.35,436217
RIIL,20191029,265,277.45,265,269.05,387662
RITES,20191029,282.45,282.45,275.25,277.45,327074
RKDL,20191029,6.1,6.35,5.8,6,5607
RKFORGE,20191029,283,284.9,271.25,276.6,22918
RMCL,20191029,4.6,4.6,4.35,4.35,36616
RML,20191029,259.45,272,253.7,266.85,3721
RNAM,20191029,333,336.2,320,322.95,2999367
RNAVAL,20191029,3.15,3.15,3.05,3.15,665930
ROHITFERRO,20191029,0.5,0.5,0.5,0.5,3210
ROHLTD,20191029,77.65,81.65,77.1,79.3,25067
ROLLT,20191029,1.85,1.9,1.85,1.9,160
ROLTA,20191029,5.25,5.3,5,5.1,205637
ROSSELLIND,20191029,54.25,56.65,54,55.45,847
RPGLIFE,20191029,204.65,213.65,200.35,210.65,27225
RPOWER,20191029,3.6,3.6,3.2,3.35,16688524
RPPINFRA,20191029,89.6,93.15,88,92.8,2958
RRSLGETF,20191029,20.12,20.12,20.04,20.06,14329
RSSOFTWARE,20191029,23,24,22.45,22.7,99219
RSWM,20191029,105.1,107,104,104.95,7767
RSYSTEMS,20191029,43,44.1,41,43.8,10506
RTNINFRA,20191029,1.45,1.45,1.35,1.35,1313176
RTNPOWER,20191029,1.45,1.45,1.4,1.45,739725
RUBYMILLS,20191029,172.95,173,168,172.95,707
RUCHINFRA,20191029,2,2,1.9,1.9,4571
RUCHIRA,20191029,83.6,84,80.05,82.05,34741
RUCHISOYA,20191029,3.7,3.8,3.65,3.8,2051547
RUPA,20191029,179.85,181,176.45,179.35,11648
RUSHIL,20191029,97,101.15,97,100.65,13052
RVNL,20191029,24,24.35,23.7,23.75,6110374
SABEVENTS,20191029,0.75,0.75,0.75,0.75,404
SABTN,20191029,1.7,1.7,1.7,1.7,5249
SADBHAV,20191029,136.4,140,134.85,138.25,37762
SADBHIN,20191029,44.5,45.4,43.6,44.05,6152
SAFARI,20191029,561.55,587.95,555,561.45,1053
SAGARDEEP,20191029,50.3,55,50.2,54.85,14228
SAGCEM,20191029,559.9,605,535,587.9,13902
SAIL,20191029,35.15,37.2,35,37,36205662
SAKAR,20191029,51.95,52.5,51.6,52,19415
SAKHTISUG,20191029,8.4,8.4,7.65,8.05,20560
SAKSOFT,20191029,233,233.5,228.55,229.2,10846
SAKUMA,20191029,7.35,7.35,6.95,7,194742
SALASAR,20191029,96,103,96,102.35,10186
SALONA,20191029,70,70,66.05,68.65,20
SALSTEEL,20191029,2.35,2.45,2.35,2.45,12073
SALZERELEC,20191029,117.9,122,117.75,119.95,5796
SAMBHAAV,20191029,2.5,2.6,2.45,2.5,3404
SANCO,20191029,16.15,16.65,15.25,15.55,26451
SANDESH,20191029,601.05,608,593.05,597.6,77
SANDHAR,20191029,235.25,253.95,231.9,250.4,8786
SANGAMIND,20191029,38.5,41.95,38.2,40.2,7474
SANGHIIND,20191029,47.05,47.9,46.85,47.5,78141
SANGHVIFOR,20191029,32.55,32.55,32.55,32.55,200
SANGHVIMOV,20191029,78.35,80.25,76.3,79.55,8959
SANGINITA,20191029,124.5,133,124.5,131.6,34638
SANOFI,20191029,6500,6784,6470.3,6639.15,52134
SANWARIA,20191029,1.75,1.75,1.7,1.75,3699487
SARDAEN,20191029,157.4,166.75,155.1,165.9,49719
SAREGAMA,20191029,344.4,356.75,344.4,351.15,27805
SARLAPOLY,20191029,21.7,21.95,20.9,21.15,23806
SASKEN,20191029,600.75,600.95,594.1,597.75,2363
SASTASUNDR,20191029,97,97,86.8,90.7,2551
SATHAISPAT,20191029,3.3,3.3,3.2,3.2,25250
SATIA,20191029,79,79.7,77.2,78.8,32496
SATIN,20191029,230,231.05,220,226.55,58566
SBIETFQLTY,20191029,101,101.87,100.5,101.74,1540
SBILIFE,20191029,998.5,1020,981,1014.35,880342
SBIN,20191029,283.15,285,278.55,280.65,51033578
SCAPDVR,20191029,0.45,0.45,0.45,0.45,493
SCHAEFFLER,20191029,4027,4089,3986.95,4030.35,16296
SCHAND,20191029,63.8,63.8,60.9,61.1,7876
SCHNEIDER,20191029,71.15,72.9,70.75,72.3,45632
SCI,20191029,53.8,59.95,51.65,59.1,9831127
SDBL,20191029,114.55,116,110.65,113.15,12293
SEAMECLTD,20191029,380,389.95,379,381.8,1165
SELAN,20191029,137,142.7,136.85,140,26172
SELMCL,20191029,0.75,0.75,0.65,0.65,49382
SEPOWER,20191029,2.45,2.8,2.4,2.8,33584
SEQUENT,20191029,74.9,78,74.9,75.3,191128
SESHAPAPER,20191029,180,186.25,180,184.75,27987
SETCO,20191029,14.95,15.7,14.85,15.1,135829
SETF10GILT,20191029,210,210,183,183.25,402
SETFGOLD,20191029,3495.5,3495.5,3436.9,3451.55,1380
SETFNIF50,20191029,121.9,132.7,119.52,121.18,192786
SETFNIFBK,20191029,300,302.75,296.11,301.27,20857
SETFNN50,20191029,307.7,319.2,287.63,290.88,2689
SETUINFRA,20191029,1.5,1.5,1.45,1.5,16007
SEYAIND,20191029,209.2,225,209.2,222.15,12970
SFL,20191029,1294.95,1294.95,1252.05,1262.35,4915
SGL,20191029,7.3,7.3,6.65,7.25,2053
SHAHALLOYS,20191029,8.5,8.55,8,8.55,4574
SHAKTIPUMP,20191029,263.7,271,257.1,258.7,31720
SHALBY,20191029,89.8,100.25,86,94.2,99889
SHALPAINTS,20191029,89.75,89.75,86.7,87.65,39505
SHANKARA,20191029,314.15,342,314.15,330.55,205458
SHANTIGEAR,20191029,97.65,99.55,96.15,98.3,31443
SHARDACROP,20191029,275.25,284,275.25,278.3,953
SHARDAMOTR,20191029,1118,1186.5,1097.65,1171.85,2975
SHARIABEES,20191029,260,261,254.57,254.57,31
SHEMAROO,20191029,188,188,176.05,181.45,7096
SHILPAMED,20191029,275.1,275.1,266.05,271.05,3113
SHIRPUR-G,20191029,8.55,8.55,8.25,8.25,28866
SHIVAMAUTO,20191029,22.45,24,22.4,23.2,56367
SHIVAMILLS,20191029,33.95,37.5,32,35.95,5338
SHIVATEX,20191029,127,135,126.1,129.85,5843
SHK,20191029,124.2,124.8,120.65,121.3,70512
SHOPERSTOP,20191029,370.1,373.95,365.05,367.5,5617
SHREDIGCEM,20191029,21.65,24.5,20.6,23.7,2096702
SHREECEM,20191029,20130,20401.75,20068.9,20341.05,15432
SHREEPUSHK,20191029,91.2,98.5,90,94.7,49000
SHREERAMA,20191029,3.35,3.35,3.3,3.35,4575
SHRENIK,20191029,58.75,59.7,57,59.25,76074
SHREYANIND,20191029,127,127,118.8,125.55,16397
SHREYAS,20191029,81.2,81.2,76.5,79.55,3946
SHRIPISTON,20191029,740,747,706,723.4,108
SHRIRAMCIT,20191029,1349.7,1349.8,1310,1319.9,7158
SHRIRAMEPC,20191029,9.35,9.5,8.9,8.9,85193
SHYAMCENT,20191029,2.8,2.8,2.6,2.8,14300
SICAGEN,20191029,16.3,16.3,15.5,15.55,6487
SICAL,20191029,17.7,18.4,17,17.5,73556
SIEMENS,20191029,1627.9,1662.95,1624.05,1640.95,471795
SIGIND,20191029,22,23.9,22,22.95,29323
SIL,20191029,11,11.3,11,11.3,422
SILINV,20191029,153.7,153.7,144.6,149.45,3470
SIMBHALS,20191029,6.55,6.55,6.25,6.3,10688
SIMPLEXINF,20191029,59.5,59.5,55.2,56.15,190473
SINTEX,20191029,0.95,0.95,0.95,0.95,635947
SIRCA,20191029,196.9,196.9,174.05,175.6,28366
SIS,20191029,875.1,940,875,917.85,15190
SITINET,20191029,1.65,1.65,1.55,1.6,74604
SIYSIL,20191029,241,246,233.3,236.05,14660
SJVN,20191029,25,25,24.8,24.85,755328
SKFINDIA,20191029,2223.5,2289,2223.5,2261.7,27519
SKIL,20191029,3.8,4.2,3.8,4.2,3617
SKIPPER,20191029,56.65,57.95,55.5,57.2,80524
SKMEGGPROD,20191029,39.75,39.75,38.4,39.3,16852
SMARTLINK,20191029,89.75,89.85,87.1,88.2,2756
SMLISUZU,20191029,575,591,560,580.65,13313
SMSLIFE,20191029,255.05,258.25,252.05,256.35,3131
SMSPHARMA,20191029,42,42.8,40.15,41,105661
SNOWMAN,20191029,37.15,37.8,36.05,37.3,306285
SOBHA,20191029,429,439.35,429,433.35,84745
SOLARA,20191029,424,434.95,423,428.25,15229
SOLARINDS,20191029,1075.55,1085,1067.55,1082.85,2952
SOMANYCERA,20191029,190.85,190.85,187,187.4,23191
SOMICONVEY,20191029,11.8,12.7,11.65,12.5,1230
SONATSOFTW,20191029,314.25,320.8,313.2,317.4,66489
SORILINFRA,20191029,79.05,83.45,77,83.45,30926
SOTL,20191029,891,909.05,871.15,899.75,1226
SOUTHBANK,20191029,10.4,10.45,10.3,10.35,5134606
SOUTHWEST,20191029,15.1,17.15,15.1,16.8,41146
SPAL,20191029,203.8,206,201.25,203.5,12875
SPANDANA,20191029,1124.8,1128.9,1042,1059.95,97176
SPARC,20191029,129,132.5,126.4,128.8,715663
SPCENET,20191029,1.1,1.1,1.05,1.1,35551
SPECIALITY,20191029,71.4,74.55,69.95,72.7,36852
SPENCERS,20191029,75.65,78.5,73.7,76.05,405873
SPENTEX,20191029,0.35,0.35,0.35,0.35,21392
SPIC,20191029,19.95,20.2,19.4,19.75,35049
SPICEJET,20191029,113,117.8,111,115.5,2608863
SPLIL,20191029,31,32.4,30.1,31.85,24031
SPMLINFRA,20191029,8.95,8.95,8.95,8.95,51612
SPTL,20191029,1.75,1.75,1.75,1.75,1311395
SPYL,20191029,0.2,0.3,0.2,0.3,134916
SREEL,20191029,179.9,179.95,172,174.45,1732
SREINFRA,20191029,8.6,8.8,7.6,8.65,705349
SRF,20191029,2862.9,2948,2783.05,2819.6,348293
SRHHYPOLTD,20191029,101.45,104,95.4,101.55,5284
SRIPIPES,20191029,173,178,172.35,175.2,28078
SRTRANSFIN,20191029,1045.55,1158,1045.55,1148.6,1493267
SSWL,20191029,775.05,778.7,768.1,772.25,6275
STAMPEDE,20191029,0.7,0.7,0.65,0.65,23524
STAR,20191029,372,389.45,371.9,381.55,2196326
STARCEMENT,20191029,95.05,96.5,94.15,96,70390
STARPAPER,20191029,103.85,107.7,102.7,107.7,63489
STCINDIA,20191029,59.1,61.2,57.5,60.95,162209
STEELCITY,20191029,30.65,30.9,28.6,30.9,2626
STEELXIND,20191029,10.1,11.1,10.1,11.05,11925
STEL,20191029,69.35,69.35,66,66.6,5354
STERTOOLS,20191029,145.2,150,145.2,149.5,9744
STRTECH,20191029,130.6,133.4,128.5,131.65,1693394
SUBEX,20191029,5.4,5.4,5.15,5.15,360565
SUBROS,20191029,243.2,257.75,241.35,255.05,124795
SUDARSCHEM,20191029,406,423.6,404.5,415.1,329989
SUJANAUNI,20191029,0.2,0.2,0.15,0.15,336992
SUMEETINDS,20191029,1.75,1.8,1.7,1.75,32241
SUMIT,20191029,23,23,20.05,22,10347
SUMMITSEC,20191029,447,460.05,447,449.75,2115
SUNCLAYLTD,20191029,2014.65,2070,2000,2050.75,1753
SUNDARAM,20191029,1.5,1.55,1.4,1.4,101927
SUNDARMFIN,20191029,1612,1635,1610.5,1621.95,28583
SUNDARMHLD,20191029,70.55,72.55,69.6,71.4,21877
SUNDRMBRAK,20191029,246.9,256.65,246.9,247,2192
SUNDRMFAST,20191029,482.75,500,482.75,494,185438
SUNFLAG,20191029,24.4,26.9,24.25,24.95,193856
SUNPHARMA,20191029,417.7,425.5,414,421.95,3863059
SUNTECK,20191029,414,422.4,410,415.15,104422
SUNTV,20191029,530,533.2,522.15,528.2,1137942
SUPERHOUSE,20191029,89.6,89.6,78,85.45,1079
SUPERSPIN,20191029,4.05,4.05,3.75,3.9,4368
SUPPETRO,20191029,173.6,175.45,164.8,173.1,12772
SUPRAJIT,20191029,180.05,189.5,180,184.8,14930
SUPREMEIND,20191029,1209.8,1209.8,1170.3,1177.05,91826
SURANASOL,20191029,5.75,6.65,5.75,6.05,27954
SURANAT&P,20191029,3.4,3.7,3.3,3.5,31833
SURYALAXMI,20191029,17.8,17.8,16.8,16.95,2735
SURYAROSNI,20191029,171.15,175,168.3,173.85,34460
SUTLEJTEX,20191029,29.55,29.9,27.4,28.9,9064
SUVEN,20191029,295,307.05,293.8,300.05,350923
SUZLON,20191029,2.6,2.7,2.55,2.65,8673477
SWANENERGY,20191029,105,106,103.05,103.9,79711
SWARAJENG,20191029,1158,1160,1132.1,1139.95,5656
SWELECTES,20191029,122.35,122.35,118,119.85,28966
SWSOLAR,20191029,595,595,586.4,590,13610
SYMPHONY,20191029,1232.15,1264,1230.65,1258.45,9015
SYNCOM,20191029,0.85,0.85,0.8,0.85,5950
SYNDIBANK,20191029,25.15,25.6,24.9,25.35,580641
SYNGENE,20191029,326.2,333,324.95,330.05,73219
TAINWALCHM,20191029,54,55.5,49.05,50.3,5005
TAJGVK,20191029,164.2,171.1,162.7,163.2,32547
TAKE,20191029,108,120.55,105.5,111.5,232297
TALBROAUTO,20191029,102.5,117.05,102.5,114.15,22670
TALWALKARS,20191029,3.6,3.6,3.6,3.6,2878
TALWGYM,20191029,4.05,4.25,3.85,4.25,71228
TANLA,20191029,48.15,50.25,47.65,47.85,236968
TANTIACONS,20191029,1.05,1.1,1.05,1.1,2284
TARAPUR,20191029,5.3,5.3,4.85,4.85,105
TARMAT,20191029,25.05,26.2,25,26,1528
TASTYBITE,20191029,9902.35,10050,9902.35,10007.15,124
TATACHEM,20191029,614.75,630.7,610.7,622.65,870445
TATACOFFEE,20191029,82,83.85,81.05,81.7,792009
TATACOMM,20191029,359,368,349,354.75,113878
TATAELXSI,20191029,791,817.7,781.75,802.7,1305598
TATAGLOBAL,20191029,281.85,288,278.7,283.4,2690746
TATAINVEST,20191029,831.8,873.85,828.1,837.7,70353
TATAMETALI,20191029,580,605.9,575,576.5,82197
TATAMOTORS,20191029,151.9,175.5,151.2,172.45,184435614
TATAMTRDVR,20191029,68.4,80.5,68.4,79.2,34946103
TATAPOWER,20191029,58.5,59.3,57.9,58.45,14361888
TATASTEEL,20191029,365.55,399.7,365.55,390.2,25155314
TATASTLBSL,20191029,22.75,25,22.75,24.4,1594336
TATASTLLP,20191029,398.5,418.55,396.9,408.1,52047
TBZ,20191029,45.75,45.95,41.6,43.15,221339
TCI,20191029,284,287.5,278.1,283.95,28820
TCIDEVELOP,20191029,370.05,388.4,340.6,352.55,664
TCIEXP,20191029,725,762,725,757,58867
TCIFINANCE,20191029,9.3,9.3,9,9.1,8819
TCNSBRANDS,20191029,713.1,742,713.05,731.4,2489
TCPLPACK,20191029,263.2,275,257.1,263.6,3302
TCS,20191029,2121.5,2201.7,2121.5,2194.85,5064173
TDPOWERSYS,20191029,145.25,145.5,143.6,144.5,3589
TEAMLEASE,20191029,2956.05,2984.85,2815.1,2862.3,23754
TECHM,20191029,728,763,725.1,754.75,3292048
TECHNOE,20191029,270,273.6,261,262.4,2618
TECHNOFAB,20191029,32.45,32.45,32.45,32.45,170
TEJASNET,20191029,75.9,76.95,72.05,73.2,46120
TERASOFT,20191029,24.25,24.5,23.1,24.4,11385
TEXINFRA,20191029,44.7,46.5,42.7,44.65,24686
TEXMOPIPES,20191029,16.35,16.35,15.8,16,23209
TEXRAIL,20191029,44.5,45.8,44.5,44.8,134506
TFCILTD,20191029,79,81.6,78.35,79.55,55225
TFL,20191029,3.65,3.95,3.35,3.95,4364
TGBHOTELS,20191029,3.95,4.05,3.75,4,10599
THANGAMAYL,20191029,345.55,350.05,341,345,7618
THEINVEST,20191029,140.95,140.95,130.75,134.85,589
THEMISMED,20191029,287.9,302.25,287.9,288.5,331
THERMAX,20191029,1091,1127,1085.15,1112.55,13383
THOMASCOOK,20191029,122.85,122.85,117.6,119.75,243596
THYROCARE,20191029,559.9,559.9,525.25,542.3,20031
TI,20191029,13.05,13.8,13.05,13.45,29303
TIDEWATER,20191029,4706,4748.95,4642.3,4659.35,536
TIIL,20191029,352.05,380,350.05,363.95,8297
TIINDIA,20191029,374,375.25,366.05,372.15,42392
TIJARIA,20191029,8.55,9.25,8.55,9.05,3782
TIL,20191029,194.5,213.8,191.05,207.05,9143
TIMESGTY,20191029,34.5,38.75,32,35.9,952
TIMETECHNO,20191029,62.5,63.7,60.45,60.7,382774
TIMKEN,20191029,780,824.9,770,820.95,117590
TINPLATE,20191029,114.45,129.8,114,121.65,1404763
TIPSINDLTD,20191029,75,75,66.3,70.1,619
TIRUMALCHM,20191029,70.75,73.9,70.65,72.35,290976
TITAN,20191029,1320,1340,1293.2,1332.6,2030358
TMRVL,20191029,12.8,13.85,12.8,13.75,9087
TNPETRO,20191029,37.45,37.45,36.5,36.75,43967
TNPL,20191029,189.9,192.65,188.65,191.95,194175
TNTELE,20191029,1.3,1.35,1.3,1.35,210
TOKYOPLAST,20191029,81.9,84.7,79,84.7,177548
TORNTPHARM,20191029,1740,1806,1723.3,1798.85,307105
TORNTPOWER,20191029,276.5,281.55,275,280.2,528812
TPLPLASTEH,20191029,120.55,137.3,120.5,130.6,4089
TREEHOUSE,20191029,5.75,5.8,5.5,5.8,13176
TREJHARA,20191029,14.25,14.25,13.25,13.9,6187
TRENT,20191029,548.9,554.8,530,536.9,98901
TRF,20191029,99.45,120.9,99.4,112.5,507217
TRIDENT,20191029,60,60.55,59.15,60.1,270438
TRIGYN,20191029,45.35,47.5,44.45,45.9,62723
TRIL,20191029,7.65,7.85,7.5,7.65,74387
TRITURBINE,20191029,98.25,99.8,96.35,98.1,11265
TRIVENI,20191029,63,63.45,61.5,62.8,143719
TTKHLTCARE,20191029,456.6,475,456.6,474.1,1194
TTKPRESTIG,20191029,6294.9,6373.95,6117.05,6201.2,1871
TTL,20191029,43.35,43.9,41.6,42.2,4909
TTML,20191029,2.65,2.85,2.55,2.8,1419729
TV18BRDCST,20191029,23.9,25.7,23.5,24.9,4696316
TVSELECT,20191029,115.55,122.8,115.55,121.35,13537
TVSMOTOR,20191029,463.75,482.85,462.45,479.05,2250861
TVSSRICHAK,20191029,1829.9,1868,1785,1839.65,3217
TVTODAY,20191029,333,338.5,328.05,335.5,93770
TVVISION,20191029,1.4,1.4,1.35,1.35,2100
TWL,20191029,39.35,41.7,37.9,40.45,775190
UBL,20191029,1329.65,1329.65,1278.7,1290.85,987144
UCALFUEL,20191029,126,131.9,125.9,131,23329
UCOBANK,20191029,11.95,12.1,11.7,11.95,399104
UFLEX,20191029,194,203.45,193,200.2,40357
UFO,20191029,147,147,141.75,142.7,23950
UGARSUGAR,20191029,12,12.2,11.5,12.1,47149
UJAAS,20191029,3.3,3.35,3.2,3.25,151520
UJJIVAN,20191029,274,283,266,280.15,3664472
ULTRACEMCO,20191029,4219.7,4219.7,4081,4117.7,775239
UMANGDAIRY,20191029,38.05,40,37.2,39.25,2362
UMESLTD,20191029,0.8,0.9,0.8,0.9,890
UNICHEMLAB,20191029,185.4,190,185.4,188.8,14320
UNIENTER,20191029,68.05,69.9,68,69.05,2758
UNIONBANK,20191029,53.3,55.65,52.9,54.25,9962696
UNIPLY,20191029,41.9,49,41.55,45.9,245174
UNITECH,20191029,0.55,0.55,0.5,0.55,4128297
UNITEDBNK,20191029,7.55,7.55,7.05,7.45,508893
UNITEDTEA,20191029,267,270,267,267.6,96
UNIVCABLES,20191029,156.05,162,153.3,161.05,18332
UPL,20191029,596,600,591.5,594.9,1791840
URJA,20191029,1.65,1.65,1.6,1.6,925131
USHAMART,20191029,29.25,29.25,28.2,28.3,226966
UTINEXT50,20191029,291,292,270,289.5,206
UTINIFTETF,20191029,1245,1247.35,1225.19,1240.1,283
UTISENSETF,20191029,424.7,425,413.7,417.55,348
UTTAMSTL,20191029,6.15,6.6,6.05,6.3,108158
UTTAMSUGAR,20191029,96.4,96.8,94.9,96,45269
UVSL,20191029,0.05,0.1,0.05,0.05,4266838
V2RETAIL,20191029,121.05,121.8,114.25,116.95,160685
VADILALIND,20191029,784,819.9,778,796.6,70340
VAIBHAVGBL,20191029,840,847.9,806.55,810.65,3325
VAKRANGEE,20191029,33.9,34.75,33.45,34.35,4917530
VARDHACRLC,20191029,36,36.45,35.5,35.85,17076
VARDMNPOLY,20191029,1.8,1.8,1.8,1.8,8480
VARROC,20191029,472.3,526.6,463,492.55,134997
VASCONEQ,20191029,14,14.4,13.55,13.75,168025
VASWANI,20191029,5.3,5.45,4.85,5.3,8331
VBL,20191029,627,627,616.55,622.35,322950
VEDL,20191029,145.55,152.5,145.55,149.5,18348776
VENKEYS,20191029,1735,1780.9,1720.6,1746.75,97271
VENUSREM,20191029,25,26.85,24.4,26.75,82531
VESUVIUS,20191029,1003.65,1030.65,999.05,1019.4,12058
VETO,20191029,48.9,52.45,48.3,50.45,11917
VGUARD,20191029,238.3,240.55,234.15,235.1,141921
VHL,20191029,1462.5,1545,1433.95,1531,255
VICEROY,20191029,1.35,1.35,1.25,1.35,16867
VIDHIING,20191029,62.15,66.4,62.15,66,39234
VIJIFIN,20191029,0.45,0.5,0.4,0.45,330940
VIKASECO,20191029,3.05,3.05,2.85,2.85,341489
VIKASMCORP,20191029,4.1,4.1,3.8,3.9,109982
VIKASPROP,20191029,3.8,3.8,3.8,3.8,47487
VIKASWSP,20191029,10.75,10.75,10.1,10.25,153985
VIMTALABS,20191029,105.6,116.2,105.3,112.55,24816
VINATIORGA,20191029,2128.8,2160,2120,2138.2,14727
VINDHYATEL,20191029,886.15,925.05,885,899.35,6524
VINYLINDIA,20191029,65,65,62.35,64.05,15160
VIPCLOTHNG,20191029,7.85,7.9,7.35,7.65,194108
VIPIND,20191029,487.1,489.85,479,484.35,124898
VIPULLTD,20191029,28.5,28.6,27.3,27.35,90618
VISAKAIND,20191029,294.9,294.9,285.05,286.35,17890
VISASTEEL,20191029,5.5,5.8,5.25,5.45,28654
VISESHINFO,20191029,0.05,0.1,0.05,0.05,1683906
VISHAL,20191029,337.85,340,331,331,15103
VISHNU,20191029,129.95,133,127.05,132.6,7637
VISHWARAJ,20191029,62.3,63,61,61.75,187706
VIVIDHA,20191029,0.15,0.2,0.15,0.15,62813
VIVIMEDLAB,20191029,13.25,14.45,13.15,13.9,64247
VLSFINANCE,20191029,52.55,55.7,52.35,53.6,25538
VMART,20191029,1953,1960,1919.1,1935,3607
VOLTAMP,20191029,1189,1189,1148.05,1157.5,3888
VOLTAS,20191029,704,725.4,702.9,719.75,1350096
VRLLOG,20191029,265.15,267.7,264,265.05,14141
VSSL,20191029,66,69.75,62.55,68.25,17571
VSTIND,20191029,3705.1,3835,3705.1,3782.15,2102
VSTTILLERS,20191029,1283.75,1290,1261,1276.2,1192
VTL,20191029,900,918,900,910.5,5620
WABAG,20191029,194,198.4,189.4,193.95,103925
WABCOINDIA,20191029,6083.1,6159.95,6083.1,6147.6,1507
WALCHANNAG,20191029,66,70,62.9,66.25,1551246
WANBURY,20191029,12,12.3,11.9,12.25,929
WATERBASE,20191029,104.55,110.8,103.1,107.85,94226
WEBELSOLAR,20191029,20.1,20.55,20,20.25,53045
WEIZFOREX,20191029,266.05,274,258.1,266.2,365
WEIZMANIND,20191029,21.25,23.7,21.2,22.5,3831
WELCORP,20191029,146.8,154.8,144.5,149.6,1131101
WELENT,20191029,92.75,96.25,92.75,93.5,186795
WELINV,20191029,244.95,247.75,232.1,247.75,4887
WELSPUNIND,20191029,53.95,59.4,53.25,55.65,2424167
WENDT,20191029,2928.05,3308.95,2915,3205.35,1681
WESTLIFE,20191029,361,361,347.6,354.7,36391
WHEELS,20191029,642.5,660,630.5,644.75,4853
WHIRLPOOL,20191029,2180,2197.7,2142.35,2191.05,46791
WILLAMAGOR,20191029,17.5,17.5,15.95,16,9022
WINDMACHIN,20191029,19.55,20.8,19.55,19.8,4386
WIPL,20191029,58.5,58.5,58.5,58.5,2
WIPRO,20191029,253.65,255.9,252.2,255.2,3191442
WOCKPHARMA,20191029,269.9,278.35,268.25,272.45,417944
WONDERLA,20191029,296.7,296.85,276,285.55,51563
WSI,20191029,0.9,0.9,0.9,0.9,3201
WSTCSTPAPR,20191029,239.9,246.35,237.05,242.55,116965
XCHANGING,20191029,53.75,54.35,52.35,53.75,4633
XELPMOC,20191029,65,67.35,63,63.85,7752
XLENERGY,20191029,0.4,0.45,0.4,0.4,3428
XPROINDIA,20191029,24,24,22.85,23.55,173
YESBANK,20191029,54.35,59.9,53.1,58.15,368611147
ZEEL,20191029,240,241.3,235.3,236.6,11536048
ZEELEARN,20191029,21.8,22.5,21.75,22.2,65229
ZEEMEDIA,20191029,5.5,5.5,5.2,5.2,1159975
ZENITHBIR,20191029,0.6,0.7,0.6,0.7,191868
ZENSARTECH,20191029,189.45,190.25,185.4,186,46661
ZENTEC,20191029,59.1,61,58.8,59.25,42364
ZICOM,20191029,1.1,1.1,1.05,1.05,13720
ZODIACLOTH,20191029,196.55,203.85,194.95,200.3,9546
ZODJRDMKJ,20191029,28.75,31.5,28.75,29.95,103
ZOTA,20191029,187.9,190,186.3,188.85,20641
ZUARI,20191029,96.15,98.75,95,95.5,23329
ZUARIGLOB,20191029,62.4,63.2,60.95,61.8,14629
ZYDUSWELL,20191029,1719.8,1746,1692.2,1727.25,8459
NSENIFTY,20191029,11643.95,11809.40,11627.35,11786.85,951722529,0
NIFTYJUNIOR,20191029,28105.35,28480.25,28049.95,28447.60,615426441,0
NIFTYMIDCAPLIQ15,20191029,3829.60,3893.65,3815.90,3873.95,67468253,0
NSE100,20191029,11796.40,11961.75,11779.75,11942.05,1602095073,0
NIFTY200,20191029,6008.90,6093.50,5999.95,6082.25,1930500161,0
NSE500,20191029,9490.10,9615.75,9475.50,9598.35,2172096449,0
NSEMIDCAP150,20191029,6043.00,6113.15,6028.70,6093.50,336981200,0
MIDCAP50,20191029,4473.30,4558.10,4459.25,4539.05,297036224,0
NSEMIDCAP,20191029,16298.35,16538.70,16252.40,16478.40,328405088,0
NIFTYSMALLCAP250,20191029,-,-,-,4726.80,-,0
NIFTYSMALLCAP50,20191029,-,-,-,2731.05,-,0
NSESMLCAP100,20191029,5669.60,5715.90,5652.20,5707.55,-,0
NIFTYLARGEMIDCAP250,20191029,-,-,-,5854.45,1939076273,0
NIFTYMIDSMALLCAP400,20191029,-,-,-,5604.70,-,0
NIFTYAUTO,20191029,8133.25,8479.05,8128.50,8449.75,278954755,0
BANKNIFTY,20191029,29527.60,29997.65,29385.45,29873.05,567556033,0
NIFTYFINSERVICE,20191029,13389.95,13555.25,13351.35,13516.35,195962216,0
NIFTYFMGC,20191029,31828.70,31995.10,31526.70,31950.75,30676234,0
NSEIT,20191029,14980.15,15199.90,14970.50,15181.40,35883005,0
NIFTYMEDIA,20191029,1744.05,1751.70,1732.00,1738.90,61133275,0
NIFTYMETAL,20191029,2434.50,2528.10,2428.40,2518.30,152777135,0
NIFTYPHARMA,20191029,7745.60,7852.30,7722.25,7824.60,18518920,0
NIFTYPVTBANK,20191029,16364.45,16662.95,16277.15,16605.30,480287138,0
NIFTYPSUBANK,20191029,2300.40,2352.30,2289.80,2326.50,114755705,0
NIFTYREALTY,20191029,264.75,268.50,264.35,267.30,9235452,0
NIFTYCOMMODITIES,20191029,3365.35,3409.90,3350.30,3402.50,229660400,0
NIFTYCONSUMPTION,20191029,5083.00,5133.20,5054.75,5125.50,116077908,0
NIFTYCPSE,20191029,2015.85,2047.65,1999.55,2043.20,63655081,0
NIFTYENERGY,20191029,16211.60,16391.05,16152.25,16318.40,83224181,0
NIFTY100ESG,20191029,-,-,-,2190.97,1450977273,0
NIFTY100ENHESG,20191029,-,-,-,2218.20,1409793459,0
NIFTYINFRA,20191029,3263.35,3290.80,3252.75,3283.30,226303542,0
NIFTYMNC,20191029,14031.40,14204.50,13988.85,14184.95,418002120,0
NIFTYPSE,20191029,3372.95,3415.60,3346.35,3403.20,162237790,0
NIFTYSMEEMERGE,20191029,-,-,-,1368.72,509400,0
NIFTYSERVSECTOR,20191029,16120.20,16325.45,16087.95,16295.25,702740620,0
NIFTYSHARIAH25,20191029,-,-,-,4493.06,97467550,0
NIFTY50SHARIAH,20191029,-,-,-,2500.34,80422740,0
NIFTY500SHARIAH,20191029,-,-,-,2988.11,282330527,0
NIFTYABGROUP,20191029,-,-,-,2749.09,358544766,0
NIFTYMAHINDRA,20191029,-,-,-,10428.23,13008758,0
NIFTYTATA,20191029,-,-,-,7063.34,276451961,0
NIFTYTATA25CAP,20191029,-,-,-,4923.64,236978469,0
NIFTYABGROUP,20191029,-,-,-,2749.09,358544766,0
NIFTYLIQ15,20191029,3568.90,3672.85,3562.50,3667.20,762336616,0
NIFTY500VALUE50,20191029,-,-,-,3627.74,491384933,0
NIFTYALPHALOWVOL30,20191029,-,-,-,12111.95,144162605,0
NIFTYQUALLOWVOL30,20191029,-,-,-,8646.87,93090236,0
NIFTYALPHAQUALLOWVOL30,20191029,-,-,-,9826.57,106373452,0
NIFTYALPHAQUALVALLOWVOL30,20191029,-,-,-,7446.02,121442677,0
NIFTY50EQUALWEIGHT,20191029,12030.90,12238.75,12011.60,12214.75,951722529,0
NIFTY100EQUALWEIGHT,20191029,13033.20,13285.20,13008.55,13253.75,1602095073,0
NIFTY100LOWVOL30,20191029,9003.50,9096.20,8964.95,9084.85,116430545,0
NSEDEFTY,20191029,-,-,-,5765.10,-,0
NIFTY50DIVPOINT,20191029,116.72,116.72,116.72,116.72,-,0
NIFTYDIVOPPS50,20191029,2561.75,2594.70,2552.95,2590.10,283676123,0
NIFTYALPHA50,20191029,12623.35,12728.95,12567.50,12705.70,157793833,0
NIFTY50ARBITRAGE,20191029,-,-,-,1866.86,-,0
NIFTY50FUTINDEX,20191029,-,-,-,4005.58,-,0
NIFTY50FUTTRINDEX,20191029,-,-,-,11892.78,-,0
NIFTYHIGHBETA50,20191029,-,-,-,1291.17,1385726889,0
NIFTYLOWVOL50,20191029,-,-,-,10626.89,126588427,0
NIFTY200QUALITY30,20191029,-,-,-,10060.90,-,0
NIFTY50VALUE20,20191029,5381.70,5480.20,5375.70,5468.95,528099811,0
NIFTYGROWSECT15,20191029,6190.50,6263.05,6158.80,6249.65,69050404,0
NIFTY50TR2XLEV,20191029,6352.35,6532.40,6334.40,6508.05,-,0
NIFTY50PR2XLEV,20191029,4887.65,5026.15,4873.80,5007.45,-,0
NIFTY50TR1XINV,20191029,350.05,350.55,345.10,345.75,-,0
NIFTY50PR1XINV,20191029,399.05,399.60,393.35,394.15,-,0
NIFTY-GS-COMPSITE,20191029,2043.43,2043.43,2041.78,2042.83,-,0
NIFTY-GS-4-8YR,20191029,2130.64,2130.75,2129.27,2130.56,-,0
NIFTY-GS-8-13YR,20191029,2009.43,2009.43,2007.29,2008.63,-,0
NIFTY-GS-10YR,20191029,1857.42,1857.42,1853.35,1856.33,-,0
NIFTY-GS-10YR-CLN,20191029,948.89,948.89,946.77,948.33,-,0
NIFTY-GS-11-15YR,20191029,2127.81,2128.14,2125.46,2127.59,-,0
NIFTY-GS-15YRPLUS,20191029,2297.11,2297.11,2297.11,2297.10,-,0
VIX,20191029,15.59,16.55,15.50,16.42,0,0
