<ticker>,<date>,<open>,<high>,<low>,<close>,<volume>,<o/i>
20MICRONS,20191030,37,38.45,36.4,37.6,79468
21STCENMGM,20191030,13.1,13.1,13,13,21
3IINFOTECH,20191030,2.1,2.1,2,2,672511
3MINDIA,20191030,22400,22824.95,22055,22281.2,4885
3PLAND,20191030,6.5,6.5,6.2,6.2,175
5PAISA,20191030,174.45,175.95,172.5,174.7,4149
63MOONS,20191030,123.05,127.1,121.6,122.2,156137
A2ZINFRA,20191030,9,9.05,8.6,8.65,576283
AARTIDRUGS,20191030,522,541.45,520,538.05,15781
AARTIIND,20191030,870.1,879.7,844,870.35,98961
AARVEEDEN,20191030,14.75,14.75,13.6,14.45,8234
AAVAS,20191030,1612,1631.65,1585.15,1594.9,24658
ABAN,20191030,26,26.2,25.15,25.55,28056
ABB,20191030,1482.8,1482.8,1441.65,1448.15,120399
ABBOTINDIA,20191030,11900,12051.45,11900,11922.5,22409
ABCAPITAL,20191030,80,81.6,79.5,79.9,2696635
ABFRL,20191030,206.75,214.35,206,211.65,413600
ABSLBANETF,20191030,330,330,330,330,1
ABSLNN50ET,20191030,286.01,290,286.01,289.34,27
ACC,20191030,1532.1,1572,1521.2,1532.25,920215
ACCELYA,20191030,933,947.55,913.7,939.9,9076
ACE,20191030,82.25,82.9,80.7,82.15,130802
ADANIENT,20191030,194.35,197.45,192.3,195.75,4791525
ADANIGAS,20191030,148.5,150.4,146.6,146.9,1306351
ADANIGREEN,20191030,89.6,92,89.5,89.9,1188364
ADANIPORTS,20191030,399.2,405,395.5,398.1,5590453
ADANIPOWER,20191030,66.25,66.65,65.5,66.05,4433796
ADANITRANS,20191030,265,268.8,261.05,264.6,211276
ADFFOODS,20191030,276.5,282,275.5,279.95,11419
ADHUNIKIND,20191030,118.95,121.6,117.15,120.75,50241
ADLABS,20191030,2.4,2.4,2.4,2.4,341599
ADORWELD,20191030,312,315,307,314.25,6566
ADROITINFO,20191030,7.05,7.25,6.7,7.25,202058
ADSL,20191030,13.35,13.9,13.1,13.25,36511
ADVANIHOTR,20191030,57.25,58.2,56.25,57.05,826
ADVENZYMES,20191030,173,194.95,173,185,601675
AEGISCHEM,20191030,177,177,170.25,171.05,87672
AFFLE,20191030,1440.1,1454.9,1421,1428,48795
AGARIND,20191030,120.85,124.9,119.05,119.65,12798
AGCNET,20191030,112,116.95,112,112.05,1096
AGRITECH,20191030,48.65,49.85,46.3,47.45,8674
AGROPHOS,20191030,116.2,116.4,115.95,116,307534
AHLEAST,20191030,184,186,179.2,184.05,583
AHLUCONT,20191030,299.9,304.4,299.9,302.6,4463
AHLWEST,20191030,278.1,289.45,278.05,281.55,171
AIAENG,20191030,1719.85,1739,1702.1,1721.6,38694
AIONJSW,20191030,10,10.45,9.9,10,85956
AIRAN,20191030,12.75,13,12.75,12.95,4118
AJANTPHARM,20191030,1030,1030,1011,1025.35,29285
AJMERA,20191030,120.6,120.6,115.65,117.55,24001
AKASH,20191030,66.5,66.5,62.05,62.1,2755
AKSHARCHEM,20191030,217.8,222.8,210.55,215.65,1955
AKSHOPTFBR,20191030,6.9,6.95,6.8,6.9,135897
AKZOINDIA,20191030,2090,2119,2055,2104,29560
ALANKIT,20191030,13.1,13.1,13.1,13.1,70041
ALBERTDAVD,20191030,360.15,404,360.05,390.2,20678
ALBK,20191030,26.35,27.6,25.85,27.05,1582108
ALCHEM,20191030,0.75,0.8,0.75,0.75,5190
ALEMBICLTD,20191030,50.3,51.3,49.6,50.45,141464
ALICON,20191030,404,423.9,397.4,410.3,4665
ALKALI,20191030,46.7,46.7,44.4,44.65,3364
ALKEM,20191030,1979.3,1980,1962.85,1977,9228
ALKYLAMINE,20191030,923.75,923.9,870.3,880,12617
ALLCARGO,20191030,99.75,100.8,99.35,100.25,136957
ALLSEC,20191030,290.1,296.2,290.1,294.8,1190
ALMONDZ,20191030,9.55,9.55,9.55,9.55,6
ALOKTEXT,20191030,1.45,1.5,1.4,1.45,3606860
ALPA,20191030,14,14.6,14,14.2,4871
ALPHAGEO,20191030,200,204,190,194.1,7873
ALPSINDUS,20191030,0.45,0.45,0.4,0.4,2880
AMARAJABAT,20191030,666.5,681,664.5,675.85,409195
AMBER,20191030,1008.7,1010,990,1001.35,14621
AMBIKCO,20191030,938.65,938.65,899,900.8,4321
AMBUJACEM,20191030,199.8,203.7,199.65,200.6,2471767
AMDIND,20191030,15.2,15.3,15,15,2994
AMJLAND,20191030,18.85,18.85,17.7,18.4,4188
AMRUTANJAN,20191030,423,440.8,421,429.05,72866
ANANTRAJ,20191030,31.1,32.1,31.05,31.4,182387
ANDHRABANK,20191030,16.5,17.6,16.4,17.4,1235170
ANDHRACEMT,20191030,2.45,2.55,2.35,2.4,45407
ANDHRSUGAR,20191030,268.7,278.9,265,274.1,31448
ANIKINDS,20191030,6.8,6.85,6.55,6.85,6205
ANKITMETAL,20191030,0.45,0.45,0.35,0.45,39321
ANSALAPI,20191030,4.15,4.4,4.15,4.2,33105
ANSALHSG,20191030,4.55,5.15,4.45,4.8,51368
ANTGRAPHIC,20191030,0.7,0.75,0.7,0.75,71609
ANUP,20191030,494,500,489.05,491.6,13847
APARINDS,20191030,545.3,554.4,536.05,538.5,9563
APCL,20191030,144,146.4,144,146.25,739
APCOTEXIND,20191030,172.65,173.95,169.15,170.15,22226
APEX,20191030,238.1,244.6,235.95,238.65,65907
APLAPOLLO,20191030,1440,1500,1387,1473.6,14825
APLLTD,20191030,540.2,554.75,540.1,546.85,61786
APOLLO,20191030,71,71.65,68.55,68.9,28426
APOLLOHOSP,20191030,1459.8,1489.25,1440,1461.95,751366
APOLLOTYRE,20191030,187.75,188.5,184.45,187.8,1410885
APOLSINHOT,20191030,768.05,794.9,760.35,787.8,1038
APTECHT,20191030,163.8,173,163.5,169.4,422758
ARCHIDPLY,20191030,27.05,27.95,27.05,27.55,8805
ARCHIES,20191030,18.3,18.7,18.1,18.55,42812
ARCOTECH,20191030,1.65,1.7,1.65,1.7,7188
ARIES,20191030,64.3,68.75,64.2,65.2,49679
ARIHANT,20191030,18,18.45,16,17.5,2177
ARIHANTSUP,20191030,26.15,27.4,25.35,25.9,2216
ARMANFIN,20191030,527.05,534,520.15,528.1,4735
AROGRANITE,20191030,41,42.9,40.25,41,1928
ARROWGREEN,20191030,55.35,55.35,53,54.35,1457
ARROWTEX,20191030,10.85,10.85,9.4,9.65,3428
ARSHIYA,20191030,18.35,18.5,17.5,17.75,18093
ARSSINFRA,20191030,25.25,25.35,23.6,24.25,15211
ARVIND,20191030,51,52.3,50.1,51.3,1363788
ARVINDFASN,20191030,445.5,475.15,441.2,453.6,86243
ARVSMART,20191030,96.9,96.9,94.05,94.85,10444
ASAHIINDIA,20191030,207.95,207.95,203.1,205.65,174625
ASAHISONG,20191030,162,162,149.05,151.25,10988
ASAL,20191030,39.85,44.3,39.85,40.95,114087
ASHAPURMIN,20191030,31.1,32.8,31.1,32.1,30202
ASHIANA,20191030,96.85,97.95,95,96.85,40927
ASHIMASYN,20191030,7.95,8.05,7.6,7.65,19244
ASHOKA,20191030,103.1,104.8,102.5,102.85,227138
ASHOKLEY,20191030,79.9,80.35,77.55,78.2,27208583
ASIANHOTNR,20191030,103.9,103.9,97.15,100.5,4366
ASIANPAINT,20191030,1830,1830,1804,1821.3,1133258
ASIANTILES,20191030,248.35,249,235,238.3,86470
ASPINWALL,20191030,140.25,140.25,135.65,140,1047
ASTEC,20191030,356.85,372,356.85,360.6,5129
ASTERDM,20191030,128.9,128.9,126.25,127.5,30597
ASTRAL,20191030,1134.9,1140,1106,1113.55,98398
ASTRAMICRO,20191030,76.4,77.85,75.7,76.65,85442
ASTRAZEN,20191030,2589,2774,2577.55,2711.4,64047
ASTRON,20191030,59.7,59.7,59.7,59.7,159906
ATFL,20191030,604.05,640,604.05,623.95,15960
ATLANTA,20191030,6.4,6.95,6.4,6.95,11174
ATUL,20191030,4280.4,4314.95,4231.1,4251.95,10532
ATULAUTO,20191030,230.4,233.65,227,230.75,11486
AUBANK,20191030,713,713,685.25,689.8,370908
AURIONPRO,20191030,80.8,80.8,74,75.05,8142
AUROPHARMA,20191030,472.45,478.55,459.15,463,2381573
AUSOMENT,20191030,27.35,30.75,27.3,29.45,1174
AUTOAXLES,20191030,946.4,995,945,952.55,37892
AUTOIND,20191030,23.35,23.35,21.3,23.25,31644
AUTOLITIND,20191030,21.5,22.5,21,21.55,7960
AVADHSUGAR,20191030,270,283.4,270,278.35,65557
AVANTIFEED,20191030,433,457,430.05,451,569720
AVTNPL,20191030,25.2,26.2,25.1,25.25,49748
AXISBANK,20191030,745,749.9,735.5,747.4,10188947
AXISCADES,20191030,71.95,71.95,67,67.9,174173
AXISGOLD,20191030,3372.9,3389.95,3357.55,3362.65,224
AXISNIFTY,20191030,1213,1224,1211.93,1224,108
AYMSYNTEX,20191030,33.9,34.4,33.55,33.65,6768
BAGFILMS,20191030,1.75,1.8,1.7,1.75,146514
BAJAJ-AUTO,20191030,3199.4,3229.4,3173.1,3222.9,572787
BAJAJCON,20191030,245,253.9,242,245.65,312749
BAJAJELEC,20191030,381,381,377,378.95,60253
BAJAJFINSV,20191030,8196.85,8199.05,8061.25,8082.4,226406
BAJAJHIND,20191030,6.15,6.45,6.15,6.2,1032853
BAJAJHLDNG,20191030,3706.95,3715,3675.65,3682.85,10490
BAJFINANCE,20191030,4074.95,4074.95,3985,3992,1338554
BALAJITELE,20191030,52,55.7,50.5,51.15,599429
BALAMINES,20191030,336,340.95,321,327.05,23766
BALAXI,20191030,84.95,84.95,76.95,79.4,3204
BALKRISHNA,20191030,18.6,19.9,18.6,19.4,5745
BALKRISIND,20191030,875,885,856.05,867.3,487654
BALLARPUR,20191030,0.55,0.55,0.45,0.5,1697024
BALMLAWRIE,20191030,195.9,213.3,195.05,200.1,1042398
BALPHARMA,20191030,38.95,39.35,38.1,38.9,5874
BALRAMCHIN,20191030,153.45,159,153.45,156.55,873051
BANARBEADS,20191030,38.7,39,35.75,37.1,17838
BANARISUG,20191030,1105,1135.05,1105,1111.9,197
BANCOINDIA,20191030,113,116,112,114.85,67646
BANDHANBNK,20191030,614.9,623.75,594,614.25,5763829
BANG,20191030,17.95,18.95,17.35,18.2,9988
BANKBARODA,20191030,93.4,97.1,92.8,95.55,31568294
BANKBEES,20191030,3045,3071,3035,3054.87,5385
BANKINDIA,20191030,67.55,71.4,66.9,71.05,11650110
BANSWRAS,20191030,69.4,69.4,63,66.8,4622
BARTRONICS,20191030,1.15,1.25,1.15,1.25,8113
BASF,20191030,985,1029,985,1001.35,31656
BASML,20191030,155.55,155.55,151.3,153.6,3287
BATAINDIA,20191030,1789,1789,1764.05,1780.2,353785
BAYERCROP,20191030,3285.85,3390,3285.85,3364.75,4289
BBL,20191030,864.35,869,842,855,11243
BBTC,20191030,1219.7,1234.25,1193.25,1201.45,123781
BCG,20191030,2.75,2.75,2.55,2.65,354686
BCP,20191030,7.45,7.75,7.45,7.6,376656
BDL,20191030,330.75,348,322.6,336.75,204953
BEARDSELL,20191030,11.4,11.5,10.25,10.6,1975
BEDMUTHA,20191030,10.5,10.95,10.35,10.8,6658
BEL,20191030,119.9,122.1,117.7,119.35,9364442
BEML,20191030,1091,1108.95,1020,1058.65,2556020
BEPL,20191030,48.1,49.2,47.75,47.85,285748
BERGEPAINT,20191030,501,502.9,495.55,498,1388372
BFINVEST,20191030,337.9,346.8,325,340.95,684873
BFUTILITIE,20191030,257,260.85,242.6,259.8,1741220
BGLOBAL,20191030,1.95,1.95,1.9,1.95,11182
BGRENERGY,20191030,32.25,33.8,31.8,32.75,109155
BHAGERIA,20191030,108,109.8,106.1,107.8,11492
BHAGYANGR,20191030,20,20,19.35,19.35,447
BHAGYAPROP,20191030,21.2,21.2,19.25,19.7,8727
BHANDARI,20191030,1.1,1.15,1.05,1.1,46554
BHARATFORG,20191030,465.5,467.55,452.85,456,1374801
BHARATGEAR,20191030,66.95,75.95,65.05,72.55,135690
BHARATRAS,20191030,5918.95,6000,5750,5784.7,1160
BHARATWIRE,20191030,33.6,36,33.55,34.65,3888
BHARTIARTL,20191030,364.3,371.35,360.65,367.95,16869202
BHEL,20191030,58.1,61.1,58.1,58.9,79479137
BIGBLOC,20191030,24.6,25.95,23,23.9,1974
BIL,20191030,134.9,138.95,128,129.95,1255
BILENERGY,20191030,1.05,1.05,1.05,1.05,222503
BINDALAGRO,20191030,10.1,11.4,9.95,10.25,21443
BIOCON,20191030,244.15,249.6,244,248.25,3232514
BIRLACABLE,20191030,56.05,56.65,54.1,55,34996
BIRLACORPN,20191030,573.95,588.85,571,574.65,27828
BIRLAMONEY,20191030,36.35,37.25,35.55,36.25,75152
BKMINDST,20191030,0.85,0.9,0.8,0.9,8069
BLBLIMITED,20191030,3.45,3.45,3.3,3.35,12558
BLISSGVS,20191030,136.6,137,134,135.1,77738
BLKASHYAP,20191030,8.05,8.3,7.7,7.75,203957
BLS,20191030,76.45,76.45,73,74.6,207791
BLUEBLENDS,20191030,1,1,0.95,0.95,1350
BLUECOAST,20191030,1.6,1.6,1.6,1.6,237
BLUEDART,20191030,2400.55,2410,2382.6,2399,4223
BLUESTARCO,20191030,851.4,853,835.55,848.05,33854
BODALCHEM,20191030,78.35,79,77.1,78.55,148278
BOMDYEING,20191030,80.75,82.75,80,81.25,1867360
BOROSIL,20191030,171.75,178.5,170,170.5,41789
BOSCHLTD,20191030,15842.7,15842.7,15389.2,15586,16512
BPCL,20191030,527,534.6,518.45,525.1,7523025
BPL,20191030,19.5,19.9,19.05,19.2,83971
BRFL,20191030,3.8,3.95,3.7,3.8,58354
BRIGADE,20191030,192.25,209.9,192.25,206.5,106483
BRITANNIA,20191030,3373,3399,3276,3290.1,496662
BRNL,20191030,63.95,66,62,64.2,23817
BROOKS,20191030,33.75,36,33.5,34.1,22424
BSE,20191030,552.9,558,545,547.4,99895
BSELINFRA,20191030,1.1,1.1,1.05,1.05,18619
BSL,20191030,26,27.6,26,26.65,1767
BSLGOLDETF,20191030,3559,3572,3521,3570,125
BSLNIFTY,20191030,128.92,129.29,128.74,129,1438
BSOFT,20191030,69.7,70.7,66.5,66.75,294380
BURNPUR,20191030,1.25,1.3,1.2,1.25,24627
BUTTERFLY,20191030,162.65,168.5,161.3,164.7,55223
BVCL,20191030,10,11,10,10.95,1405
BYKE,20191030,20.3,20.35,19.55,19.85,8807
CADILAHC,20191030,250.2,251.9,246.6,250.05,591101
CALSOFT,20191030,17.5,17.5,17.5,17.5,4978
CAMLINFINE,20191030,67.3,67.3,64,64.1,165839
CANBK,20191030,196,202.1,194.15,200.05,7626092
CANFINHOME,20191030,397.15,402,392.8,394.55,122641
CANTABIL,20191030,209.95,215.95,209,211,9926
CAPACITE,20191030,206.45,209.85,200,202.9,31140
CAPLIPOINT,20191030,393.9,409.4,388.4,396.05,241693
CAPTRUST,20191030,79.85,82.95,76,81.7,711
CARBORUNIV,20191030,311,314.5,304.05,313.1,43550
CAREERP,20191030,112,115,112,112.1,15246
CARERATING,20191030,538,540,534.1,538,27164
CASTEXTECH,20191030,0.35,0.4,0.3,0.4,133850
CASTROLIND,20191030,151.3,159.4,150.6,153.3,4523284
CCHHL,20191030,3.4,3.55,3.3,3.5,13218
CCL,20191030,203.45,208,200,203.7,49432
CDSL,20191030,208,230.5,208,224.85,1936302
CEATLTD,20191030,972.95,973.7,961,967,60568
CEBBCO,20191030,13.25,13.95,13.2,13.65,41876
CELEBRITY,20191030,4.8,4.8,4.8,4.8,931
CELESTIAL,20191030,3.35,3.35,3.2,3.35,12588
CENTENKA,20191030,182.65,183,178.15,178.8,17936
CENTEXT,20191030,2.75,2.8,2.6,2.7,14613
CENTRALBK,20191030,18.95,21.6,18.05,20.85,3183329
CENTRUM,20191030,22.95,23.25,22.3,22.9,159100
CENTUM,20191030,426.95,427,405,406.5,755
CENTURYPLY,20191030,164.7,167.7,162,163.05,81992
CENTURYTEX,20191030,424,430,418,421.7,715170
CERA,20191030,2575,2688,2541.05,2580.45,8062
CEREBRAINT,20191030,19.9,20.8,19.15,20.15,1528595
CESC,20191030,819.75,819.75,805.5,809.8,171937
CESCVENT,20191030,338.05,339.25,327.15,328.6,8635
CGCL,20191030,204.7,204.7,197.1,200.45,397576
CGPOWER,20191030,15,15,14.55,14.65,347320
CHALET,20191030,325.1,330.9,316,319,3312
CHAMBLFERT,20191030,160.65,162.5,159.1,160.15,126362
CHEMFAB,20191030,170.1,182,170.1,181.1,4560
CHENNPETRO,20191030,156,156.8,155.05,155.7,218298
CHOLAFIN,20191030,297.05,309,296,307.1,1612084
CHOLAHLDNG,20191030,459.2,460.85,450.3,459.15,17374
CHROMATIC,20191030,0.5,0.5,0.45,0.45,7289
CIGNITITEC,20191030,297.5,309.9,291.15,306.6,28211
CIMMCO,20191030,19.1,19.9,18.5,19.6,18145
CINELINE,20191030,35,35,33.3,33.3,10192
CINEVISTA,20191030,8.8,9.7,8.8,9.7,36294
CIPLA,20191030,478.95,478.95,462.25,465,2640132
CKFSL,20191030,0.7,0.7,0.6,0.6,390903
CLEDUCATE,20191030,74.55,75,73.8,74.7,2776
CLNINDIA,20191030,284.2,287.9,270,271.35,111803
CMICABLES,20191030,57.95,58.2,55.4,55.7,11608
CNOVAPETRO,20191030,8.6,8.65,8.3,8.65,191
COALINDIA,20191030,210.75,210.95,205.6,206.25,4487164
COCHINSHIP,20191030,393.2,408.5,386,396.2,388154
COFFEEDAY,20191030,27.5,29.1,26.4,29.1,1626964
COLPAL,20191030,1521.65,1539.4,1510.05,1535.25,440097
COMPINFO,20191030,9.7,10,9.4,9.6,77005
COMPUSOFT,20191030,9,9,8.5,8.9,19378
CONCOR,20191030,602.3,607.8,588.45,592.85,1751576
CONFIPET,20191030,30.55,31.2,27.7,28,358660
CONSOFINVT,20191030,36,37.1,36,37.05,1621
CONTROLPR,20191030,271.15,279.3,265.1,269.05,4925
CORALFINAC,20191030,10.45,10.5,9.3,10.25,28003
CORDSCABLE,20191030,45,47.5,45,46.95,20681
COROMANDEL,20191030,473,473,465,470.55,149693
CORPBANK,20191030,14.9,15.9,14.7,15.5,586009
COSMOFILMS,20191030,214.9,214.9,211.75,212.1,9214
COUNCODOS,20191030,1.55,1.6,1.5,1.6,26823
COX&KINGS,20191030,1.8,1.8,1.8,1.8,306240
CPSEETF,20191030,24.88,24.91,24.75,24.81,25156115
CREATIVE,20191030,65.75,70,62,63.8,11798
CREDITACC,20191030,663,666,642.35,644.15,45478
CREST,20191030,95.5,96.9,90.6,94.45,790
CRISIL,20191030,1390.3,1408,1378.25,1404.55,8901
CRMFGETF,20191030,3439.05,3475,3439.05,3475,3
CROMPTON,20191030,254,254.75,248.3,249.45,414063
CTE,20191030,31.4,31.4,29.15,29.3,3599
CUB,20191030,212,212,208,208.35,269978
CUBEXTUB,20191030,15.15,15.9,14.65,15.9,9388
CUMMINSIND,20191030,544,557.75,541.35,554.15,944203
CUPID,20191030,175,179.5,171.6,175,50684
CURATECH,20191030,1.3,1.3,1.3,1.3,25
CYBERMEDIA,20191030,2.85,2.85,2.85,2.85,3000
CYBERTECH,20191030,49.05,50.35,47.05,48.25,34910
CYIENT,20191030,406,406,398,399.3,100942
DAAWAT,20191030,24,24.2,23.65,23.75,346541
DABUR,20191030,465.85,467.8,456.95,460.35,1796647
DALBHARAT,20191030,819,822,808.5,814.35,39173
DALMIASUG,20191030,90,92.9,90,91.1,97893
DAMODARIND,20191030,27.15,28.6,25.8,28.1,6431
DATAMATICS,20191030,75.05,79.85,74.7,78.6,68060
DBCORP,20191030,152.7,152.9,145.4,147.85,80785
DBL,20191030,439.3,442.45,424.8,430.6,265526
DBREALTY,20191030,7.45,7.55,7.2,7.55,531854
DCAL,20191030,113,122.45,111.1,117.05,350948
DCBBANK,20191030,178.7,178.7,176.15,176.85,1630378
DCM,20191030,19.25,21.2,19.25,21.2,6794
DCMNVL,20191030,28.05,30.95,28.05,29,691
DCMSHRIRAM,20191030,375.5,383.8,373.85,374.85,59706
DCW,20191030,15.35,16.1,15.35,15.9,230268
DECCANCE,20191030,349.9,354,346,347.6,6515
DEEPAKFERT,20191030,105,108.1,103.9,104.95,306755
DEEPAKNTR,20191030,344.95,348.4,338,341.1,278725
DEEPIND,20191030,104.35,105,102,102.25,10989
DELTACORP,20191030,202,210.75,199.05,205.15,2105447
DEN,20191030,49,49,47.6,48.1,19564
DENORA,20191030,207.65,207.7,198.8,200.25,1351
DFMFOODS,20191030,252.8,252.8,246,248,18324
DGCONTENT,20191030,4.5,4.9,4.5,4.9,4709
DHAMPURSUG,20191030,200.45,209,200.1,204.2,320509
DHANBANK,20191030,16,17.1,15.95,16.25,3925751
DHANUKA,20191030,295,295.9,289.3,292.6,17910
DHARSUGAR,20191030,6.8,7.1,6.7,7,7570
DHFL,20191030,15.15,16.65,15.15,16.65,3979950
DHUNINV,20191030,197.7,206.4,197.7,200,721
DIAMONDYD,20191030,912.05,934.95,910,927.9,3493
DICIND,20191030,321.05,342.95,321.05,338.4,508
DIGISPICE,20191030,7,7.35,6.7,7,6170
DISHTV,20191030,11.2,11.4,10.55,10.7,26291790
DIVISLAB,20191030,1740.05,1760.95,1729,1736.6,335535
DIXON,20191030,3025,3040,2963.1,2971.55,7347
DLF,20191030,182,183,179.25,181.55,6563814
DLINKINDIA,20191030,93.3,95.55,93,93.2,15398
DMART,20191030,1958,1984,1941,1975.7,520758
DNAMEDIA,20191030,0.3,0.35,0.3,0.35,13870
DOLAT,20191030,75.5,83.8,73.75,81.25,460797
DOLLAR,20191030,192.95,192.95,177.05,178.55,20264
DONEAR,20191030,32,33.8,32,33.35,38940
DPSCLTD,20191030,9.6,9.8,9.6,9.8,3605
DQE,20191030,2.35,2.45,2.25,2.3,12597
DREDGECORP,20191030,363.5,368.8,353,356.6,439806
DRREDDY,20191030,2829,2829,2741.55,2759.9,593147
DSSL,20191030,28.4,28.4,24,25.2,3514
DTIL,20191030,169,169,156,158.7,5977
DUCON,20191030,4.95,4.95,4.55,4.95,40198
DVL,20191030,72.65,82.8,72.1,73.15,13576
DWARKESH,20191030,25.9,26.2,25.35,25.75,398673
DYNAMATECH,20191030,1156.95,1169,1125,1145.05,615
DYNPRO,20191030,137.7,137.85,131.95,135.55,17363
EASTSILK,20191030,0.65,0.65,0.65,0.65,4916
EBANK,20191030,3450,3450,3450,3450,7
ECLERX,20191030,463,468.55,445.5,447.75,17596
EDELWEISS,20191030,93.5,93.95,91,92.65,2279462
EICHERMOT,20191030,22250,22599,21600,22511.5,202269
EIDPARRY,20191030,170,174.3,168.25,171.95,260483
EIHAHOTELS,20191030,319.8,324,314.5,316.55,1648
EIHOTEL,20191030,170.25,172.45,168.6,169.8,99008
EIMCOELECO,20191030,291.25,300,287,299.25,1435
EKC,20191030,26,27.45,25.7,26.25,71575
ELECON,20191030,32.35,33.5,31.75,32.35,52785
ELECTCAST,20191030,13.35,13.5,13.3,13.35,121265
ELECTHERM,20191030,137.1,141.9,137.05,139.45,3601
ELGIEQUIP,20191030,281.95,284,277.55,278.85,8678
ELGIRUBCO,20191030,18.95,18.95,15.25,16.1,5925
EMAMILTD,20191030,329.75,334.9,323.9,325.85,189502
EMAMIPAP,20191030,79.1,79.15,76.35,79.1,1018
EMAMIREAL,20191030,41.75,41.75,38.3,40,13413
EMCO,20191030,0.7,0.75,0.65,0.65,9028
EMKAY,20191030,77.95,78.45,75,75.05,5360
EMMBI,20191030,116.15,117.9,115.1,116.3,7714
ENDURANCE,20191030,1054,1069.85,1040,1056.6,6428
ENERGYDEV,20191030,5.3,5.3,5.25,5.3,28020
ENGINERSIN,20191030,112,119.4,112,117.6,3665371
ENIL,20191030,252.05,256.5,245,248.7,15587
EON,20191030,14,14.8,13.8,14,10595
EQ30,20191030,342,343.47,322.5,343.47,4
EQUITAS,20191030,96.85,96.85,94,94.7,2527331
ERIS,20191030,455.4,463.1,441.1,447.95,46354
EROSMEDIA,20191030,16.4,16.4,15.6,15.75,128947
ESABINDIA,20191030,1358.85,1404.95,1339.5,1387.65,5831
ESCORTS,20191030,670,672.65,657.3,666.05,2001190
ESSARSHPNG,20191030,7.2,7.2,6.8,7.2,5906
ESSELPACK,20191030,113,115.95,109.05,113.4,69170
ESTER,20191030,31.45,32,30.9,31.35,24042
EUROMULTI,20191030,0.5,0.5,0.5,0.5,250
EVEREADY,20191030,52,55.15,50.4,55.15,756147
EVERESTIND,20191030,295,295,288,289.3,26775
EXCEL,20191030,1,1,0.95,0.95,39265
EXCELINDUS,20191030,970.95,975,950,954.45,12292
EXIDEIND,20191030,183.2,184.4,180.5,181.5,2543054
EXPLEOSOL,20191030,283.4,286,277.4,285.6,2247
FACT,20191030,42.9,43.05,40.9,41.15,360980
FAIRCHEM,20191030,481,490,480.45,482.3,6213
FCL,20191030,26.25,27.45,26.15,26.75,133850
FCONSUMER,20191030,24.75,25.15,24.2,24.5,1011742
FCSSOFT,20191030,0.25,0.25,0.2,0.25,213935
FDC,20191030,184.35,184.35,177.8,180.8,64209
FEDERALBNK,20191030,82.45,82.85,81.75,82.05,9109830
FEL,20191030,24.95,25.65,24.5,24.9,163975
FELDVR,20191030,23.05,25,23,23.3,10772
FIEMIND,20191030,376.45,385.35,374.95,383.05,8186
FILATEX,20191030,36.55,39.25,35.35,38.35,265909
FINCABLES,20191030,378,390,378,388.05,28623
FINEORG,20191030,1933.9,1940,1891.1,1913.4,5901
FINPIPE,20191030,605.05,612.1,602,605.75,70682
FLEXITUFF,20191030,5.2,5.35,4.9,4.95,29190
FLFL,20191030,415,415,408.05,412.2,23029
FLUOROCHEM,20191030,677,690,672.3,679.25,16606
FMGOETZE,20191030,559,559,549,550.2,640
FMNL,20191030,40.95,40.95,38.3,38.45,7952
FORCEMOT,20191030,1099,1118,1089,1093.05,47139
FORTIS,20191030,139.2,140.6,138.1,139,905366
FOSECOIND,20191030,1378,1393,1370,1390.05,973
FRETAIL,20191030,384.45,389.75,381.3,384.65,116310
FSC,20191030,523.7,527.05,510.35,515,1541
FSL,20191030,50.5,50.8,48.4,49,1846370
GABRIEL,20191030,114.75,121.85,113,119,186202
GAEL,20191030,141.85,141.85,136,137.9,91114
GAIL,20191030,127.65,134,125.6,133.6,15923937
GAL,20191030,1.75,1.85,1.75,1.8,14766
GALAXYSURF,20191030,1535.2,1549,1465.55,1479.9,9449
GALLANTT,20191030,26,26.5,25.5,26.45,5453
GALLISPAT,20191030,20,20.5,19.6,19.75,2936
GAMMNINFRA,20191030,0.25,0.3,0.25,0.3,237522
GANDHITUBE,20191030,300.9,307.9,300,302.65,906
GANECOS,20191030,270.75,277,270,274.45,7523
GANESHHOUC,20191030,34.4,35.45,33.2,34.55,36696
GANGESSECU,20191030,32.5,38.5,32.5,34.2,2667
GARDENSILK,20191030,11.2,11.5,11.2,11.3,9231
GARFIBRES,20191030,1170,1170,1122.6,1150.75,17301
GATI,20191030,59.95,62,59.3,60.95,491722
GAYAHWS,20191030,0.25,0.3,0.2,0.25,84513
GAYAPROJ,20191030,129.25,131.75,126.6,128.2,126584
GDL,20191030,93.3,94,92.55,93.25,61582
GEECEE,20191030,84.35,85.95,83.55,83.55,1598
GENESYS,20191030,72,72,65.95,69.35,11269
GENUSPAPER,20191030,4.95,5.1,4.95,4.95,33464
GENUSPOWER,20191030,26.25,26.25,25.25,25.4,95436
GEOJITFSL,20191030,28.8,29.1,28.3,28.65,154765
GEPIL,20191030,730,739.8,720,735.5,14059
GESHIP,20191030,297.95,301.55,292.75,293.95,45161
GET&D,20191030,192.75,214.4,189.95,205.4,96909
GFLLIMITED,20191030,84.95,84.95,80,81.05,56469
GFSTEELS,20191030,5.45,5.45,5.45,5.45,691
GHCL,20191030,220.5,222.55,215.55,216.5,55938
GICHSGFIN,20191030,174.5,180.65,174.5,176.95,294966
GICRE,20191030,301,329.8,294,317.65,2447364
GILLANDERS,20191030,29,29.75,26.7,27.4,1066
GILLETTE,20191030,8090,8096.8,8001,8086.2,4805
GINNIFILA,20191030,8.6,9.1,8.6,8.9,13137
GIPCL,20191030,71.85,72.25,71.6,71.85,129897
GISOLUTION,20191030,3.45,3.45,3.45,3.45,190
GKWLIMITED,20191030,731,735.05,731,735.05,9
GLAXO,20191030,1609,1625,1574.9,1599.05,55638
GLENMARK,20191030,309.2,316.65,306.9,309.7,1424761
GLFL,20191030,1.1,1.1,1.05,1.05,801
GLOBALVECT,20191030,57.85,57.9,54,54.4,5553
GLOBOFFS,20191030,6,6.2,5.8,6.1,2136
GLOBUSSPR,20191030,121.75,122.85,111,117.2,83457
GMBREW,20191030,385.9,386,377,379.75,20591
GMDCLTD,20191030,60.5,64.7,60.5,64.1,589809
GMMPFAUDLR,20191030,1430.95,1443.55,1415,1427.85,4728
GMRINFRA,20191030,20.95,20.95,20.25,20.65,13502437
GNA,20191030,268.3,274.45,263,264.25,35293
GNFC,20191030,206.5,209.1,205,206.05,284415
GOACARBON,20191030,214,222,211.2,216.4,6702
GOCLCORP,20191030,287,288,275.2,277.5,11007
GODFRYPHLP,20191030,1081.65,1130,1075.05,1098.4,92068
GODREJAGRO,20191030,521.85,525,507,516.65,40244
GODREJCP,20191030,721.35,740,718.8,732.95,671410
GODREJIND,20191030,413,415,407.8,414.1,93400
GODREJPROP,20191030,1003,1012.2,989,993.55,181808
GOKEX,20191030,87,87,84.05,84.4,11944
GOKUL,20191030,12.15,12.35,11.4,11.5,12377
GOKULAGRO,20191030,13.65,14.05,13.65,13.7,3185
GOLDBEES,20191030,3380,3380,3356,3366,14343
GOLDENTOBC,20191030,28.7,30,27.85,28.25,1732
GOLDIAM,20191030,147,149.3,141.1,142.1,92349
GOLDSHARE,20191030,3393,3403.6,3385,3392.15,426
GOLDTECH,20191030,9.25,9.45,8.5,9.2,12831
GOODLUCK,20191030,54.1,54.1,50.5,51.75,5162
GPIL,20191030,151.5,154.8,140.65,142.45,74342
GPPL,20191030,82.25,84.65,80.55,82,2235404
GPTINFRA,20191030,42.8,42.8,39.2,41.5,1539
GRANULES,20191030,129,133.75,126.5,129.25,1838460
GRAPHITE,20191030,294.5,299.3,278.5,282.7,3352904
GRASIM,20191030,725.45,741.3,714.7,734.95,2260375
GRAVITA,20191030,41,41.45,40.05,40.25,15143
GREAVESCOT,20191030,136.5,140.8,134.25,137.65,150450
GREENLAM,20191030,896.05,910,886.1,901.65,3382
GREENPANEL,20191030,31.4,32.95,31.4,31.4,162234
GREENPLY,20191030,155.5,159.3,154,156.05,22634
GREENPOWER,20191030,1.4,1.4,1.4,1.4,52156
GRINDWELL,20191030,607.95,615,596.4,598.55,9120
GROBTEA,20191030,313.5,313.5,296.05,304.15,88
GRPLTD,20191030,915.05,915.05,862,890,47
GRSE,20191030,214,214,203.25,206.55,366359
GSCLCEMENT,20191030,18,19.45,17.85,19.05,50335
GSFC,20191030,78.35,78.8,77.6,77.85,294249
GSKCONS,20191030,9181,9224,9110,9198.9,19488
GSPL,20191030,206,208.4,201.1,202.25,737410
GSS,20191030,31.1,32.15,31.1,32.15,9860
GTL,20191030,1.4,1.4,1.35,1.35,61316
GTLINFRA,20191030,0.45,0.45,0.4,0.4,1507209
GTNIND,20191030,6.25,6.25,5.5,5.5,3412
GTNTEX,20191030,7.65,8,7.65,8,1148
GTPL,20191030,71.2,72.45,70.6,71.75,48425
GUFICBIO,20191030,69,71.7,69,71.2,13760
GUJALKALI,20191030,461.65,461.65,450.5,452.8,17417
GUJAPOLLO,20191030,141,143.95,135.2,136.8,823
GUJGASLTD,20191030,186.95,202.5,186.55,195.7,1197477
GULFOILLUB,20191030,860,875.1,860,870.4,9506
GULFPETRO,20191030,40.95,41.5,40.55,40.9,9161
GULPOLY,20191030,41,42.8,39.5,42.8,8279
GVKPIL,20191030,4.45,4.45,4.45,4.45,245643
HAL,20191030,790,815,775,780.5,50165
HARITASEAT,20191030,463.45,469.05,452.35,460.05,2671
HARRMALAYA,20191030,47.8,49.75,47.75,48.3,55976
HATHWAY,20191030,21.95,21.95,21.2,21.45,259632
HATSUN,20191030,606,616.45,595,598.1,4768
HAVELLS,20191030,675,697.5,670.05,689.65,2432177
HAVISHA,20191030,0.45,0.45,0.45,0.45,2200
HBLPOWER,20191030,17.35,17.8,17.1,17.45,132311
HBSL,20191030,6.65,7,6.65,6.65,572
HCC,20191030,7.95,8.7,7.95,8.4,1924764
HCG,20191030,120,122.25,108,116.3,51543
HCL-INSYS,20191030,6.7,7.55,6.65,6.95,2199555
HCLTECH,20191030,1150,1150,1138.2,1146.75,1220876
HDFC,20191030,2134.95,2134.95,2102.6,2107.45,2347585
HDFCAMC,20191030,3010.1,3049.95,2975.1,2985.85,329710
HDFCBANK,20191030,1246.9,1262.7,1243,1248.35,6005683
HDFCLIFE,20191030,581.2,643.65,581.1,632.45,27156751
HDFCMFGETF,20191030,3455,3459,3440.05,3451,936
HDFCNIFETF,20191030,1235.51,1239.55,1229.81,1235.59,1656
HDFCSENETF,20191030,4200,4230,4188.41,4188.41,40
HDIL,20191030,1.8,1.8,1.8,1.8,321142
HEG,20191030,1025,1038.5,989,1004.3,438317
HEIDELBERG,20191030,187.5,187.8,183.65,184.3,261878
HERCULES,20191030,87.85,88.4,86.15,87.15,7297
HERITGFOOD,20191030,309.8,313,293,301.4,151295
HEROMOTOCO,20191030,2717,2717,2677,2684.5,739316
HESTERBIO,20191030,1725.05,1748.9,1643,1662,6315
HEXATRADEX,20191030,12.5,12.5,12.5,12.5,1016
HEXAWARE,20191030,328.15,336.35,323.2,329.45,1185776
HFCL,20191030,17.25,18,17.1,17.5,1524750
HGINFRA,20191030,193.3,193.3,185.25,186.45,18144
HGS,20191030,573.7,578.2,561.55,566.3,2351
HIKAL,20191030,112,119.75,112,118.65,565905
HIL,20191030,1120.2,1154,1120.1,1140.85,6158
HILTON,20191030,7,7.3,6.9,6.95,8698
HIMATSEIDE,20191030,153.5,160,153.5,155.9,76020
HINDALCO,20191030,186.8,189.45,184.4,187.2,5978614
HINDCOMPOS,20191030,175.5,180.9,171.2,178,529
HINDCOPPER,20191030,42.15,43.15,42,42.4,2985135
HINDMOTORS,20191030,6.25,6.4,6.1,6.1,76803
HINDNATGLS,20191030,34.5,36,34.5,35.35,4213
HINDOILEXP,20191030,101.5,103.7,100.05,100.8,181636
HINDPETRO,20191030,312.8,323,311,318.4,7171629
HINDSYNTEX,20191030,3,3,3,3,30
HINDUJAVEN,20191030,325,327.95,316.1,322.75,2551
HINDUNILVR,20191030,2180,2180,2142,2169.4,1195298
HINDZINC,20191030,216,216,211.5,212.5,1077318
HIRECT,20191030,162.5,175,162.5,172,17498
HISARMETAL,20191030,55.5,58,51.1,53.55,7926
HITECH,20191030,143.5,171,140.7,165.3,74846
HITECHCORP,20191030,88,88,80.1,86,2172
HITECHGEAR,20191030,179.95,184.9,175.5,177,6856
HMVL,20191030,73.9,73.9,72.15,73,3249
HNDFDS,20191030,560,599.95,560,581.55,3112
HNGSNGBEES,20191030,3376.99,3377,3250,3347.99,12
HONAUT,20191030,28599,28599,28100,28197.45,7315
HONDAPOWER,20191030,1141.4,1149.7,1125,1143.25,5171
HOTELEELA,20191030,7.8,8.45,7.8,7.85,183179
HOVS,20191030,61.5,67.5,61.45,66.2,41843
HPL,20191030,41.9,41.9,41,41.4,19337
HSCL,20191030,75.95,77,75.5,75.85,411522
HSIL,20191030,47.1,47.9,46.3,47.15,174832
HTMEDIA,20191030,18.9,19.1,18.3,18.45,59773
HUBTOWN,20191030,13.4,13.4,12.6,12.85,9035
HUDCO,20191030,36.55,39.6,36,38.1,2908070
IBMFNIFTY,20191030,114.99,118.3,114.71,114.71,3750
IBREALEST,20191030,53.85,53.85,51.8,52.9,1833955
IBULHSGFIN,20191030,217.8,229.25,204.05,214.25,58184693
IBULISL,20191030,60.45,60.45,60.45,60.45,10752
IBVENTURES,20191030,99,100.95,95.2,96.05,756662
ICICI500,20191030,152.84,165,151.7,156.32,48530
ICICIB22,20191030,35.64,36.23,35.59,36.08,2223661
ICICIBANK,20191030,479,479,470,471.15,22396012
ICICIBANKN,20191030,285,302.28,285,300.19,3045
ICICIBANKP,20191030,166.35,167.05,165.48,165.56,3000
ICICIGI,20191030,1371,1399,1355,1367,685256
ICICIGOLD,20191030,34.3,35.1,34.3,34.8,54261
ICICILIQ,20191030,999.99,1000,999.99,1000,14105
ICICILOVOL,20191030,95.5,96,92,93.67,2767
ICICIMCAP,20191030,64,64.48,63.68,63.84,9394
ICICINF100,20191030,127.31,128.88,127.31,128.74,2549
ICICINIFTY,20191030,124,125,120,124.82,66380
ICICINV20,20191030,57.7,57.8,57.25,57.67,20619
ICICINXT50,20191030,29.25,29.25,28.36,28.81,20187
ICICIPRULI,20191030,504.8,514.45,498.2,512.9,2364564
ICICISENSX,20191030,426,428,420,427.12,4467
ICIL,20191030,41.9,46.5,41.3,44.5,143010
ICRA,20191030,2571.15,2609.95,2564.15,2577.55,510
IDBI,20191030,32.9,33.8,32.3,33.25,3287417
IDBIGOLD,20191030,3530.05,3539,3515,3521.5,42
IDEA,20191030,4,4.2,3.75,3.8,270109253
IDFC,20191030,33.85,34.7,33.35,33.9,1580558
IDFCFIRSTB,20191030,41.75,43.4,41.55,42.5,18853725
IDFNIFTYET,20191030,122,129,114.05,116.15,97
IEX,20191030,142.7,143.9,140.95,142.35,87916
IFBAGRO,20191030,438.65,465,436.55,447.6,28815
IFBIND,20191030,710,745.8,705,732.15,24737
IFCI,20191030,7.25,7.25,7.05,7.2,1454017
IFGLEXPOR,20191030,147,157.7,147,150.75,2018
IGARASHI,20191030,223,230,217.05,218.9,251319
IGL,20191030,383.7,386.45,382.05,384.05,643503
IGPL,20191030,157.4,159.9,154.95,157.3,6837
IIFL,20191030,119.35,119.35,110.9,112.55,224128
IIFLSEC,20191030,29.35,31.7,29.35,29.4,588799
IIFLWAM,20191030,1340,1340,1295.05,1310.25,22361
IITL,20191030,62.95,62.95,59.5,62.85,147
IMFA,20191030,177.3,185.8,177.3,182,15370
IMPAL,20191030,709.9,709.9,660.05,684,2127
IMPEXFERRO,20191030,0.3,0.3,0.25,0.3,37866
INDBANK,20191030,7.55,8.15,7.45,7.8,46413
INDHOTEL,20191030,152.4,153.5,149.3,150,1167865
INDIACEM,20191030,83.65,86,83.4,84.1,1976526
INDIAGLYCO,20191030,220,224.4,219.55,220.4,31796
INDIAMART,20191030,1849,1927,1831.1,1863.1,64453
INDIANB,20191030,127,132,126.1,128.8,2187703
INDIANCARD,20191030,98.1,105.9,98.1,105.9,41
INDIANHUME,20191030,260,269,258.55,263.75,20807
INDIGO,20191030,1450,1534.4,1420,1512.05,6003645
INDLMETER,20191030,16,16.7,16,16,1871
INDNIPPON,20191030,351.8,362,349.05,356.4,7392
INDOCO,20191030,153.5,178,153.45,159.45,694049
INDORAMA,20191030,26.85,28.3,26.1,28.05,24929
INDOSTAR,20191030,192.3,196.15,187.95,190.1,51563
INDOTECH,20191030,86,88.95,86,87,278
INDOTHAI,20191030,22.5,23.6,22.5,23,1519
INDOWIND,20191030,3.1,3.1,2.8,2.9,17495
INDRAMEDCO,20191030,38.15,38.9,38.1,38.3,24694
INDSWFTLAB,20191030,32.65,32.65,30.6,30.95,43517
INDSWFTLTD,20191030,4.15,4.15,3.95,3.95,4387
INDTERRAIN,20191030,77,77,73.3,74.2,12081
INDUSINDBK,20191030,1315,1323.95,1282.4,1297.2,3333740
INEOSSTYRO,20191030,652.9,669.5,651.2,655.15,4125
INFIBEAM,20191030,45,46.45,44.6,45.65,2625316
INFOBEAN,20191030,67.55,71,66.6,68.05,5348
INFRABEES,20191030,343,343,331.71,340.9,605
INFRATEL,20191030,193.15,199.85,176.35,183.2,35136167
INFY,20191030,660.4,671.4,656.2,660.6,22879467
INGERRAND,20191030,639,654.75,627,635.75,14344
INOXLEISUR,20191030,356,365.9,351.5,361.45,214502
INOXWIND,20191030,35,35.7,34,34.45,98995
INSECTICID,20191030,565,565,553.65,554.85,2336
INSPIRISYS,20191030,46.15,47.55,44.1,45,3619
INTELLECT,20191030,185.5,190.25,184.55,186.8,176014
INTENTECH,20191030,31,32.5,30.75,31.1,9480
INVENTURE,20191030,14.85,15.15,14.85,15,48581
IOB,20191030,9.8,10.35,9.75,10.25,1700665
IOC,20191030,146.5,148.95,145.55,147.15,11020054
IOLCP,20191030,184.4,190.8,183,184.95,254359
IPAPPM,20191030,342.45,361,338.65,348.9,100185
IPCALAB,20191030,988,996,965.05,974.65,88829
IRB,20191030,80.8,84.5,80.35,81.55,1232905
IRCON,20191030,440,444.95,432.1,434.55,173724
IRCTC,20191030,881,920,880.85,890.45,3276203
ISEC,20191030,331.95,331.95,326,327.95,216229
ISFT,20191030,68,72.25,66,70.55,4097
ISMTLTD,20191030,4,4.4,4,4.3,15339
ITC,20191030,256,264,254.3,259.4,34291157
ITDC,20191030,362.5,394.6,352,370.9,940294
ITDCEM,20191030,51,54.9,50.8,54.9,592420
ITI,20191030,92,100.95,91.5,96.3,8742346
IVC,20191030,3.8,3.8,3.35,3.45,377679
IVP,20191030,70.1,70.4,69.05,70.05,988
IVZINGOLD,20191030,3441,3460,3441,3460,18
IVZINNIFTY,20191030,1246,1272,1246,1272,2
IZMO,20191030,32.35,32.4,30.05,32.4,9590
J&KBANK,20191030,31.4,33.9,31.4,32.6,1629466
JAGRAN,20191030,58,58,55.5,55.95,280581
JAGSNPHARM,20191030,26.1,28.95,26.1,28.5,65588
JAIBALAJI,20191030,19.95,20,18.6,19,7124
JAICORPLTD,20191030,86.15,93.2,85.55,92,3105773
JAINSTUDIO,20191030,1.9,1.9,1.9,1.9,6
JAMNAAUTO,20191030,46,47.2,44.8,46.55,1349519
JASH,20191030,116.55,117,93.05,115.15,14803
JAYAGROGN,20191030,144.6,144.6,137.65,140.1,7985
JAYBARMARU,20191030,206.6,221,204,213.6,391656
JAYNECOIND,20191030,3.8,3.8,3.65,3.65,17230
JAYSREETEA,20191030,49.2,51.9,49.15,50.15,104438
JBCHEPHARM,20191030,328.5,337.7,328.5,331.4,36182
JBFIND,20191030,7.55,7.65,7.3,7.4,11030
JBMA,20191030,227.85,234.45,225.5,228.75,109017
JCHAC,20191030,2040,2080,1986.1,2059.7,4466
JHS,20191030,16.8,16.8,16.1,16.35,28097
JIKIND,20191030,0.15,0.2,0.15,0.2,1044
JINDALPHOT,20191030,13.35,13.35,12.4,12.55,1534
JINDALPOLY,20191030,216.55,220.05,216.05,218.25,7467
JINDALSAW,20191030,87,89,86.6,88.1,469960
JINDALSTEL,20191030,112.9,116.5,111.15,115.2,17240594
JINDCOT,20191030,1.6,1.6,1.55,1.55,8497
JINDRILL,20191030,79.75,80,77.6,78.9,4712
JINDWORLD,20191030,60.15,60.8,59,59.6,111107
JISLDVREQS,20191030,9.4,9.8,8.95,9.8,195040
JISLJALEQS,20191030,14.25,14.35,14.1,14.35,975023
JITFINFRA,20191030,6.6,6.6,6.3,6.6,582
JIYAECO,20191030,38,38.65,37.6,37.9,112508
JKCEMENT,20191030,1127.05,1138.7,1105.1,1112.4,54284
JKIL,20191030,156.9,166.55,154,158.35,680405
JKLAKSHMI,20191030,292,298,289.2,290.25,88234
JKPAPER,20191030,124.5,127,122,123.5,1231123
JKTYRE,20191030,70,71.85,69.2,70.25,567143
JMA,20191030,25,26.45,24.55,24.6,841
JMCPROJECT,20191030,104.05,105,97.65,99.05,290340
JMFINANCIL,20191030,73.8,75.25,73.5,75,114692
JMTAUTOLTD,20191030,1.15,1.2,1.15,1.15,97796
JOCIL,20191030,94.7,94.7,86.15,87.3,633
JPASSOCIAT,20191030,2.4,2.45,2.35,2.4,4251511
JPINFRATEC,20191030,1.25,1.25,1.2,1.2,255463
JPOLYINVST,20191030,11.1,11.5,11.05,11.05,5000
JPPOWER,20191030,1.15,1.15,1.05,1.1,2063438
JSL,20191030,34.95,34.95,34.1,34.3,157526
JSLHISAR,20191030,67,67.55,65.15,65.35,80242
JSWENERGY,20191030,67,68.4,65.95,67.9,846832
JSWHL,20191030,2656.05,2719.25,2655.45,2675.4,1103
JSWSTEEL,20191030,236.95,236.95,231.25,234.4,5246865
JTEKTINDIA,20191030,93,94,90.4,91.8,58331
JUBILANT,20191030,526,539.7,523.9,530.35,261050
JUBLFOOD,20191030,1570,1612.4,1538,1564,1383147
JUBLINDS,20191030,111.05,114.7,109.8,113.65,32398
JUMPNET,20191030,65,67,62.5,63.85,315847
JUNIORBEES,20191030,333,333,288.2,295.97,62570
JUSTDIAL,20191030,600,612.3,596,597.35,2258567
JYOTHYLAB,20191030,176.45,178.9,173.15,175,50197
KABRAEXTRU,20191030,68.9,70,68.35,68.55,4041
KAJARIACER,20191030,552,556,547,549.3,105711
KAKATCEM,20191030,163,167.9,163,165,7465
KALPATPOWR,20191030,437,443.95,424,425.5,54569
KALYANIFRG,20191030,161.25,170,161.25,164.1,123
KAMATHOTEL,20191030,36.65,36.7,35.2,36.15,44848
KAMDHENU,20191030,107.95,107.95,98.1,101.3,6433
KANANIIND,20191030,2.65,2.65,2.65,2.65,712
KANORICHEM,20191030,43.15,44.45,43.05,43.7,11310
KANSAINER,20191030,552,559.85,543.85,547.05,275183
KARDA,20191030,151.85,152.2,148,150.45,19107
KARMAENG,20191030,9.9,9.95,8.8,9.85,1113
KARURVYSYA,20191030,56,56.05,55.05,55.2,600802
KAUSHALYA,20191030,0.5,0.5,0.4,0.5,11290
KAVVERITEL,20191030,2.7,2.7,2.6,2.7,1700
KAYA,20191030,384,396.05,381.95,391.25,7668
KCP,20191030,65,65.45,64.45,65.2,63940
KCPSUGIND,20191030,12.85,13.3,12.8,12.95,59606
KDDL,20191030,340,354.95,330,335.15,1276
KEC,20191030,272.35,275,268.05,272.65,371493
KECL,20191030,10.2,10.65,10.05,10.65,85763
KEI,20191030,579.85,614.65,577.35,593.95,660436
KELLTONTEC,20191030,15.05,16,14.75,15.65,131303
KENNAMET,20191030,1200,1227,1155,1175.8,4469
KERNEX,20191030,24.5,25.65,23.55,24.45,2226
KESARENT,20191030,31,31.45,29.15,29.2,1466
KESORAMIND,20191030,53.35,55,52,54,248589
KGL,20191030,0.45,0.45,0.35,0.4,429254
KHADIM,20191030,249.1,259.9,248,254.1,50533
KHAITANLTD,20191030,18.8,18.8,18.8,18.8,56
KICL,20191030,1669,1688.95,1650,1672,407
KILITCH,20191030,115.55,118.9,115.5,117.6,4150
KINGFA,20191030,654.9,654.9,631.05,634.1,1117
KIOCL,20191030,129.9,130,122.1,123.35,108870
KIRIINDUS,20191030,424.7,432,418.2,420.05,59912
KIRLOSBROS,20191030,145.45,150,143.65,149,10688
KIRLOSENG,20191030,168,170.35,167,168.75,13800
KIRLOSIND,20191030,645.05,663.95,640,647.5,1837
KITEX,20191030,85.05,85.7,84.6,85.3,73565
KKCL,20191030,1005,1063,990.95,993.4,421
KMSUGAR,20191030,6.15,6.15,5.9,5.95,23107
KNRCON,20191030,238.85,238.85,228.5,229.85,28108
KOHINOOR,20191030,8.25,8.25,8.25,8.25,5763
KOKUYOCMLN,20191030,69.95,78.35,68.3,74,286293
KOLTEPATIL,20191030,244.2,249.85,244.2,245.15,12893
KOPRAN,20191030,27.4,27.7,26.9,27.45,44335
KOTAKBANK,20191030,1579.9,1588.55,1573.8,1578.9,1677269
KOTAKBKETF,20191030,306.11,308,304,306.13,87988
KOTAKGOLD,20191030,338,340.7,338,338.65,13036
KOTAKNIFTY,20191030,121.7,122.68,121.7,122.12,56824
KOTAKNV20,20191030,58,58.9,57.51,58.81,14039
KOTAKPSUBK,20191030,234,239.99,231,237.68,6801
KOTARISUG,20191030,10.1,10.5,9.9,10.15,17890
KOTHARIPET,20191030,16.85,16.9,16.55,16.7,1946
KOTHARIPRO,20191030,61.85,61.9,59.3,59.9,2290
KPITTECH,20191030,95,97,92.5,93.15,362550
KPRMILL,20191030,674.5,680,653,656.5,33057
KRBL,20191030,226.6,231,223,224.05,86874
KREBSBIO,20191030,90.15,94.8,89,92.85,1652
KRIDHANINF,20191030,5.55,5.6,5.15,5.15,122255
KRISHANA,20191030,54,55,53,55,2000
KSB,20191030,683.2,686,670,679.5,3068
KSCL,20191030,504.8,506,499.3,502.95,34134
KSERASERA,20191030,0.1,0.1,0.05,0.1,682907
KSK,20191030,0.45,0.5,0.45,0.45,820111
KSL,20191030,192.7,198.05,190,190.5,45544
KTIL,20191030,30.9,30.9,29.55,30.05,1763
KTKBANK,20191030,74.1,76.85,74.1,75.5,769603
KUANTUM,20191030,460,487.85,457.35,477.65,626
KWALITY,20191030,2.4,2.4,2.4,2.4,102096
L&TFH,20191030,95.5,95.8,93.5,93.75,8026278
LAKSHVILAS,20191030,13.35,14.75,13.35,14.7,30444639
LALPATHLAB,20191030,1617,1630,1572.3,1585.15,69799
LAMBODHARA,20191030,31.05,31.05,29.1,29.6,4973
LAOPALA,20191030,167,170.45,165.35,166.55,21895
LASA,20191030,18.2,19,17.75,18.75,40143
LAURUSLABS,20191030,351,369.6,351,365.45,50765
LAXMIMACH,20191030,3848,3980,3848,3909.1,6227
LEMONTREE,20191030,61,64,60.55,62.4,8277372
LFIC,20191030,51,51,47.05,51,13
LGBBROSLTD,20191030,274,289,268.1,284.75,11090
LGBFORGE,20191030,2.45,2.6,2.45,2.5,12070
LIBAS,20191030,57.5,57.5,49,55.9,7538
LIBERTSHOE,20191030,118.05,126.45,116.5,123.95,487882
LICHSGFIN,20191030,400.05,407.35,393.15,402.25,3088070
LICNETFGSC,20191030,21.25,22.5,21.25,22.01,3933
LICNETFN50,20191030,120.01,125,120.01,121.57,872
LICNFNHGP,20191030,121,126.3,121,125,98
LINCOLN,20191030,158.95,167,158.95,161,21976
LINCPEN,20191030,181,183.9,177,177.4,839
LINDEINDIA,20191030,557,569.7,553.25,557.85,11267
LIQUIDBEES,20191030,999.9,1000.01,999.35,1000,740005
LIQUIDETF,20191030,1000,1000.01,999.99,1000,34289
LOKESHMACH,20191030,35.05,35.95,34.85,35.5,6344
LOTUSEYE,20191030,20,21,20,20.2,1503
LOVABLE,20191030,63.5,64.5,63,63.4,10809
LPDC,20191030,1.85,1.9,1.8,1.85,5646
LSIL,20191030,0.5,0.5,0.4,0.45,1950365
LT,20191030,1469.95,1491.95,1465,1474.25,3722066
LTI,20191030,1697.95,1713.9,1667,1696.5,106118
LTTS,20191030,1486.1,1515,1475.3,1502.65,91889
LUMAXIND,20191030,1290,1290,1270.1,1287.75,1523
LUMAXTECH,20191030,95.15,96.85,93.7,94.65,23337
LUPIN,20191030,740.9,740.9,726,729.95,647084
LUXIND,20191030,1237.95,1248.8,1219,1232.65,43411
LYKALABS,20191030,17.4,17.85,17.15,17.7,5194
LYPSAGEMS,20191030,4.4,4.4,4,4.25,3071
M&M,20191030,617.2,619.9,605,616.55,4296705
M&MFIN,20191030,354,368,349.5,358.75,1711626
M100,20191030,17.35,17.35,17.21,17.28,8994
M50,20191030,115.1,116,113.19,113.27,469
MAANALU,20191030,64.9,69.8,64.9,65.75,45038
MADHAV,20191030,24.05,24.25,22.7,23.75,1068
MADHUCON,20191030,3.85,4.2,3.85,4.05,30506
MADRASFERT,20191030,21.7,21.85,21.05,21.15,484971
MAGADSUGAR,20191030,105.9,109,102,103.9,32768
MAGMA,20191030,53.95,54.9,51.75,54.5,74647
MAGNUM,20191030,3.45,3.6,3.3,3.5,5617
MAHABANK,20191030,11.15,11.45,11,11.3,956202
MAHASTEEL,20191030,153,162.95,150,151.5,11765
MAHESHWARI,20191030,225.45,237,225.45,233.45,12265
MAHINDCIE,20191030,159,160.45,152.4,153.2,103345
MAHLIFE,20191030,428,428,411,414.95,198195
MAHLOG,20191030,374,385,367,381.95,48654
MAHSCOOTER,20191030,4565.85,4615,4565,4575.4,3306
MAHSEAMLES,20191030,367,370.55,361.1,362.8,5307
MAITHANALL,20191030,444,450,438.95,445.9,14712
MAJESCO,20191030,419.75,427.85,412,412.95,29021
MALUPAPER,20191030,25.15,25.15,24.2,24.3,22547
MAN50ETF,20191030,119.3,120,119.3,120,176491
MANAKALUCO,20191030,4.95,4.95,4.3,4.35,6671
MANAKCOAT,20191030,3.9,3.9,3.7,3.9,2500
MANAKSIA,20191030,33.55,34.9,33.55,34.15,6666
MANAKSTEEL,20191030,10.6,11.1,10.2,10.5,8621
MANALIPETC,20191030,17.4,18.25,17.25,17.85,370941
MANAPPURAM,20191030,164.9,165.8,161.7,163.3,2537956
MANGALAM,20191030,31.7,32.65,29.7,32.65,36127
MANGCHEFER,20191030,30.7,30.9,29.9,30.05,37770
MANGLMCEM,20191030,299.85,321,297,318.25,57660
MANGTIMBER,20191030,5.05,5.4,4.95,5.4,4110
MANINDS,20191030,44.4,47.15,44,46.1,62652
MANINFRA,20191030,25.45,27.15,25.45,26.05,120653
MANUGRAPH,20191030,13.5,14.55,13.5,14.5,11554
MARALOVER,20191030,23.9,23.9,20.4,23.75,21417
MARATHON,20191030,89.4,91.85,82,83.95,37836
MARICO,20191030,372,372,366.6,370.95,1766694
MARKSANS,20191030,14.55,15.1,14.3,14.6,738613
MARUTI,20191030,7744,7753.65,7539.7,7556.95,1243366
MASFIN,20191030,711,739.7,711,730.3,95159
MASTEK,20191030,340.65,348.6,330,332.65,103694
MATRIMONY,20191030,496,506.6,472.8,494.8,11528
MAWANASUG,20191030,33.6,33.6,32.7,32.75,204775
MAXINDIA,20191030,69.4,73,69.4,71.7,734394
MAXVIL,20191030,38,38.5,37.8,38.05,33215
MAYURUNIQ,20191030,224.45,224.45,216,219.95,13569
MAZDA,20191030,369,377.8,363,369.45,492
MBAPL,20191030,78,82,75,76.3,2106
MBECL,20191030,3.85,3.85,3.7,3.8,3272
MBLINFRA,20191030,5.15,5.15,4.8,4.9,46608
MCDHOLDING,20191030,17.35,18.6,17.05,17.5,28233
MCDOWELL-N,20191030,625.3,625.35,609.1,612,1086890
MCLEODRUSS,20191030,6.85,6.95,6.7,6.95,592841
MCX,20191030,1166,1215,1150,1156.1,1383603
MEGASOFT,20191030,6.8,7.2,6.8,6.85,37312
MEGH,20191030,52,53.5,52,52.7,655056
MELSTAR,20191030,0.85,0.85,0.85,0.85,300
MENONBE,20191030,56.2,60.9,56.2,57.8,45865
MEP,20191030,30.7,34.75,30.05,33.15,392263
MERCATOR,20191030,1.05,1.05,0.95,1,1847925
METALFORGE,20191030,7.1,7.1,7.1,7.1,14872
METROPOLIS,20191030,1449.95,1473,1424.95,1434.2,30533
MFSL,20191030,417.8,419.7,405.6,411.25,704787
MGL,20191030,989,1013,987,1004.45,1052542
MHRIL,20191030,210.6,216.9,209.6,213.6,21849
MIC,20191030,0.55,0.55,0.45,0.55,89384
MIDHANI,20191030,153.25,156,147.1,148.55,574054
MINDACORP,20191030,89.9,101.4,89.85,99.85,938761
MINDAIND,20191030,365,367.5,357.8,360.2,59775
MINDTECK,20191030,31.5,34.5,31.5,34.05,1685
MINDTREE,20191030,718,718,708,711.2,344208
MIRCELECTR,20191030,7.7,8,7.5,7.85,357910
MIRZAINT,20191030,58,62.45,57.3,61.45,628477
MMFL,20191030,407,419,395.95,406.65,1971
MMTC,20191030,18.7,19.2,18.45,18.75,2311675
MOHITIND,20191030,4.7,4.7,4.7,4.7,120
MOHOTAIND,20191030,11.75,11.75,11.1,11.1,17712
MOIL,20191030,144.5,145.55,141,141.2,296637
MOLDTECH,20191030,50.8,51.5,50.15,50.75,6886
MOLDTKPAC,20191030,295.9,303.6,282.2,298.4,60028
MONTECARLO,20191030,235,236.95,230.15,231.45,10385
MORARJEE,20191030,13.6,13.6,11.55,12.9,5083
MOREPENLAB,20191030,16.5,16.5,16.3,16.4,174842
MOTHERSUMI,20191030,122.9,124.45,119.25,122.25,9536165
MOTILALOFS,20191030,615.6,616.4,606.95,608.55,148167
MOTOGENFIN,20191030,34.15,34.15,34.1,34.15,4617
MPHASIS,20191030,948,948,933.1,939.75,203000
MPSLTD,20191030,544.05,549,522.1,530.35,2429
MRF,20191030,65250,65450,64103.45,64893.3,5400
MRO-TEK,20191030,24.15,24.15,24,24.15,1852
MRPL,20191030,51.7,52.9,50.7,52.3,888382
MSPL,20191030,5.05,5.05,4.85,5.05,10765
MSTCLTD,20191030,100,105.9,99,105,361476
MTEDUCARE,20191030,20.35,20.35,18.6,20.35,30657
MTNL,20191030,7.35,7.35,7.35,7.35,61667
MUKANDENGG,20191030,10.3,11.75,10.3,11.15,4303
MUKANDLTD,20191030,32.05,32.95,31.5,32.5,7069
MUKTAARTS,20191030,42,42.85,41.1,42.05,17175
MUNJALAU,20191030,42.1,43.65,42.1,42.95,138465
MUNJALSHOW,20191030,139.1,141.75,135.95,138.8,27263
MURUDCERA,20191030,15.85,15.85,15.2,15.75,17440
MUTHOOTCAP,20191030,471.7,477.7,455.05,460.35,8951
MUTHOOTFIN,20191030,700.6,713.6,697.15,706.05,1068141
MVL,20191030,0.1,0.1,0.05,0.05,178581
N100,20191030,598,598,562,563.06,12595
NACLIND,20191030,29.9,29.9,28.05,28.35,15539
NAGAFERT,20191030,2.9,3,2.9,2.95,208660
NAGAROIL,20191030,0.2,0.25,0.2,0.2,163424
NAGREEKCAP,20191030,6.3,6.65,6.3,6.65,514
NAGREEKEXP,20191030,14.65,15.05,14.45,14.55,2168
NAHARCAP,20191030,75,77.95,71.65,73.75,662
NAHARINDUS,20191030,24.95,25.95,24.95,25.75,2534
NAHARPOLY,20191030,33.1,35,33.1,34.55,1899
NAHARSPING,20191030,49.65,50.85,49.5,50.05,2866
NATCOPHARM,20191030,592.8,606,586.45,593.9,241581
NATHBIOGEN,20191030,322.2,334.5,322,322.5,9343
NATIONALUM,20191030,43.65,44.5,43.65,43.9,6825035
NATNLSTEEL,20191030,1.85,1.85,1.85,1.85,6764
NAUKRI,20191030,2414.9,2482.6,2370.6,2431.9,192918
NAVINFLUOR,20191030,893,897,875,890.65,101688
NAVKARCORP,20191030,37.8,37.8,36.15,36.7,120963
NAVNETEDUL,20191030,99.2,101.25,99.2,99.9,96680
NBCC,20191030,36.05,37.95,35.8,37.8,21599121
NBIFIN,20191030,1380.1,1470,1380.1,1470,193
NBVENTURES,20191030,75.7,80,74.25,77.25,195177
NCC,20191030,57.3,59.9,57.3,58.45,20442182
NCLIND,20191030,92.4,93.1,89.15,91.65,246711
NDGL,20191030,527.55,528.05,527.55,528,3
NDL,20191030,34.95,37.85,33.05,34.65,35971
NDTV,20191030,31.9,32.5,30.6,32.25,10695
NECCLTD,20191030,4.95,5.15,4.95,5.05,8775
NECLIFE,20191030,13,13.2,12.85,13.05,62317
NELCAST,20191030,44.25,44.35,42.25,42.85,58091
NELCO,20191030,261.2,263.3,252.6,255.75,51897
NEOGEN,20191030,398.3,400,389,391.9,9307
NESCO,20191030,565.95,566.95,558.25,562.35,11729
NESTLEIND,20191030,14887,14998.9,14750.3,14967.8,58061
NETF,20191030,119.44,119.44,116.3,119.05,51004
NETFCONSUM,20191030,53.5,57.3,52.5,54.74,2254
NETFDIVOPP,20191030,29.75,30.28,29.75,30.06,3469
NETFLTGILT,20191030,20.2,20.9,20.06,20.06,11697
NETFMID150,20191030,62,63.3,60.85,61.5,30317
NETFNIF100,20191030,120,128,117.7,123.07,1698
NETFNV20,20191030,580,589.95,580,583.76,2780
NETWORK18,20191030,24.6,24.6,23.6,23.8,205686
NEULANDLAB,20191030,492.25,507.55,488.6,495.4,9625
NEWGEN,20191030,180,188.5,178.05,179.3,85287
NEXTMEDIA,20191030,9.2,9.9,9,9.5,8024
NFL,20191030,28.15,29.45,28.15,28.6,943794
NH,20191030,272.1,280.35,266.4,273.8,168689
NHPC,20191030,24.05,24.2,23.3,23.8,2389503
NIACL,20191030,164,174.2,158.3,170.65,2392694
NIBL,20191030,7.1,7.7,7.1,7.6,661
NIFTYBEES,20191030,1250,1256.3,1246.75,1252.87,87490
NIFTYEES,20191030,15000,15019,14600,15019,7
NIITLTD,20191030,94.05,97.9,94.05,96.5,833288
NIITTECH,20191030,1518,1586.95,1515.8,1578.15,537234
NILAINFRA,20191030,4.9,5.1,4.7,4.75,90911
NILASPACES,20191030,1.35,1.35,1.35,1.35,9626
NILKAMAL,20191030,1235.8,1299.75,1234,1273.95,16808
NIPPOBATRY,20191030,455.95,462,444.4,446.7,782
NITCO,20191030,24.85,24.85,23.85,24,39448
NITESHEST,20191030,1.65,1.65,1.6,1.6,36415
NITINSPIN,20191030,54.3,59.9,53.2,57.15,129365
NKIND,20191030,29.5,30.1,28.5,28.9,2000
NLCINDIA,20191030,59,60.5,59,59.6,441690
NMDC,20191030,112.2,113.6,110.25,110.7,4080680
NOCIL,20191030,120.7,122.5,119,120.05,1686807
NOIDATOLL,20191030,3.7,3.7,3.7,3.7,4211
NPBET,20191030,160.5,168.64,160,167.86,1341
NRAIL,20191030,231,240.05,228.95,235.65,9059
NRBBEARING,20191030,106.45,121.2,103.15,109.75,280466
NSIL,20191030,814,915,801.55,833.3,625
NTL,20191030,0.5,0.5,0.4,0.4,1110
NTPC,20191030,121,121.75,119.25,120.95,12119474
NUCLEUS,20191030,303.15,314.5,303.1,304.6,11544
OAL,20191030,199,217.35,195,206.25,5994
OBEROIRLTY,20191030,500.1,501.95,488.15,492.05,163238
OCCL,20191030,1002.25,1017.8,998,1001.2,2655
OFSS,20191030,3088.75,3140,3058.5,3110.45,13047
OIL,20191030,163.45,171,163.35,169.2,2297991
OILCOUNTUB,20191030,6.75,6.95,6.6,6.75,20324
OISL,20191030,4.8,4.9,4.65,4.7,2619
OLECTRA,20191030,185.85,189.45,184.5,184.9,25220
OMAXAUTO,20191030,40.25,46.35,40.25,46.35,55109
OMAXE,20191030,188,188,183.5,184.35,146487
OMKARCHEM,20191030,4.4,4.45,4.05,4.05,43930
OMMETALS,20191030,20,21,19.05,19.3,133802
ONELIFECAP,20191030,4.55,4.8,4.55,4.8,3615
ONEPOINT,20191030,15.4,15.4,15.3,15.35,48000
ONGC,20191030,144,144,139.8,140.55,7064774
ONMOBILE,20191030,35,35.4,34.05,34.7,74184
ONWARDTEC,20191030,65.05,65.7,64.55,64.55,12414
OPTIEMUS,20191030,36.4,36.4,36.4,36.4,2331
OPTOCIRCUI,20191030,4,4.1,3.9,4.1,336034
ORBTEXP,20191030,90,92.75,90,90.8,1447
ORICONENT,20191030,20.75,21.85,20.15,21,67881
ORIENTABRA,20191030,17.15,17.5,16.2,17.15,28036
ORIENTALTL,20191030,13.4,13.75,13.25,13.25,8194
ORIENTBANK,20191030,51.45,53.2,51.2,52.8,1407539
ORIENTBELL,20191030,120.8,123,120,120.2,2515
ORIENTCEM,20191030,78.1,79.6,77.7,78.65,92546
ORIENTELEC,20191030,184.95,194,180.55,192,292122
ORIENTHOT,20191030,34.8,35.25,34.35,34.65,15926
ORIENTLTD,20191030,105.7,110.4,105.7,110.4,2
ORIENTPPR,20191030,28.05,28.1,27.05,27.25,226095
ORIENTREF,20191030,219.25,228.9,219.25,220.75,26236
ORISSAMINE,20191030,954.9,1020,949,978,24774
ORTINLABSS,20191030,9.5,9.55,9.2,9.55,2652
OSWALAGRO,20191030,5.95,6.1,5.5,5.8,15336
PAEL,20191030,3.35,3.35,3.3,3.35,8447
PAGEIND,20191030,24187,24748,23700,24591.65,21159
PAISALO,20191030,459.6,464.9,456,460.45,42856
PALASHSECU,20191030,33.95,33.95,30.4,33.3,8918
PALREDTEC,20191030,20.75,21.75,19.75,20.95,17800
PANACEABIO,20191030,139.65,143.55,138.2,139.65,29899
PANAMAPET,20191030,72.9,72.9,70.5,71.9,18554
PAPERPROD,20191030,264.8,266.2,255.05,255.9,25549
PARABDRUGS,20191030,1.05,1.05,1.05,1.05,2
PARACABLES,20191030,9.3,9.9,9.3,9.6,114425
PARAGMILK,20191030,140.95,145,139.25,142.2,211538
PARSVNATH,20191030,2.6,2.65,2.55,2.55,89438
PATELENG,20191030,13.95,13.95,13.5,13.95,159936
PATINTLOG,20191030,23.2,23.75,22.5,23.35,10973
PATSPINLTD,20191030,5.6,5.6,5.2,5.4,5091
PCJEWELLER,20191030,33.15,33.6,32,32.4,5663448
PDMJEPAPER,20191030,15.25,15.65,14.5,15.6,121796
PDPL,20191030,2.4,2.5,2.4,2.5,399
PDSMFL,20191030,321,327.5,310.05,315.1,2669
PEARLPOLY,20191030,9.5,9.5,8.95,9.5,2020
PEL,20191030,1666.15,1750,1666.15,1696.8,2412821
PENIND,20191030,26.3,26.7,25.5,25.8,124563
PENINLAND,20191030,3.85,4.05,3.45,3.65,504815
PERSISTENT,20191030,607,610,600,602.05,36397
PETRONENGG,20191030,6.4,6.4,6.4,6.4,16
PETRONET,20191030,289,297.75,280.5,285.5,13204144
PFC,20191030,107.15,108.45,105.5,106.75,4393393
PFIZER,20191030,3904.9,3932.5,3853,3900.65,45508
PFOCUS,20191030,57.35,57.4,55,55.65,9337
PFS,20191030,13.35,13.7,13.3,13.55,406074
PGEL,20191030,41.75,44.5,41.1,42.2,129272
PGHH,20191030,12324.95,12774.9,11946,12355.25,12691
PGHL,20191030,4950,4975,4731.3,4756.5,26581
PGIL,20191030,156.05,158.3,153.1,153.7,759
PHILIPCARB,20191030,122.65,126.4,118.05,123.95,1928664
PHOENIXLTD,20191030,739,739,712.05,718.6,21096
PIDILITIND,20191030,1374,1374,1349.2,1365.2,532190
PIIND,20191030,1410,1420,1382.5,1400.7,171026
PILANIINVS,20191030,1897,1897,1831,1834.75,6329
PILITA,20191030,5.3,5.35,4.95,5.3,54594
PIONDIST,20191030,129.35,129.5,127.4,128.25,6820
PIONEEREMB,20191030,26.3,28.7,26.3,28.45,31847
PIRPHYTO,20191030,20.5,22.55,20.5,22.55,2111
PITTIENG,20191030,41,42.2,40.75,41.55,31104
PKTEA,20191030,138.25,138.25,125.7,131,531
PLASTIBLEN,20191030,175.05,179.8,171.1,177.2,1589
PNB,20191030,61.9,64.15,61.85,63.7,23374034
PNBGILTS,20191030,28.5,28.75,28.05,28.45,96399
PNBHOUSING,20191030,520.8,526,503.25,512.25,592956
PNC,20191030,14,14.05,12.75,14,1703
PNCINFRA,20191030,171.85,174.5,167.45,172.85,66540
PODDARHOUS,20191030,375,375,361,361,1015
PODDARMENT,20191030,171.95,176.75,170.45,174,900
POKARNA,20191030,166.95,179.25,166.95,178,102553
POLYCAB,20191030,826,888.8,826,869.05,689516
POLYMED,20191030,214.8,214.8,200.25,205.05,3339
POLYPLEX,20191030,480.5,485,471.05,481.5,31454
PONNIERODE,20191030,107.05,111.9,107.05,107.7,191
POWERGRID,20191030,203.85,203.85,199.3,199.95,3610721
POWERMECH,20191030,714.05,744.95,705.55,712.8,10210
PPAP,20191030,173,185.2,173,181.65,20022
PPL,20191030,68,71,68,68.5,16089
PRABHAT,20191030,83.1,85.15,83.1,84.8,83089
PRADIP,20191030,0.5,0.6,0.5,0.6,1332
PRAENG,20191030,7.1,7.3,7.1,7.1,6952
PRAJIND,20191030,105.2,108.7,105,106.5,1612218
PRAKASH,20191030,47.8,48.5,46.1,46.65,168351
PRAKASHSTL,20191030,0.25,0.25,0.2,0.2,24412
PRAXIS,20191030,65,69.9,64.4,64.5,10853
PRECAM,20191030,30.95,32,30.35,31.45,20277
PRECOT,20191030,24.6,25,24.05,24.4,1602
PRECWIRE,20191030,173.2,189.8,173,185.55,17879
PREMEXPLN,20191030,172.15,172.15,167,169.3,8199
PREMIER,20191030,2.6,2.6,2.6,2.6,3258
PREMIERPOL,20191030,18.25,20.85,17.75,20.65,2949
PRESSMN,20191030,19.95,20.65,19.8,20.25,16772
PRESTIGE,20191030,301.4,307.6,289,293.2,152200
PRICOLLTD,20191030,32.75,33.55,32.35,33,163036
PRIMESECU,20191030,43.3,46,42.05,45.15,22254
PROSEED,20191030,0.25,0.35,0.25,0.3,22018
PROVOGE,20191030,1.25,1.25,1.15,1.15,248182
PROZONINTU,20191030,18.5,19.95,18.5,19.95,38336
PRSMJOHNSN,20191030,75.6,77.45,75.4,76.25,101263
PSB,20191030,18.5,19.25,18.2,19.1,117789
PSL,20191030,0.55,0.6,0.55,0.55,7569
PSPPROJECT,20191030,560,560,543.1,544.75,13521
PSUBNKBEES,20191030,258.12,267.02,257,265.04,10006
PTC,20191030,58,59,57.8,58.65,714478
PTL,20191030,37.9,37.9,36.7,37.15,21401
PUNJABCHEM,20191030,553.1,555,528,530.9,1677
PURVA,20191030,62.5,64.55,61.1,63.55,137422
PVR,20191030,1780,1804.1,1762.15,1799.25,515251
QGOLDHALF,20191030,1675,1678,1672,1676.55,397
QNIFTY,20191030,1206,1216,1206,1215.5,19
QUESS,20191030,471.4,475.5,469.05,474.05,170560
QUICKHEAL,20191030,125.4,131.8,124.5,129.2,184759
RADICO,20191030,323.5,323.5,310.4,311.65,231336
RADIOCITY,20191030,30.6,30.6,29.95,30.25,40954
RAIN,20191030,96.8,99,95.1,97.55,1018848
RAJESHEXPO,20191030,676.9,682.95,674,674.2,412379
RAJSREESUG,20191030,16.85,17,16.6,16.65,1895
RAJTV,20191030,43.45,45.3,42.5,43.7,2594
RALLIS,20191030,166,167.15,163.1,164.05,134001
RAMANEWS,20191030,16.2,16.6,15.5,15.6,12215
RAMASTEEL,20191030,49.6,50.5,49.5,49.8,1714
RAMCOCEM,20191030,755,796.5,747.5,776.05,1473994
RAMCOIND,20191030,182.65,196.3,178.65,186.8,69587
RAMCOSYS,20191030,163,169,160.2,163.2,19371
RAMKY,20191030,48,49.9,48,49.25,39589
RANASUG,20191030,2.2,2.35,2.2,2.3,143496
RANEENGINE,20191030,230,235,210,214.7,31692
RANEHOLDIN,20191030,868.15,917.8,867,910.75,3099
RATNAMANI,20191030,905.05,946,897,932.5,18825
RAYMOND,20191030,579.95,592,575.05,579.65,341513
RBL,20191030,510,534,498,516.75,22309
RBLBANK,20191030,276.4,291,273.2,288.45,14528128
RCF,20191030,59,60.1,56.5,56.75,4378907
RCOM,20191030,0.7,0.7,0.65,0.7,5187355
RECLTD,20191030,136.45,140.5,134.65,137.4,7380449
REDINGTON,20191030,117.9,120,115.55,116.4,81256
REFEX,20191030,46.1,46.1,46.1,46.1,7975
REGENCERAM,20191030,1.65,1.65,1.65,1.65,100
RELAXO,20191030,543.7,553.6,534.05,538.15,124620
RELCAPITAL,20191030,18.4,18.4,18.4,18.4,706661
RELIANCE,20191030,1480,1484.55,1460.3,1479.1,7470723
RELIGARE,20191030,49.9,49.9,47.55,48.45,117214
RELINFRA,20191030,33.35,33.35,33.35,33.35,200692
REMSONSIND,20191030,89.2,90,86.55,86.6,7664
RENUKA,20191030,7.25,7.35,7.15,7.2,265964
REPCOHOME,20191030,286.25,287.2,281.25,282.85,41411
REPRO,20191030,615,628.9,601,607.7,4991
RESPONIND,20191030,92.75,94.75,92.25,93.45,67818
REVATHI,20191030,363.45,370,363,370,176
RGL,20191030,248.9,250.05,245.05,249.2,3813
RHFL,20191030,4.6,4.6,4.6,4.6,31914
RICOAUTO,20191030,45.55,47.75,44.8,46.75,699203
RIIL,20191030,269,283.7,269,278.6,832045
RITES,20191030,278,287.7,275,285.7,752745
RKDL,20191030,5.75,6.1,5.75,6,6661
RKFORGE,20191030,280,298.7,275.25,286.75,67892
RMCL,20191030,4.5,4.5,4.2,4.2,11001
RML,20191030,269.65,286.95,266,273.55,11826
RNAM,20191030,324,359.4,322.5,353.8,6169884
RNAVAL,20191030,3.3,3.3,3.3,3.3,140504
ROHITFERRO,20191030,0.5,0.5,0.45,0.45,1415
ROHLTD,20191030,79.85,81.45,79.05,80.6,18522
ROLLT,20191030,1.85,1.95,1.85,1.95,1590
ROLTA,20191030,5.1,5.25,4.85,4.9,243986
ROSSELLIND,20191030,55.35,59,55.35,58,5282
RPGLIFE,20191030,209.05,218.05,209,212.1,30719
RPOWER,20191030,3.45,3.5,3.25,3.3,11828689
RPPINFRA,20191030,93,97.4,93,95.25,5993
RSSOFTWARE,20191030,21.7,24.25,21.2,23.6,127449
RSWM,20191030,105,106.05,104,105,192857
RSYSTEMS,20191030,44.8,45.45,43.6,45.1,13417
RTNINFRA,20191030,1.35,1.35,1.3,1.3,569137
RTNPOWER,20191030,1.5,1.5,1.5,1.5,241583
RUBYMILLS,20191030,166.5,177.65,166.5,172.35,789
RUCHINFRA,20191030,1.9,1.95,1.85,1.85,1056
RUCHIRA,20191030,82.15,83.7,81.45,82.35,14646
RUCHISOYA,20191030,3.85,3.9,3.7,3.75,1588342
RUPA,20191030,181.2,182.25,179,180.1,21861
RUSHIL,20191030,103.4,103.4,95.65,95.65,31710
RVNL,20191030,23.9,24.3,23.75,23.85,5249358
SABTN,20191030,1.7,1.75,1.65,1.65,8026
SADBHAV,20191030,139.9,140.4,137.1,138.5,19963
SADBHIN,20191030,46.4,46.4,41.5,42.1,7445
SAFARI,20191030,570,576.7,557,562.1,2659
SAGARDEEP,20191030,57.2,57.2,53,53.2,20137
SAGCEM,20191030,598.95,625,572,580.1,5970
SAIL,20191030,37.15,37.65,36.7,37.35,26512896
SAKAR,20191030,51.5,51.65,51.4,51.55,14065
SAKHTISUG,20191030,8,8.3,7.7,7.95,8372
SAKSOFT,20191030,231.9,232,229,230.4,6619
SAKUMA,20191030,7,7.15,6.85,7.1,196990
SALASAR,20191030,104.7,104.7,101,102.9,18238
SALONA,20191030,66.5,70.85,66.5,66.95,30
SALSTEEL,20191030,2.5,2.55,2.5,2.5,9065
SALZERELEC,20191030,120.5,123,120.05,121.4,3417
SAMBHAAV,20191030,2.5,2.6,2.4,2.5,10931
SANCO,20191030,15.7,16.2,15.5,16,119925
SANDESH,20191030,609.95,609.95,590.4,594.15,150
SANDHAR,20191030,252,255,239,244.1,16452
SANGAMIND,20191030,42.95,42.95,39.5,40.65,1145
SANGHIIND,20191030,47.25,48,45.85,46.05,168909
SANGHVIFOR,20191030,30.95,30.95,30.95,30.95,3
SANGHVIMOV,20191030,80.9,81.1,76.95,78.8,28537
SANGINITA,20191030,133,137.95,130.3,136.95,62724
SANOFI,20191030,6699,6898,6566,6605.95,18260
SANWARIA,20191030,1.75,1.8,1.75,1.8,4013820
SARDAEN,20191030,166.2,177.1,165.7,170.9,62981
SAREGAMA,20191030,344,353.6,342.2,349.8,7727
SARLAPOLY,20191030,21.15,21.75,20.95,21.15,75493
SASKEN,20191030,600,601.05,584,589.95,4267
SASTASUNDR,20191030,94,94,88.05,91,6272
SATHAISPAT,20191030,3.05,3.35,3.05,3.05,51569
SATIA,20191030,78.95,79.65,76.05,77.6,30078
SATIN,20191030,227.25,234.8,222,225.35,74270
SBIETFQLTY,20191030,103.7,103.7,101,101.69,2437
SBILIFE,20191030,1016,1030,976.1,999.8,7610404
SBIN,20191030,283,291,279.25,289.9,51469048
SCAPDVR,20191030,0.45,0.45,0.45,0.45,1001
SCHAEFFLER,20191030,4035,4199.95,4031.1,4152.65,2199
SCHAND,20191030,61.15,62.5,60,60.45,6531
SCHNEIDER,20191030,73.45,76.5,72.25,75.55,107274
SCI,20191030,62.25,64,61.1,61.7,12890457
SDBL,20191030,114.85,114.85,111,112.6,9127
SEAMECLTD,20191030,382.95,385,374.9,376.9,1132
SELAN,20191030,140.15,142.9,137.7,140.05,31109
SELMCL,20191030,0.7,0.75,0.65,0.65,172141
SEPOWER,20191030,2.6,3.05,2.6,2.85,10438
SEQUENT,20191030,75.7,77.5,74.8,76,129562
SESHAPAPER,20191030,186.05,186.6,184.55,185.6,2526
SETCO,20191030,15.15,15.6,15.05,15.1,107811
SETF10GILT,20191030,183,187.25,183,187.25,63
SETFGOLD,20191030,3471.95,3471.95,3425,3431.2,1709
SETFNIF50,20191030,121.18,122.1,120.55,121.84,135422
SETFNIFBK,20191030,302,304.9,300,302.7,48898
SETFNN50,20191030,285.1,296.01,285,295.89,11528
SETUINFRA,20191030,1.55,1.55,1.45,1.45,46318
SEYAIND,20191030,219,220,216,219.8,5784
SFL,20191030,1265,1290,1222.6,1247.65,4843
SGL,20191030,7.95,7.95,7,7.6,2209
SHAHALLOYS,20191030,8.75,8.75,8.25,8.55,1344
SHAKTIPUMP,20191030,260.8,268.3,256,257.75,34561
SHALBY,20191030,96,106.85,96,103.95,155486
SHALPAINTS,20191030,87,93,87,91.95,61925
SHANKARA,20191030,330.05,338,325,327.25,54845
SHANTIGEAR,20191030,98.25,101.9,96.2,98.6,72638
SHARDACROP,20191030,278,282,273.4,275.75,8444
SHARDAMOTR,20191030,1170,1207.95,1170,1185.35,2881
SHARIABEES,20191030,256.06,264.99,256.06,258.18,62
SHEMAROO,20191030,184.75,184.75,177.4,182.6,9073
SHILPAMED,20191030,267,275.9,267,274.55,21303
SHIRPUR-G,20191030,7.85,8.3,7.85,7.85,51056
SHIVAMAUTO,20191030,23.1,23.8,22.5,23.15,28378
SHIVAMILLS,20191030,35,43.1,33.1,37.95,41838
SHIVATEX,20191030,134,137.9,123.6,129.8,5271
SHK,20191030,121.9,129.4,121.9,126.15,69178
SHOPERSTOP,20191030,370,372.8,364.15,365.8,7569
SHREDIGCEM,20191030,23.65,24.2,22.6,23,987724
SHREECEM,20191030,20600,20600,20070,20246.95,20701
SHREEPUSHK,20191030,96.5,99.65,92.55,97.65,36462
SHREERAMA,20191030,3.35,3.45,3.2,3.2,32239
SHRENIK,20191030,59.7,60.2,57.9,59.05,70705
SHREYANIND,20191030,122.1,126.1,122.1,124.05,9894
SHREYAS,20191030,80.55,80.6,78.5,79.35,2884
SHRIPISTON,20191030,735,740,715.05,740,165
SHRIRAMCIT,20191030,1338.2,1348.6,1320.3,1325.8,3578
SHRIRAMEPC,20191030,8.65,9,8.5,8.5,189704
SHYAMCENT,20191030,2.85,2.9,2.8,2.9,6294
SICAGEN,20191030,15.2,16.3,15.2,16.2,6158
SICAL,20191030,17,18.35,16.9,17.8,168727
SIEMENS,20191030,1654.65,1671,1641.55,1651.3,319316
SIGIND,20191030,22.5,23,22.5,22.95,4996
SIL,20191030,11.25,11.85,10.75,11.3,10609
SILINV,20191030,150,150.95,137,143.05,6022
SIMBHALS,20191030,6.2,6.5,6.2,6.25,10240
SIMPLEXINF,20191030,57.4,58,54.95,55.25,70683
SINTEX,20191030,0.9,0.9,0.9,0.9,875753
SIRCA,20191030,182.45,183.75,165.25,167.3,10019
SIS,20191030,941,950,918.25,922.6,8222
SITINET,20191030,1.6,1.65,1.55,1.55,776804
SIYSIL,20191030,237,241.35,231.8,240.1,12515
SJVN,20191030,25,25,24.75,24.85,1206426
SKFINDIA,20191030,2220,2238.8,2161.55,2177.1,146029
SKIL,20191030,4.2,4.4,4,4.3,9563
SKIPPER,20191030,56.8,59.8,56.05,59.1,93014
SKMEGGPROD,20191030,39.05,40.85,38.7,39.65,19212
SMARTLINK,20191030,87.35,88.5,85.5,85.75,2364
SMLISUZU,20191030,585,590,580.05,582.85,6356
SMSLIFE,20191030,264,264,245.25,246.85,2781
SMSPHARMA,20191030,41,42.5,41,41.35,80093
SNOWMAN,20191030,37.35,40,37.25,39.2,455803
SOBHA,20191030,436,436,424,425.85,139883
SOLARA,20191030,430.55,432,425,426.4,8124
SOLARINDS,20191030,1090,1090,1064,1069.2,15700
SOMANYCERA,20191030,188.4,190.7,185.65,186.4,13162
SOMATEX,20191030,2.7,2.9,2.7,2.75,6046
SOMICONVEY,20191030,12.5,12.85,11.35,12.45,9598
SONATSOFTW,20191030,320.25,322,315,316.15,83129
SORILINFRA,20191030,87.6,87.6,81,86.85,62961
SOTL,20191030,910,935.95,910,924.05,1726
SOUTHBANK,20191030,10.35,10.55,10.3,10.5,4160890
SOUTHWEST,20191030,16.2,18.3,15.5,17.75,30581
SPAL,20191030,203.9,204.15,195.6,200.2,13842
SPANDANA,20191030,1075,1111,1067.95,1090.1,65396
SPARC,20191030,129.45,143.75,127,141.55,2792131
SPCENET,20191030,1.05,1.15,1.05,1.1,14692
SPECIALITY,20191030,74.35,75,72.3,74.15,21847
SPENCERS,20191030,76.55,77.8,73.7,74.35,342601
SPENTEX,20191030,0.35,0.4,0.3,0.35,2850
SPIC,20191030,20,20.6,19.5,20.2,108088
SPICEJET,20191030,116.6,117.2,113,113.95,1372577
SPLIL,20191030,32.7,32.7,29.3,31.2,23684
SPMLINFRA,20191030,9.35,9.35,9.35,9.35,41930
SPTL,20191030,1.7,1.7,1.7,1.7,423789
SPYL,20191030,0.3,0.3,0.25,0.25,61687
SREEL,20191030,174.45,177.65,170,173.3,3760
SREINFRA,20191030,8.75,9.5,8.5,9.5,1201154
SRF,20191030,2808.5,2814.95,2715,2796.15,855803
SRHHYPOLTD,20191030,104.35,104.35,101.55,101.55,1849
SRIPIPES,20191030,178.85,186.3,176.5,184.85,97955
SRTRANSFIN,20191030,1154.1,1189.5,1130,1155.3,1791810
SSWL,20191030,773,775.9,765.7,772.85,9570
STAMPEDE,20191030,0.6,0.7,0.6,0.65,39915
STAR,20191030,381.45,395.8,375.05,390.8,1597964
STARCEMENT,20191030,97.05,97.45,94.5,95.4,180229
STARPAPER,20191030,108.85,110.5,103.6,105,100229
STCINDIA,20191030,63,63.95,62.35,63.35,88565
STEELCITY,20191030,33.95,33.95,29.2,31.9,3024
STEELXIND,20191030,10.8,11.3,10.2,10.8,4701
STEL,20191030,68.2,70.6,68.2,70.35,8404
STERTOOLS,20191030,156.35,179.4,151.95,176.85,56032
STINDIA,20191030,6.05,6.05,6.05,6.05,10
STRTECH,20191030,132.3,136.35,131.8,132.9,1382491
SUBEX,20191030,5.1,5.3,5.1,5.1,214766
SUBROS,20191030,258.8,258.8,247.9,252.7,34877
SUDARSCHEM,20191030,415.8,423.25,404.05,406.8,126917
SUJANAUNI,20191030,0.15,0.2,0.1,0.15,226416
SUMEETINDS,20191030,1.75,1.75,1.65,1.7,31701
SUMIT,20191030,20.85,22,20.7,20.7,1727
SUMMITSEC,20191030,484,484,450,458.1,3659
SUNCLAYLTD,20191030,2041,2062.45,2020,2029.55,488
SUNDARAM,20191030,1.4,1.5,1.4,1.45,126991
SUNDARMFIN,20191030,1621,1630,1610,1618.35,6865
SUNDARMHLD,20191030,71.6,73,68.7,69.2,67987
SUNDRMBRAK,20191030,248,251.85,245,248.3,3573
SUNDRMFAST,20191030,495.9,497.3,490,490.25,75841
SUNFLAG,20191030,25,25.7,24.7,24.85,122307
SUNPHARMA,20191030,426.95,432.55,418.1,429.65,3511610
SUNTECK,20191030,415,417,404,412.55,108195
SUNTV,20191030,530,535.3,517.05,519.15,1150048
SUPERHOUSE,20191030,84.55,91,84.55,89.6,12751
SUPERSPIN,20191030,4,4.05,3.75,3.75,15141
SUPPETRO,20191030,178.95,179.05,172.4,178.25,10586
SUPRAJIT,20191030,187,193,181.5,188.85,20565
SUPREMEIND,20191030,1182.7,1188.05,1158.05,1165.05,136789
SURANASOL,20191030,6,6.25,5.9,6,34894
SURANAT&P,20191030,3.65,3.65,3.4,3.5,15025
SURYALAXMI,20191030,17.05,17.85,16.6,16.9,4722
SURYAROSNI,20191030,172.65,185,172.65,182.6,166279
SUTLEJTEX,20191030,28.55,29.75,28.05,28.65,5797
SUVEN,20191030,301,302,282.3,285.25,262123
SUZLON,20191030,2.65,2.85,2.6,2.65,15725475
SWANENERGY,20191030,103.9,105,103.25,104.4,94692
SWARAJENG,20191030,1149.95,1154.9,1138.1,1143,3343
SWELECTES,20191030,121.8,121.9,117,118.95,30639
SWSOLAR,20191030,593.9,595,588.1,593.45,64208
SYMPHONY,20191030,1242.05,1287.4,1242.05,1278.5,8379
SYNCOM,20191030,0.9,0.9,0.8,0.8,16001
SYNDIBANK,20191030,25.5,29.2,25.4,28.25,2624341
SYNGENE,20191030,328.1,331.5,328.1,330.15,55902
TAINWALCHM,20191030,52.2,52.2,48.55,49.8,802
TAJGVK,20191030,162,167.9,161.85,164.55,18464
TAKE,20191030,112,114.2,111.4,112.85,80437
TALBROAUTO,20191030,113.5,131.55,110.15,123.75,40907
TALWALKARS,20191030,3.75,3.75,3.75,3.75,15938
TALWGYM,20191030,4.45,4.45,4.1,4.35,67784
TANLA,20191030,48.6,48.6,45.8,46.1,177044
TANTIACONS,20191030,1.05,1.05,1.05,1.05,50
TARAPUR,20191030,5,5,4.7,4.7,54
TARMAT,20191030,26.7,26.75,24.7,25.05,3694
TASTYBITE,20191030,9852.25,10089,9852.25,10001.4,735
TATACHEM,20191030,633,636.7,607.1,614.3,1734604
TATACOFFEE,20191030,82.4,85.7,81.6,83.5,829885
TATACOMM,20191030,354.6,358,346,355.8,35514
TATAELXSI,20191030,803.9,827.7,801,823.15,1248559
TATAGLOBAL,20191030,288,295,284.7,291.75,5628792
TATAINVEST,20191030,843,848,835.05,836.65,14200
TATAMETALI,20191030,565,585,552.2,579.25,149372
TATAMOTORS,20191030,175,175.65,166.55,171.9,90759545
TATAMTRDVR,20191030,80,81.25,76.95,80,14785450
TATAPOWER,20191030,58.7,59,58.25,58.6,4477801
TATASTEEL,20191030,389.9,393.7,384.3,388,14371442
TATASTLBSL,20191030,24.6,24.6,24,24.2,1060827
TATASTLLP,20191030,409.25,413,401,402.3,18642
TBZ,20191030,43.55,45.85,41.9,43.3,207493
TCI,20191030,288.45,310,280,297.25,45290
TCIDEVELOP,20191030,349,357.7,337.6,349,519
TCIEXP,20191030,760,786.7,752.1,777.2,56150
TCIFINANCE,20191030,9.7,9.7,9.1,9.2,5590
TCNSBRANDS,20191030,718.55,750,718.5,734.5,4873
TCPLPACK,20191030,262,281.5,256.2,273.3,1663
TCS,20191030,2225,2260,2176.85,2252.8,5195136
TDPOWERSYS,20191030,145.15,148.3,139.15,144.25,9722
TEAMLEASE,20191030,2848,2900,2830,2884.75,5503
TECHIN,20191030,3.5,3.5,3.5,3.5,211
TECHM,20191030,762,764.8,745.55,754.4,2232609
TECHNOE,20191030,263,269.95,263,268,6040
TECHNOFAB,20191030,30.85,30.85,30.85,30.85,575
TEJASNET,20191030,73.1,76.95,73,74.45,47893
TERASOFT,20191030,25.45,25.45,23.7,23.75,18112
TEXINFRA,20191030,44,45.9,43.15,44.3,63774
TEXMOPIPES,20191030,16,16.2,15.85,15.9,24686
TEXRAIL,20191030,45.05,46.1,44.35,44.7,152198
TFCILTD,20191030,79.6,80.9,78.4,79.35,33261
TFL,20191030,3.95,4.15,3.95,4,12563
TGBHOTELS,20191030,4.15,4.2,4,4.2,73439
THANGAMAYL,20191030,341,354,340,341.8,9223
THEINVEST,20191030,135.45,135.5,135,135,1109
THEMISMED,20191030,275,302,274.1,291,702
THERMAX,20191030,1120,1140,1105.45,1120.75,13790
THOMASCOOK,20191030,120.1,122.5,118.2,119.4,292109
THOMASCOTT,20191030,4.75,4.75,4.75,4.75,42
THYROCARE,20191030,538,558,538,549.15,18390
TI,20191030,13.3,14.1,13.3,13.65,22154
TIDEWATER,20191030,4675,4850,4675,4780.95,1379
TIIL,20191030,345,388,345,375.95,8971
TIINDIA,20191030,374.9,377,364.1,369.7,26654
TIJARIA,20191030,8.55,9.25,8.55,8.9,5129
TIL,20191030,207.05,208.9,201,203.5,3530
TIMESGTY,20191030,38,38,31.95,33.5,2873
TIMETECHNO,20191030,62,63.5,60.9,62.55,454754
TIMKEN,20191030,828,849,827.95,840.7,129672
TINPLATE,20191030,122,122.9,118.7,120.35,351160
TIPSINDLTD,20191030,75,75,68.65,71.6,3627
TIRUMALCHM,20191030,72.65,76.55,71,75.85,705229
TITAN,20191030,1347,1347,1312,1316.15,1681593
TMRVL,20191030,13.85,14.4,13.85,14.4,6327
TNPETRO,20191030,37.4,37.4,36,36.2,89438
TNPL,20191030,192.95,193.7,189.05,189.75,40978
TNTELE,20191030,1.35,1.35,1.3,1.3,1216
TOKYOPLAST,20191030,88.8,93,82.2,84.15,321517
TORNTPHARM,20191030,1792,1809.85,1752.5,1765.4,197325
TORNTPOWER,20191030,280.15,282.75,278.15,279.55,619648
TPLPLASTEH,20191030,129.55,132,126,130.2,1018
TREEHOUSE,20191030,6,6.05,5.75,5.9,89866
TREJHARA,20191030,13.9,14.55,13.55,14.1,4948
TRENT,20191030,535,553,534.1,537.75,116461
TRF,20191030,111,114.95,108,112.8,63357
TRIDENT,20191030,60.35,62,59.8,61.2,570682
TRIGYN,20191030,46.25,48.75,45.7,47.1,65220
TRIL,20191030,7.7,7.85,7.5,7.5,198224
TRITURBINE,20191030,98.15,99.9,96.8,97.9,12108
TRIVENI,20191030,62.25,63.9,62.2,63.1,177736
TTKHLTCARE,20191030,474.2,509,465.55,492.25,2593
TTKPRESTIG,20191030,6200,6299.4,6175,6235.4,1711
TTL,20191030,42.15,44.45,42.05,44.25,5829
TTML,20191030,2.8,2.85,2.7,2.8,390212
TV18BRDCST,20191030,25,25.4,24.5,24.85,2091734
TVSELECT,20191030,124.4,124.4,117.2,119.8,7303
TVSMOTOR,20191030,478,500.8,474.05,494.85,2995598
TVSSRICHAK,20191030,1855,1855,1815.95,1849.85,1282
TVTODAY,20191030,340,345,333,343,95927
TVVISION,20191030,1.3,1.3,1.3,1.3,1600
TWL,20191030,41,43.15,40.55,42.25,1174269
UBL,20191030,1285.85,1285.85,1247.95,1265.55,1215626
UCALFUEL,20191030,131.85,134,126.55,127.9,20894
UCOBANK,20191030,12.15,13.25,11.8,12.9,1394483
UFLEX,20191030,203,208.4,201.55,205.7,39060
UFO,20191030,144.45,145.5,141.85,142.35,45919
UGARSUGAR,20191030,12.05,12.45,12.05,12.2,40411
UJAAS,20191030,3.3,3.4,3.2,3.25,284432
UJJIVAN,20191030,282,283.65,276.2,279.15,1454271
ULTRACEMCO,20191030,4170,4206.95,4101.25,4122.7,616338
UMANGDAIRY,20191030,38.05,40.3,37.1,39.55,4178
UMESLTD,20191030,0.95,0.95,0.95,0.95,293
UNICHEMLAB,20191030,190,190,187.05,189.75,20933
UNIENTER,20191030,69,70,68.2,69.85,3842
UNIONBANK,20191030,54.45,57.55,53.8,57.1,13854280
UNIPLY,20191030,46.7,46.7,43.3,44.4,88633
UNITECH,20191030,0.55,0.6,0.5,0.5,10017198
UNITEDBNK,20191030,7.65,8.9,7.6,8.9,4205611
UNITEDTEA,20191030,275,275,262.15,265.1,193
UNIVCABLES,20191030,164,166.8,161.1,162.65,17082
UPL,20191030,599.8,599.8,580.1,584.15,2393149
URJA,20191030,1.65,1.65,1.55,1.55,1122241
USHAMART,20191030,28.6,28.65,28.1,28.2,161890
UTINEXT50,20191030,283.7,292,283,291.8,1431
UTINIFTETF,20191030,1242.61,1254.95,1242.61,1248.7,111
UTISENSETF,20191030,413.7,429,410,424.78,1278
UTTAMSTL,20191030,6.15,6.4,6.15,6.2,21458
UTTAMSUGAR,20191030,96.65,101.55,96,100.15,161595
UVSL,20191030,0.05,0.1,0.05,0.1,1398763
V2RETAIL,20191030,117.2,119.7,112.35,113.7,74174
VADILALIND,20191030,809,810,783.35,787.55,9996
VAIBHAVGBL,20191030,820,830,807,816.5,2340
VAKRANGEE,20191030,34.7,34.8,34.1,34.55,4362995
VARDHACRLC,20191030,36.4,37.5,36.2,36.65,1167
VARDMNPOLY,20191030,1.8,1.8,1.75,1.8,6502
VARROC,20191030,497.7,508.1,490.05,498.9,27018
VASCONEQ,20191030,13.8,14,13.4,13.55,77792
VASWANI,20191030,5.45,5.45,4.75,5.4,3392
VBL,20191030,613.1,635,613.1,618.85,115384
VEDL,20191030,151.45,151.6,149.35,150.1,14348160
VENKEYS,20191030,1755,1814.5,1755,1770.2,139118
VENUSREM,20191030,26.5,27.8,26,26,8408
VESUVIUS,20191030,1025.15,1035,1005.15,1012.1,3189
VETO,20191030,51.1,51.8,49.15,50.15,6756
VGUARD,20191030,234.7,251,234.7,249.45,665599
VHL,20191030,1529.95,1595,1450.05,1486.15,303
VICEROY,20191030,1.35,1.4,1.3,1.4,23690
VIDHIING,20191030,65.9,67.95,60.7,64.05,102081
VIJIFIN,20191030,0.5,0.5,0.4,0.4,34603
VIKASECO,20191030,2.9,2.9,2.8,2.9,125545
VIKASMCORP,20191030,3.85,3.95,3.75,3.85,775117
VIKASPROP,20191030,3.85,3.85,3.85,3.85,65344
VIKASWSP,20191030,10.2,10.45,10.05,10.2,182743
VIMALOIL,20191030,5.65,5.65,5.65,5.65,501
VIMTALABS,20191030,112,124,111.1,118.85,36759
VINATIORGA,20191030,2152.9,2232,2139,2173.8,39707
VINDHYATEL,20191030,899.75,912.95,891.1,899.8,3282
VINYLINDIA,20191030,65.85,66.8,63.5,64.05,9747
VIPCLOTHNG,20191030,7.9,7.9,7.3,7.35,87799
VIPIND,20191030,487.9,487.95,474,476.55,145725
VIPULLTD,20191030,27.5,28.9,27.4,28.1,86556
VISAKAIND,20191030,287,296.75,287,293.45,27577
VISASTEEL,20191030,5.65,5.95,5.35,5.9,104557
VISESHINFO,20191030,0.1,0.1,0.05,0.05,2362798
VISHAL,20191030,334,338.05,329,329,18322
VISHNU,20191030,133.2,140,133.05,136.8,17213
VISHWARAJ,20191030,63,63,61,62.9,4183
VIVIDHA,20191030,0.15,0.15,0.15,0.15,5500
VIVIMEDLAB,20191030,14.25,15.9,13.65,14.7,172479
VLSFINANCE,20191030,55.45,55.45,53.4,53.75,17261
VMART,20191030,1960,1988,1950,1951.95,10496
VOLTAMP,20191030,1174.4,1174.4,1140.4,1153.05,3448
VOLTAS,20191030,720,722,705.8,712.95,665826
VRLLOG,20191030,265.2,269.65,265.1,265.75,12140
VSSL,20191030,68,69.5,62.55,64.45,17511
VSTIND,20191030,3771,3842.95,3771,3822.05,6424
VSTTILLERS,20191030,1262.8,1358.25,1261.15,1291.4,5806
VTL,20191030,910.5,911.9,890,901.75,8041
WABAG,20191030,195.5,206.7,193.25,200.8,199949
WABCOINDIA,20191030,6125,6245,6125,6213.75,3155
WALCHANNAG,20191030,65.7,68.85,63.6,67.1,741549
WANBURY,20191030,11.65,12.75,11.65,12.75,577
WATERBASE,20191030,108.7,111,105,108.05,85837
WEBELSOLAR,20191030,21,21.4,20.2,21.2,46755
WEIZFOREX,20191030,272,276.05,267,273.85,355
WEIZMANIND,20191030,23,23.35,22,22.1,1537
WELCORP,20191030,150,151.5,146.85,148.3,785246
WELENT,20191030,93.6,95.6,90.8,91.5,269028
WELINV,20191030,267,272.5,223,258.5,23532
WELSPUNIND,20191030,56.05,56.15,54.1,55.7,1411401
WENDT,20191030,3170,3240,3096,3101.45,781
WESTLIFE,20191030,355,358,347,347.95,20078
WHEELS,20191030,644.75,655,638,645.3,2622
WHIRLPOOL,20191030,2191,2197.3,2153,2157.5,17883
WILLAMAGOR,20191030,16.6,16.65,15.5,15.85,1648
WINDMACHIN,20191030,19.95,21.75,19.95,21.7,32111
WIPL,20191030,58.5,58.5,56,56,450
WIPRO,20191030,258,260.9,253.4,254.75,4059545
WOCKPHARMA,20191030,273.9,286,270.9,275.5,1263249
WONDERLA,20191030,279.85,288.3,270.25,272.35,101148
WSI,20191030,0.9,0.95,0.85,0.9,104162
WSTCSTPAPR,20191030,244,244.4,239,242.7,141447
XCHANGING,20191030,53.5,54.35,53.05,53.6,3277
XELPMOC,20191030,65.85,65.85,63.5,64.9,609
XLENERGY,20191030,0.45,0.45,0.35,0.4,33474
XPROINDIA,20191030,24.7,24.7,23.55,24.35,310
YESBANK,20191030,59.1,59.45,56,56.8,256297926
ZEEL,20191030,240,245.9,234,235.15,15183348
ZEELEARN,20191030,22.95,22.95,21,21.15,84179
ZEEMEDIA,20191030,4.95,5.15,4.95,4.95,4126228
ZENITHBIR,20191030,0.7,0.75,0.65,0.7,56292
ZENITHEXPO,20191030,37.6,41,37.6,39.4,78
ZENSARTECH,20191030,186,188.25,186,187.05,32467
ZENTEC,20191030,60.1,63.25,58.8,61.05,39940
ZICOM,20191030,1.1,1.1,1.05,1.05,6430
ZODIACLOTH,20191030,196.05,207.5,185.55,189.2,4243
ZODJRDMKJ,20191030,29.45,31.65,29.3,29.55,1024
ZOTA,20191030,189.1,189.9,185.05,185.1,22405
ZUARI,20191030,95,99.9,95,98,38421
ZUARIGLOB,20191030,62.35,63.75,61.2,61.65,38717
ZYDUSWELL,20191030,1731.05,1773,1705,1719.15,22751
NSENIFTY,20191030,11883.90,11883.95,11784.45,11844.10,725219760,0
NIFTYJUNIOR,20191030,28557.60,28738.60,28491.60,28636.40,550442771,0
NIFTYMIDCAPLIQ15,20191030,3889.35,3917.55,3871.05,3896.45,57898756,0
NSE100,20191030,12033.40,12038.10,11943.10,12002.95,1290447981,0
NIFTY200,20191030,6127.20,6131.25,6083.20,6114.10,1649094804,0
NSE500,20191030,9666.60,9673.70,9602.10,9647.55,1919096114,0
NSEMIDCAP150,20191030,6121.20,6134.30,6097.25,6122.35,373039143,0
MIDCAP50,20191030,4562.40,4589.50,4543.95,4578.85,315790857,0
NSEMIDCAP,20191030,16563.40,16613.65,16487.00,16583.45,358646823,0
NIFTYSMALLCAP250,20191030,-,-,-,4756.85,-,0
NIFTYSMALLCAP50,20191030,-,-,-,2748.60,-,0
NSESMLCAP100,20191030,5737.60,5748.85,5721.25,5727.70,-,0
NIFTYLARGEMIDCAP250,20191030,-,-,-,5883.23,1663487124,0
NIFTYMIDSMALLCAP400,20191030,-,-,-,5634.10,-,0
NIFTYAUTO,20191030,8501.15,8501.15,8360.75,8428.90,143314181,0
BANKNIFTY,20191030,30005.70,30151.10,29753.00,29987.50,448802636,0
NIFTYFINSERVICE,20191030,13581.50,13619.40,13500.55,13539.80,210830486,0
NIFTYFMGC,20191030,32229.85,32385.95,32039.80,32274.10,50326074,0
NSEIT,20191030,15343.70,15419.65,15212.75,15395.65,41161977,0
NIFTYMEDIA,20191030,1747.60,1757.40,1723.95,1728.90,51143622,0
NIFTYMETAL,20191030,2534.40,2534.40,2502.60,2514.25,104269436,0
NIFTYPHARMA,20191030,7871.40,7871.40,7771.75,7819.35,17770278,0
NIFTYPVTBANK,20191030,16670.95,16719.30,16516.20,16596.35,342661238,0
NIFTYPSUBANK,20191030,2341.00,2422.00,2326.35,2413.40,152156344,0
NIFTYREALTY,20191030,268.20,268.65,265.15,265.85,9468867,0
NIFTYCOMMODITIES,20191030,3432.85,3432.85,3406.55,3414.20,174337274,0
NIFTYCONSUMPTION,20191030,5167.50,5167.50,5131.90,5154.90,106610424,0
NIFTYCPSE,20191030,2062.60,2062.80,2041.00,2047.95,73994529,0
NIFTYENERGY,20191030,16486.70,16488.90,16287.40,16463.80,76593414,0
NIFTY100ESG,20191030,-,-,-,2202.24,1114831083,0
NIFTY100ENHESG,20191030,-,-,-,2230.79,1085292582,0
NIFTYINFRA,20191030,3315.05,3318.45,3296.80,3313.40,204660086,0
NIFTYMNC,20191030,14283.50,14283.50,14133.60,14167.35,328214253,0
NIFTYPSE,20191030,3439.30,3442.35,3408.80,3432.05,218235938,0
NIFTYSMEEMERGE,20191030,-,-,-,1368.88,626300,0
NIFTYSERVSECTOR,20191030,16411.65,16443.70,16299.75,16377.65,596591344,0
NIFTYSHARIAH25,20191030,-,-,-,4508.47,78578438,0
NIFTY50SHARIAH,20191030,-,-,-,2522.68,81209429,0
NIFTY500SHARIAH,20191030,-,-,-,3012.29,344463856,0
NIFTYABGROUP,20191030,-,-,-,2777.11,282149967,0
NIFTYMAHINDRA,20191030,-,-,-,10469.19,8616326,0
NIFTYTATA,20191030,-,-,-,7184.28,143594065,0
NIFTYTATA25CAP,20191030,-,-,-,4937.13,125799065,0
NIFTYABGROUP,20191030,-,-,-,2777.11,282149967,0
NIFTYLIQ15,20191030,3694.40,3694.40,3644.85,3672.95,534700926,0
NIFTY500VALUE50,20191030,-,-,-,3652.10,408905966,0
NIFTYALPHALOWVOL30,20191030,-,-,-,12151.45,152319488,0
NIFTYQUALLOWVOL30,20191030,-,-,-,8668.18,118800856,0
NIFTYALPHAQUALLOWVOL30,20191030,-,-,-,9861.49,128391175,0
NIFTYALPHAQUALVALLOWVOL30,20191030,-,-,-,7464.65,147098809,0
NIFTY50EQUALWEIGHT,20191030,12325.90,12325.95,12205.00,12241.10,725219760,0
NIFTY100EQUALWEIGHT,20191030,13344.55,13355.90,13246.75,13316.55,1290447981,0
NIFTY100LOWVOL30,20191030,9162.35,9162.40,9085.40,9110.60,129783753,0
NSEDEFTY,20191030,-,-,-,5788.30,-,0
NIFTY50DIVPOINT,20191030,117.08,117.08,117.08,117.08,-,0
NIFTYDIVOPPS50,20191030,2616.25,2620.40,2598.45,2612.55,380476745,0
NIFTYALPHA50,20191030,12753.95,12768.60,12679.45,12698.40,138903019,0
NIFTY50ARBITRAGE,20191030,-,-,-,1868.27,-,0
NIFTY50FUTINDEX,20191030,-,-,-,4020.71,-,0
NIFTY50FUTTRINDEX,20191030,-,-,-,11939.53,-,0
NIFTYHIGHBETA50,20191030,-,-,-,1302.33,1056036781,0
NIFTYLOWVOL50,20191030,-,-,-,10650.03,146382580,0
NIFTY200QUALITY30,20191030,-,-,-,10090.85,-,0
NIFTY50VALUE20,20191030,5527.40,5527.50,5468.80,5517.90,397579299,0
NIFTYGROWSECT15,20191030,6290.50,6294.45,6250.65,6261.60,88164658,0
NIFTY50TR2XLEV,20191030,6614.75,6614.75,6505.60,6570.80,-,0
NIFTY50PR2XLEV,20191030,5089.25,5089.25,5005.25,5055.40,-,0
NIFTY50TR1XINV,20191030,342.95,345.85,342.95,344.10,-,0
NIFTY50PR1XINV,20191030,390.95,394.25,390.95,392.25,-,0
NIFTY-GS-COMPSITE,20191030,2042.82,2045.25,2042.82,2044.68,-,0
NIFTY-GS-4-8YR,20191030,2130.56,2132.82,2130.56,2132.00,-,0
NIFTY-GS-8-13YR,20191030,2008.63,2011.15,2008.63,2010.72,-,0
NIFTY-GS-10YR,20191030,1856.33,1859.26,1856.33,1858.08,-,0
NIFTY-GS-10YR-CLN,20191030,948.32,949.85,948.32,949.24,-,0
NIFTY-GS-11-15YR,20191030,2127.59,2131.58,2127.49,2129.78,-,0
NIFTY-GS-15YRPLUS,20191030,2297.10,2297.17,2297.10,2295.91,-,0
VIX,20191030,16.42,16.85,16.25,16.66,0,0
