<ticker>,<date>,<open>,<high>,<low>,<close>,<volume>,<o/i>
20MICRONS,20191017,38,39,37.6,37.95,15825
21STCENMGM,20191017,12.65,12.65,12.65,12.65,10
3IINFOTECH,20191017,2.05,2.2,1.95,2.1,2457795
3MINDIA,20191017,20624,22991,20624,22882.1,18684
3PLAND,20191017,6.15,6.15,5.9,6.15,311
5PAISA,20191017,172.5,179,172.5,175.1,6092
63MOONS,20191017,115.55,116.7,113.35,114.9,61171
A2ZINFRA,20191017,10,10.45,9.75,10.15,198462
AARTIDRUGS,20191017,456.15,457.6,447.1,448.85,7574
AARTIIND,20191017,767.95,767.95,750.4,756.45,264886
AARVEEDEN,20191017,14.55,14.8,14,14.45,2525
AAVAS,20191017,1683.4,1700,1657.5,1693.3,9187
ABAN,20191017,24.5,24.95,24.1,24.65,34934
ABB,20191017,1521.8,1535,1507,1519.3,50738
ABBOTINDIA,20191017,10930.05,11000,10874.95,10984.05,9449
ABCAPITAL,20191017,78.25,78.4,75.5,76.4,2022274
ABFRL,20191017,197.9,205,193.3,203.5,467704
ABSLNN50ET,20191017,273.15,276.03,273.15,276.03,236
ACC,20191017,1525,1538.9,1507.2,1535.1,1074461
ACCELYA,20191017,819,828.8,810,822.9,983
ACE,20191017,78.25,79.65,77.2,78.45,147950
ADANIENT,20191017,159.8,165,157.65,162.55,6523046
ADANIGAS,20191017,146.2,153.55,146.05,148.8,1786496
ADANIGREEN,20191017,80.45,92.9,80.25,88.85,8398359
ADANIPORTS,20191017,409.1,411.2,404.6,409.15,2478950
ADANIPOWER,20191017,61.2,62.6,60.75,62.25,4935055
ADANITRANS,20191017,233.9,241.4,231,232.95,205961
ADFFOODS,20191017,255.65,262,255.65,260.05,12473
ADHUNIKIND,20191017,115.9,122.5,114.45,120.3,80055
ADLABS,20191017,2.1,2.1,2,2,69605
ADORWELD,20191017,306,306,296.8,299.3,1606
ADROITINFO,20191017,6.55,6.55,6.55,6.55,71
ADSL,20191017,13.1,14,13.1,13.2,9673
ADVANIHOTR,20191017,53.9,53.95,52,52.4,6686
ADVENZYMES,20191017,147.7,152.9,147,151.1,63277
AEGISCHEM,20191017,164.05,168.05,163.05,164.25,119711
AFFLE,20191017,1181.1,1197,1140,1151.15,87417
AGARIND,20191017,113.55,116.1,113.05,114.95,28839
AGCNET,20191017,109.1,114.4,109.1,109.35,112
AGLSL,20191017,49.95,50.1,48.1,49.15,968
AGRITECH,20191017,43.45,45.9,43.4,45.2,6305
AGROPHOS,20191017,110.25,110.7,110.2,110.6,273520
AHLEAST,20191017,184.25,189.6,179,180.2,626
AHLUCONT,20191017,276.95,276.95,269.25,270.3,1368
AHLWEST,20191017,276,285,276,280.05,452
AIAENG,20191017,1675.05,1736.7,1675.05,1721,7794
AIONJSW,20191017,10.2,10.25,9.85,10,14527
AIRAN,20191017,12.75,13.25,12.5,13,19581
AJANTPHARM,20191017,962.8,990,962.8,984.15,74811
AJMERA,20191017,114.9,115.5,113.45,114.9,18854
AKASH,20191017,58,61.9,58,58,271
AKSHARCHEM,20191017,198.15,201.9,198.1,200.45,1670
AKSHOPTFBR,20191017,7.25,7.3,6.95,7.05,158444
AKZOINDIA,20191017,1976,1976,1933.8,1946.45,4694
ALANKIT,20191017,19.2,19.6,18.8,19.35,344689
ALBERTDAVD,20191017,346.15,349.4,344.45,346.4,698
ALBK,20191017,24.45,25,23.45,24.8,1002222
ALCHEM,20191017,0.7,0.8,0.7,0.8,5882
ALEMBICLTD,20191017,46.1,47.5,45.3,46.9,47318
ALICON,20191017,345,349,338.1,348.25,1116
ALKALI,20191017,44.4,44.45,43.3,43.95,1765
ALKEM,20191017,1915.85,1926.8,1891.05,1918.85,12463
ALKYLAMINE,20191017,837.95,842,834,839,4140
ALLCARGO,20191017,99.1,100,98.15,99.55,64908
ALLSEC,20191017,271,280.8,268.6,274,298
ALMONDZ,20191017,8.45,9.1,8.35,9.1,634
ALOKTEXT,20191017,1.65,1.65,1.65,1.65,274846
ALPA,20191017,14.25,14.3,13.8,14.1,2913
ALPHAGEO,20191017,177,181.45,175.1,178.35,3499
ALPSINDUS,20191017,0.3,0.35,0.3,0.35,14919
AMARAJABAT,20191017,667.9,674,638.75,670.1,1452477
AMBER,20191017,916,947.75,905,909.9,275788
AMBIKCO,20191017,886.65,918,886.65,914.65,2479
AMBUJACEM,20191017,203,208.2,202.05,206.9,3304474
AMDIND,20191017,14.5,15.95,14.5,15.45,5437
AMJLAND,20191017,17.8,18,16.55,17.9,4419
AMRUTANJAN,20191017,354.25,360,348.35,354.25,17318
ANANTRAJ,20191017,28.8,29.55,28.65,29,85329
ANDHRABANK,20191017,15.95,16.25,15,16.05,341628
ANDHRACEMT,20191017,2.75,2.75,2.6,2.75,18537
ANDHRSUGAR,20191017,265.9,265.9,260,263.2,11275
ANIKINDS,20191017,6,6.4,5.3,5.35,34806
ANKITMETAL,20191017,0.4,0.45,0.4,0.45,1004
ANSALAPI,20191017,4.4,4.4,4.15,4.25,23663
ANSALHSG,20191017,4.6,4.7,4.35,4.45,33635
ANTGRAPHIC,20191017,0.7,0.75,0.7,0.75,11346
ANUP,20191017,450,468,448,458.95,8951
APARINDS,20191017,517,519,509.95,516.9,2516
APCL,20191017,142.2,146,142.2,142.7,644
APCOTEXIND,20191017,188.15,189,183,188.4,10877
APEX,20191017,227,232,222.65,225.5,40371
APLAPOLLO,20191017,1409,1418.95,1385,1408.25,175801
APLLTD,20191017,524.2,552.9,522.5,549.1,35149
APOLLO,20191017,69.45,72,65,70.6,19001
APOLLOHOSP,20191017,1489,1493,1470.65,1487.3,354752
APOLLOTYRE,20191017,177.35,182.5,175.1,181,1323156
APOLSINHOT,20191017,761,785,761,770.8,1012
APTECHT,20191017,156.9,169,156.25,163.5,712351
ARCHIDPLY,20191017,26.55,26.75,25.5,26.25,7333
ARCHIES,20191017,18.75,18.9,18.2,18.75,13944
ARCOTECH,20191017,1.5,1.5,1.5,1.5,8260
ARIES,20191017,61.95,63.35,59.2,63.05,26656
ARIHANT,20191017,17.9,17.9,17.25,17.75,126
ARIHANTSUP,20191017,22.85,25.25,22.85,25.25,92318
ARMANFIN,20191017,549.95,553.4,538,540,12526
AROGRANITE,20191017,40,41.4,39.2,40.4,4948
ARROWGREEN,20191017,56.7,56.9,53,53.05,2928
ARROWTEX,20191017,9.45,9.55,9.25,9.4,2938
ARSHIYA,20191017,15,16.35,14.85,16.35,1011840
ARSSINFRA,20191017,23,23.3,23,23.3,13768
ARVIND,20191017,42.7,44.2,42.3,43.75,921805
ARVINDFASN,20191017,426.85,440,424,436.85,10688
ARVSMART,20191017,88.35,89.8,87.1,89.35,7287
ASAHIINDIA,20191017,189.15,195.5,185.45,192.5,1197563
ASAHISONG,20191017,138,142.85,136.1,139.65,3486
ASAL,20191017,31.15,33,29.3,30.75,11778
ASHAPURMIN,20191017,28.6,31.35,28.6,31.35,35471
ASHIANA,20191017,97.45,99,96.5,97.25,23586
ASHIMASYN,20191017,7.3,8.7,7.1,8.15,229522
ASHOKA,20191017,107.1,114.4,98.2,99.7,2474080
ASHOKLEY,20191017,71.4,74.1,71,73.5,28557723
ASIANHOTNR,20191017,97,104.15,94.6,100.25,97
ASIANPAINT,20191017,1772,1816.65,1756,1812.3,1722055
ASIANTILES,20191017,221.5,233.5,212.45,227.65,235275
ASPINWALL,20191017,133,140,133,140,108
ASSAMCO,20191017,0.5,0.5,0.5,0.5,116224
ASTEC,20191017,349.5,364,341.7,346.65,8036
ASTERDM,20191017,119,119,116.25,117.1,28342
ASTRAL,20191017,1158,1177,1158,1172.7,52716
ASTRAMICRO,20191017,78.3,79.95,78,78.6,35438
ASTRAZEN,20191017,2218.75,2332,2190.05,2299.25,27347
ASTRON,20191017,100,101.95,99.3,101.05,477058
ATFL,20191017,481.7,511.1,481.7,499.5,5362
ATLANTA,20191017,6.65,6.95,6.5,6.8,12134
ATUL,20191017,3989.95,4220,3965,4208.4,27516
ATULAUTO,20191017,222.9,224.95,220.5,222.85,11463
AUBANK,20191017,650,656,637.7,647.85,93629
AURIONPRO,20191017,71.9,78.1,71.9,77.65,30740
AUROPHARMA,20191017,462.45,468.45,457,466.45,2581845
AUSOMENT,20191017,29.5,29.5,25.7,26.6,1219
AUTOAXLES,20191017,874,912,839,903.4,8007
AUTOIND,20191017,25.5,26.35,23.75,23.75,119515
AUTOLITIND,20191017,20,20.7,17.2,19.3,2758
AVADHSUGAR,20191017,259.1,260,252,253.6,33273
AVANTIFEED,20191017,388.9,395.9,382.4,389.4,259183
AVTNPL,20191017,22.65,22.7,22.1,22.5,17978
AXISBANK,20191017,690.5,712.4,690.5,710.3,10617761
AXISCADES,20191017,74.2,77,73.5,74.4,167680
AXISGOLD,20191017,3360,3373.35,3350.6,3360.6,348
AXISNIFTY,20191017,1181,1194.3,1175.52,1194.3,295
AYMSYNTEX,20191017,30.05,32.45,29.1,31.7,23403
BAGFILMS,20191017,1.65,1.65,1.6,1.65,78382
BAJAJ-AUTO,20191017,3009,3140,2995,3111.5,707480
BAJAJCON,20191017,252,271.2,251.35,261.95,5901565
BAJAJELEC,20191017,391,393.7,381.65,383.65,87641
BAJAJFINSV,20191017,8154,8357.4,8102,8316.65,622466
BAJAJHIND,20191017,6,6.15,5.95,6,637142
BAJAJHLDNG,20191017,3632,3750,3610.05,3686.15,36706
BAJFINANCE,20191017,4020.05,4117.2,4001,4106.8,2103593
BALAJITELE,20191017,51,51.8,50.25,51.25,21974
BALAMINES,20191017,306.55,311.95,300,306.6,8997
BALAXI,20191017,77.55,80,77.55,79.45,1420
BALKRISHNA,20191017,22.1,22.1,20.1,20.2,7943
BALKRISIND,20191017,780.9,799.6,773,794.6,265947
BALLARPUR,20191017,0.5,0.5,0.45,0.5,975670
BALMLAWRIE,20191017,171.2,174,169.8,171.3,89221
BALPHARMA,20191017,37.65,38.4,37.55,37.95,5441
BALRAMCHIN,20191017,150,152.7,147.35,148.55,851693
BANARBEADS,20191017,29.8,29.8,26.5,27.4,1903
BANARISUG,20191017,1117.9,1270,1100.5,1205.35,710
BANCOINDIA,20191017,93,98.3,92.2,96,82891
BANDHANBNK,20191017,576.7,577,560.2,568.5,1880827
BANG,20191017,18.55,19.35,17.6,18.05,3488
BANKBARODA,20191017,87.3,89.45,86.3,89,33807958
BANKBEES,20191017,2910.39,2973,2909,2964.26,20188
BANKINDIA,20191017,60.7,64.15,60.5,63.7,8292352
BANSWRAS,20191017,66.5,69,66.5,68.9,3672
BARTRONICS,20191017,1.55,1.55,1.55,1.55,4596
BASF,20191017,960,970,940,945.7,11887
BASML,20191017,137.9,144.85,136.55,143.75,13370
BATAINDIA,20191017,1700,1750.8,1688.05,1746.85,752572
BAYERCROP,20191017,3328,3328,3261.1,3272.8,2062
BBL,20191017,904.95,919,890,911.9,28884
BBTC,20191017,1179.95,1182.95,1146.55,1158.75,168705
BCG,20191017,2.95,3.15,2.8,3.1,325295
BCP,20191017,8.55,8.55,8.55,8.55,2
BDL,20191017,277,284.05,277,280.35,26053
BEARDSELL,20191017,10.4,10.4,10.05,10.3,670
BEDMUTHA,20191017,10.25,10.6,10,10.5,1776
BEL,20191017,111.95,113.5,111.65,113.2,8183449
BEML,20191017,900.7,918,897.6,911.55,512668
BEPL,20191017,49.15,50.5,49,50,526569
BERGEPAINT,20191017,472,490.95,470.5,486.5,3280804
BFINVEST,20191017,313,325.9,305.95,312.6,300427
BFUTILITIE,20191017,227,236,220.2,230.05,2105973
BGLOBAL,20191017,1.7,1.7,1.65,1.7,2939
BGRENERGY,20191017,31.8,31.85,31.05,31.5,60708
BHAGERIA,20191017,105.9,109.15,105.85,108.6,23967
BHAGYANGR,20191017,18.25,19.1,18.2,19.1,1275
BHAGYAPROP,20191017,19.9,20,18,20,10
BHANDARI,20191017,1.05,1.1,1,1.05,128752
BHARATFORG,20191017,437.4,465,432.4,452.65,1689477
BHARATGEAR,20191017,60.9,62,57.65,60.6,17877
BHARATRAS,20191017,6060,6143.05,6001.35,6087.15,1170
BHARATWIRE,20191017,24.2,25.9,23.9,25.65,17047
BHARTIARTL,20191017,385,387.5,379.05,385.85,4787789
BHEL,20191017,41.9,44.9,41.75,44.6,20292119
BIGBLOC,20191017,26.5,26.5,23.15,23.35,642
BIL,20191017,129,129,122.65,122.65,773
BILENERGY,20191017,0.75,0.75,0.7,0.7,71387
BINDALAGRO,20191017,9.2,9.85,9.15,9.4,17859
BIOCON,20191017,257.6,258.85,255,258.05,2271152
BIRLACABLE,20191017,58.2,61.95,55,55.9,594456
BIRLACORPN,20191017,530.05,547,527.2,543.4,42789
BIRLAMONEY,20191017,36.8,37,34.75,35.2,94199
BKMINDST,20191017,0.85,0.85,0.75,0.85,7991
BLBLIMITED,20191017,3.4,3.7,3.25,3.55,12024
BLISSGVS,20191017,113,118.75,109.9,117.25,268751
BLKASHYAP,20191017,7.15,7.55,7.15,7.55,56233
BLS,20191017,78.15,79.65,78.1,78.2,7818
BLUEBLENDS,20191017,1.1,1.1,1.1,1.1,300
BLUECOAST,20191017,1.85,1.9,1.85,1.85,635
BLUEDART,20191017,2271.15,2320,2271,2293.6,1959
BLUESTARCO,20191017,809.9,834,808.3,827.8,153398
BODALCHEM,20191017,70.3,71.15,69.95,70.9,72606
BOMDYEING,20191017,72,77.75,71.35,75.8,3149854
BOROSIL,20191017,157.15,177.7,156,164.65,244870
BOSCHLTD,20191017,14100,14350.1,13820.2,13994.45,20203
BPCL,20191017,512.4,515.3,504.1,513.3,8351837
BPL,20191017,18.95,19.4,18.5,18.6,75990
BRFL,20191017,4.95,5.15,4.75,4.75,39559
BRIGADE,20191017,190.75,195.45,189.65,191.3,81424
BRITANNIA,20191017,3176,3266.35,3160,3247.85,673820
BRNL,20191017,62.5,64.25,62,63.35,13949
BROOKS,20191017,31.5,32,31.3,31.9,7696
BSE,20191017,512,534,510.05,524.95,79307
BSELINFRA,20191017,1.05,1.05,1,1.05,7028
BSL,20191017,24.75,26.4,24.55,25.3,2392
BSLGOLDETF,20191017,3579.95,3579.95,3545,3555,43
BSLNIFTY,20191017,125.13,125.24,125,125.24,131
BSOFT,20191017,64.2,65.1,63.25,64.75,195415
BURNPUR,20191017,1.1,1.1,1,1.1,16385
BUTTERFLY,20191017,149.35,149.55,142.1,148,16222
BVCL,20191017,10.45,11.4,10.45,10.75,2915
BYKE,20191017,19.95,20.4,19.15,19.3,8960
CADILAHC,20191017,234.7,238.5,231.5,237.8,471432
CALSOFT,20191017,13.3,13.35,12.15,12.75,37613
CAMLINFINE,20191017,54.2,55.4,53.95,54.9,27406
CANBK,20191017,179.9,187.25,178.8,186.5,7640363
CANFINHOME,20191017,385.1,388.75,384.15,385.4,162344
CANTABIL,20191017,227.95,233.75,214,216.75,19218
CAPACITE,20191017,193,194.95,192,193.05,10058
CAPLIPOINT,20191017,403.75,403.75,393.2,394.45,18418
CAPTRUST,20191017,100,100,95,95,95
CARBORUNIV,20191017,288.95,305,288.95,299.85,35858
CAREERP,20191017,82.6,83.2,81.3,82,8704
CARERATING,20191017,539.95,539.95,520,531.35,9109
CASTEXTECH,20191017,0.35,0.4,0.3,0.35,136012
CASTROLIND,20191017,130.85,132.95,129.8,132.4,2113586
CCHHL,20191017,3.4,3.4,3.2,3.2,22826
CCL,20191017,235.5,235.5,228.2,229.75,17130
CDSL,20191017,207.95,211.7,203.95,209.3,163640
CEATLTD,20191017,970,982.5,953,969.1,130592
CEBBCO,20191017,13.35,14,13.2,13.65,28195
CELEBRITY,20191017,4.5,4.6,4.35,4.35,21638
CELESTIAL,20191017,3.35,3.55,3.35,3.55,1530
CENTENKA,20191017,169.9,172.5,169.3,171.2,29598
CENTEXT,20191017,2.55,2.7,2.55,2.65,49724
CENTRALBK,20191017,16.75,17,16.75,16.95,249190
CENTRUM,20191017,24.8,24.8,23.25,23.65,177904
CENTUM,20191017,405,407.45,400,403.25,222
CENTURYPLY,20191017,155.4,157.95,153.8,156.9,77472
CENTURYTEX,20191017,381.05,393.6,375.25,387.55,999031
CERA,20191017,2450,2480.05,2442.3,2457,13865
CEREBRAINT,20191017,21.15,22.55,21.15,22.2,840978
CESC,20191017,782.6,792.1,776.55,790.25,278873
CESCVENT,20191017,342,374.15,327,341,40477
CGCL,20191017,199.5,208.15,196,204.8,409530
CGPOWER,20191017,14.4,14.4,14.4,14.4,247318
CHALET,20191017,313.35,321,313.25,315.8,2158
CHAMBLFERT,20191017,151.8,155.5,151.25,154.6,130633
CHEMFAB,20191017,180,180,177,178,9018
CHENNPETRO,20191017,161.15,164.9,158.65,161.95,540909
CHOLAFIN,20191017,271,290,269.65,287.5,1757918
CHOLAHLDNG,20191017,466.95,469.7,457.7,462.75,61325
CHROMATIC,20191017,0.4,0.45,0.35,0.45,9940
CIGNITITEC,20191017,293.85,299,286,288.65,65552
CIMMCO,20191017,17.45,17.65,16.75,17.15,80723
CINELINE,20191017,31.8,35.85,31,33.55,214015
CINEVISTA,20191017,13.05,13.05,13.05,13.05,1658
CIPLA,20191017,445.3,447.7,439.4,446.3,1818421
CKFSL,20191017,0.55,0.55,0.45,0.55,267208
CLEDUCATE,20191017,72.7,76,71.85,74.9,7745
CLNINDIA,20191017,280,285,278.1,282.1,7806
CMICABLES,20191017,56.55,56.55,53.3,54.7,4717
CNOVAPETRO,20191017,9.6,9.6,8,8.55,1214
COALINDIA,20191017,194,199.95,192.9,199.4,6611768
COCHINSHIP,20191017,330.9,333,329.3,330.1,62388
COFFEEDAY,20191017,32.6,35.95,32.6,35.05,1437532
COLPAL,20191017,1529.9,1535.2,1514.2,1530.4,526950
COMPINFO,20191017,9.25,9.85,9.25,9.8,51005
COMPUSOFT,20191017,7.7,7.9,7.7,7.85,4585
CONCOR,20191017,607.5,609.5,597.45,599.4,2718516
CONFIPET,20191017,28,28,26.65,27.2,71413
CONSOFINVT,20191017,35.95,35.95,35.4,35.4,6000
CONTROLPR,20191017,242.05,244.95,242,243,1981
CORALFINAC,20191017,10,10.9,9.75,10.25,14744
CORDSCABLE,20191017,40.7,43.9,40.7,42.6,7075
COROMANDEL,20191017,406.25,414,404,411.45,105692
CORPBANK,20191017,13.8,13.9,13.6,13.85,120833
COSMOFILMS,20191017,200,200,195.95,197.15,3408
COUNCODOS,20191017,1.75,1.75,1.7,1.7,1597
COX&KINGS,20191017,2.4,2.4,2.4,2.4,78965
CPSEETF,20191017,24.14,24.25,23.92,24.22,13761807
CREATIVE,20191017,61.5,61.5,60.75,61.5,6050
CREDITACC,20191017,618,638,602.25,629.8,107376
CREST,20191017,85.1,87.75,85.1,85.8,566
CRISIL,20191017,1305,1329.9,1305,1324.8,5785
CRMFGETF,20191017,3488.05,3525,3488,3488,57
CROMPTON,20191017,261.4,268.05,258.5,263.5,889279
CTE,20191017,24,25.7,23.1,23.95,5551
CUB,20191017,214,220.5,213.35,216.95,749231
CUBEXTUB,20191017,11.1,12.25,10.35,11.5,3795
CUMMINSIND,20191017,576.9,581,560,569.95,699406
CUPID,20191017,138.9,138.9,133.3,136.6,15036
CURATECH,20191017,1,1,1,1,125
CYBERMEDIA,20191017,3.25,3.25,3.25,3.25,7
CYBERTECH,20191017,48.3,49.7,48.3,48.9,7030
CYIENT,20191017,455.85,460,441.15,447.65,227378
DAAWAT,20191017,23.85,24,23.6,23.95,214971
DABUR,20191017,455.95,463.6,454.4,462.4,1122519
DALBHARAT,20191017,810.55,815,797.75,807.35,319977
DALMIASUG,20191017,87.6,87.6,74.65,86.35,57675
DAMODARIND,20191017,27.05,28,27.05,28,501
DATAMATICS,20191017,71.15,73.25,70.65,72.15,13150
DBCORP,20191017,158.15,159.8,154.45,156.1,155779
DBL,20191017,365.75,380,365.05,372.35,199364
DBREALTY,20191017,6.75,6.75,6.2,6.3,151331
DCAL,20191017,158.8,158.8,154.2,155.55,72841
DCBBANK,20191017,179,182.6,178.55,181.25,337319
DCM,20191017,23.55,23.55,21.45,21.85,4318
DCMNVL,20191017,28,31.8,27.5,28.2,5481
DCMSHRIRAM,20191017,386.5,400,383.1,388.2,158605
DCW,20191017,14.3,14.7,13.95,14.55,245318
DECCANCE,20191017,338.75,339.65,332.55,334.65,3029
DEEPAKFERT,20191017,93,95,91.6,92.1,354046
DEEPAKNTR,20191017,302.9,318,299.3,314.95,346196
DEEPIND,20191017,98.3,100,98.1,99.6,3575
DELTACORP,20191017,179.55,183.3,177.2,178.85,685292
DELTAMAGNT,20191017,34.15,34.15,32.9,32.9,189
DEN,20191017,52,52.7,50,50.9,77710
DENORA,20191017,199.1,208,198.45,204.45,5720
DFMFOODS,20191017,245.05,249.95,245,246.4,30681
DGCONTENT,20191017,5.15,5.4,4.9,5,16316
DHAMPURSUG,20191017,205.4,206,196.2,198.6,457526
DHANBANK,20191017,14.2,14.55,14.15,14.3,166534
DHANUKA,20191017,296.25,301.15,291.5,294.75,11590
DHARSUGAR,20191017,6.7,7.2,6.65,7,5845
DHFL,20191017,19.25,20.85,19.2,20.45,4960924
DHUNINV,20191017,196.8,196.8,193,194.7,210
DIAMONDYD,20191017,874,880,866,876,323
DICIND,20191017,325.3,330.75,325.25,328.05,166
DIGISPICE,20191017,4.9,5.55,4.9,5.45,11154
DISHTV,20191017,16.95,17.6,16.5,17.4,29487529
DIVISLAB,20191017,1723,1734.3,1705.1,1722.95,348490
DIXON,20191017,3023.9,3125,3003,3026.85,14366
DLF,20191017,157.55,164.75,156.7,163.85,9272454
DLINKINDIA,20191017,90.15,95.85,90.15,94,69394
DMART,20191017,1883,1932,1875.55,1925.6,541162
DNAMEDIA,20191017,0.3,0.4,0.3,0.3,8094
DOLAT,20191017,61.3,64.7,61.2,63.7,118983
DOLLAR,20191017,184.35,187.2,176,177.25,7189
DONEAR,20191017,28.05,28.55,27.65,28.35,5861
DPSCLTD,20191017,9.55,10,9.5,10,3253
DQE,20191017,2.4,2.4,2.4,2.4,450
DREDGECORP,20191017,320,324.9,315.7,319.5,131998
DRREDDY,20191017,2711,2734,2699,2727.4,305014
DSSL,20191017,26.5,26.5,25.75,26.25,968
DTIL,20191017,163.95,163.95,158.9,161,1330
DUCON,20191017,4.6,4.6,4.3,4.4,91697
DVL,20191017,67.8,69.3,67.55,68.05,1510
DWARKESH,20191017,23.65,24,23.35,23.8,173169
DYNAMATECH,20191017,1135,1166,1113.05,1139.35,569
DYNPRO,20191017,124.9,124.9,122,124.3,7079
EASTSILK,20191017,0.5,0.55,0.45,0.55,7170
ECLERX,20191017,391,425,387.5,414.05,28680
EDELWEISS,20191017,85,87.4,83.25,86.4,6641078
EICHERMOT,20191017,19500,20789,19455,20491.85,398637
EIDPARRY,20191017,154.65,155.35,152.5,153.1,87987
EIHAHOTELS,20191017,310.05,314.05,307.35,310.4,726
EIHOTEL,20191017,169,173.5,166.05,172,109014
EIMCOELECO,20191017,296.55,296.6,290,290.05,263
EKC,20191017,23.55,24.45,23.4,24.2,34944
ELECON,20191017,29.8,30,28.3,29.7,23524
ELECTCAST,20191017,13,13.6,13,13.4,63325
ELECTHERM,20191017,129.1,131,123.55,127,29587
ELGIEQUIP,20191017,266,271.9,266,270.45,8405
ELGIRUBCO,20191017,16.55,16.7,16.1,16.15,2111
EMAMILTD,20191017,320.6,351.9,315.35,343,2509583
EMAMIPAP,20191017,78.85,81,75.5,78.7,6182
EMAMIREAL,20191017,41.2,41.8,38.7,41.15,5468
EMCO,20191017,0.65,0.75,0.65,0.65,17959
EMKAY,20191017,65.45,71.7,64.95,68.55,19817
EMMBI,20191017,120.35,124,118.3,122,1337
ENDURANCE,20191017,982.15,1006.05,978,1001.8,5448
ENERGYDEV,20191017,5,5.15,4.9,4.9,8919
ENGINERSIN,20191017,107.2,109,106.5,107.05,1225319
ENIL,20191017,240.1,254.9,240,250.25,8622
EON,20191017,14.15,14.7,13.9,14.5,1503
EQ30,20191017,337.65,337.65,321.05,337.65,21
EQUITAS,20191017,101.2,104.95,100.55,104.5,3740728
ERIS,20191017,415.7,423.4,410.2,416.05,19537
EROSMEDIA,20191017,16.35,16.95,16.1,16.8,274031
ESABINDIA,20191017,1252.1,1295,1239,1267.95,2365
ESCORTS,20191017,627.1,648.85,625,646.55,3154940
ESSARSHPNG,20191017,7.35,7.35,6.8,7.3,6516
ESSELPACK,20191017,114.2,116,112.5,115.45,37952
ESTER,20191017,30.05,31.45,30.05,31.4,19590
EUROTEXIND,20191017,12.45,12.45,11.35,12.45,954
EVEREADY,20191017,34.3,37.9,34.3,37.9,723888
EVERESTIND,20191017,322,329,320.75,323.8,9373
EXCEL,20191017,0.9,0.95,0.85,0.95,143614
EXCELINDUS,20191017,870.3,904.5,866,895.9,7995
EXIDEIND,20191017,182.85,182.85,170.6,177.75,12172436
EXPLEOSOL,20191017,287.8,293.9,271.6,291,5778
FACT,20191017,38.25,38.8,38.05,38.35,54137
FAIRCHEM,20191017,494.1,496.8,482,484.45,3923
FCL,20191017,24.9,25.9,24.45,25.65,170052
FCONSUMER,20191017,24.5,24.5,22.75,23.8,1379418
FCSSOFT,20191017,0.2,0.25,0.2,0.2,935455
FDC,20191017,160.4,162.2,160,161.35,18756
FEDERALBNK,20191017,82.3,84.9,81.7,84.35,23933766
FEL,20191017,23.25,23.45,22.25,23.2,136644
FELDVR,20191017,22.25,22.5,21.5,22.2,1492
FIEMIND,20191017,337,354,333.5,350.05,14653
FILATEX,20191017,35.2,35.8,35,35.35,38659
FINCABLES,20191017,351.8,358,351.8,355.55,60633
FINEORG,20191017,1905,1918,1850,1901.1,9938
FINPIPE,20191017,602.9,613.75,590,594.1,48074
FLEXITUFF,20191017,5.6,5.6,5.55,5.55,729
FLFL,20191017,408.7,408.7,400.1,402.65,17974
FLUOROCHEM,20191017,687,735,678.3,724.05,424931
FMGOETZE,20191017,552.1,552.1,532,535.1,3004
FMNL,20191017,35.3,38.65,35.3,38.65,13026
FORCEMOT,20191017,1102.9,1174,1068,1085.6,167321
FORTIS,20191017,136.2,137.7,135.5,136.75,571284
FOSECOIND,20191017,1330,1363,1330,1355.15,1564
FRETAIL,20191017,381.2,387,380.95,382.3,72691
FSC,20191017,506.2,515,505.45,511.45,1237
FSL,20191017,45.8,49.4,45.8,48.5,2256515
GABRIEL,20191017,100.5,102,99.55,100.85,80462
GAEL,20191017,134.65,147.5,133.9,143.45,40054
GAIL,20191017,126.7,129.05,125.85,128.75,8167657
GAL,20191017,2.05,2.1,1.9,2,24492
GALAXYSURF,20191017,1452.05,1490,1439.95,1470.5,6497
GALLANTT,20191017,26,27.45,26,27,3371
GALLISPAT,20191017,21,22.25,19.6,20.45,4769
GAMMNINFRA,20191017,0.25,0.3,0.25,0.3,345727
GANDHITUBE,20191017,293.3,319.9,285.5,313.2,12862
GANECOS,20191017,245.85,249.25,241,248,5016
GANESHHOUC,20191017,35.45,36.5,34.4,36.1,13995
GANGESSECU,20191017,32.55,32.55,32.5,32.55,1826
GARDENSILK,20191017,11.9,12.45,11.55,12.45,114499
GARFIBRES,20191017,1126.35,1150,1123.25,1129.15,4010
GATI,20191017,57.3,57.45,55.9,56.8,203483
GAYAHWS,20191017,0.3,0.35,0.3,0.3,11636
GAYAPROJ,20191017,118.85,121.9,112.45,118.65,64850
GDL,20191017,93.6,94.3,91.8,93.35,84054
GEECEE,20191017,82.8,84.8,80.45,81.35,514
GENESYS,20191017,68.5,68.5,57.5,62.15,94766
GENUSPAPER,20191017,5.15,5.15,5,5.05,56091
GENUSPOWER,20191017,21.55,21.55,21,21.05,35964
GEOJITFSL,20191017,26.9,27.25,25.95,26.9,119050
GEPIL,20191017,704.25,715.6,701.2,708.3,6198
GESHIP,20191017,289,289.1,275.5,279.15,71009
GET&D,20191017,171,192.35,163.95,183.45,52883
GFLLIMITED,20191017,75.45,77.55,73.5,77.55,43939
GFSTEELS,20191017,6.65,6.65,6.65,6.65,13452
GHCL,20191017,207,208,203,204.45,59207
GICHSGFIN,20191017,159.75,163.8,152.4,154.75,771922
GICRE,20191017,279,279.6,261,264.2,3761589
GILLANDERS,20191017,28.05,28.05,28.05,28.05,500
GILLETTE,20191017,7310,7825,7284.2,7779.65,13504
GINNIFILA,20191017,7.7,7.7,7.55,7.7,43269
GIPCL,20191017,68.35,68.95,67.5,68.5,26552
GKWLIMITED,20191017,745.1,745.1,745.05,745.05,27
GLAXO,20191017,1432,1448.9,1419.95,1440.1,33508
GLENMARK,20191017,287,290,282.65,288.55,1182377
GLFL,20191017,1.3,1.3,1.25,1.25,2
GLOBALVECT,20191017,49,51.9,49,50.6,4736
GLOBOFFS,20191017,5.6,5.95,5.5,5.8,4848
GLOBUSSPR,20191017,115.75,121.7,115.75,117.95,38336
GMBREW,20191017,368.25,380,365,376.7,46293
GMDCLTD,20191017,57.7,58.45,57.05,57.95,98468
GMMPFAUDLR,20191017,1450,1499,1418,1441.35,6107
GMRINFRA,20191017,17.55,17.65,17.2,17.55,8131829
GNA,20191017,231,236,226.25,234.7,13723
GNFC,20191017,195.1,198.45,192.25,197.35,217290
GOACARBON,20191017,209.9,220.35,205.8,217.05,18020
GOCLCORP,20191017,287.9,293.95,283,285.85,5007
GODFRYPHLP,20191017,1036,1070,1018,1062.75,90474
GODREJAGRO,20191017,484.15,490,483.4,488.6,25962
GODREJCP,20191017,710,717.65,703.65,714.7,1389802
GODREJIND,20191017,389,393.7,383.1,391.05,73849
GODREJPROP,20191017,995,1014,985.2,991.3,452792
GOKEX,20191017,83.65,86.2,83.25,85.15,25402
GOKUL,20191017,13,13,12.4,12.45,2472
GOKULAGRO,20191017,14,14.65,13.6,14.1,31798
GOLDBEES,20191017,3395,3395,3370.1,3378.75,9594
GOLDENTOBC,20191017,26.7,28,25.5,27.8,904
GOLDIAM,20191017,128.6,133,128.6,131.85,30818
GOLDSHARE,20191017,3402.4,3420,3382.6,3395.7,523
GOLDTECH,20191017,10.5,10.5,9,9.3,21565
GOODLUCK,20191017,49.95,49.95,47.1,47.9,14410
GPIL,20191017,142.15,145.6,139.2,142.3,28997
GPPL,20191017,79.05,80.4,78.9,80,568271
GPTINFRA,20191017,40.9,40.9,37.35,40.3,1971
GRANULES,20191017,97.25,98.3,95,97.8,348951
GRAPHITE,20191017,273.95,292,268.1,282.95,2027108
GRASIM,20191017,728.15,730.85,712,724.55,1876216
GRAVITA,20191017,42.1,42.7,40.5,40.85,26729
GREAVESCOT,20191017,132,133.9,130.6,133.25,223921
GREENLAM,20191017,893.85,905,871,901.35,1299
GREENPLY,20191017,157.35,163,156.5,161.05,12489
GREENPOWER,20191017,1.7,1.7,1.7,1.7,8702
GRINDWELL,20191017,586.85,603.65,584.05,593.25,12641
GROBTEA,20191017,290,299.9,257.5,273.4,158
GRPLTD,20191017,925,925,883,883,14
GRSE,20191017,170.35,171.5,166.85,168.95,129537
GSCLCEMENT,20191017,17.2,17.3,16.2,16.75,13814
GSFC,20191017,75.45,76.9,74.8,76.3,274724
GSKCONS,20191017,8826,8941,8775,8912.05,17357
GSPL,20191017,212.6,214.9,208.7,211.45,146929
GSS,20191017,20.6,22.7,20.6,22.7,38019
GTL,20191017,1.55,1.55,1.55,1.55,15838
GTLINFRA,20191017,0.5,0.5,0.4,0.45,2437582
GTNIND,20191017,5.95,5.95,5.95,5.95,550
GTPL,20191017,75,75,71,72.35,76995
GUFICBIO,20191017,73.8,74.4,71.9,72.1,20085
GUJALKALI,20191017,430.35,440.8,429,434.8,13403
GUJAPOLLO,20191017,133,137.8,131.6,133.1,1498
GUJGASLTD,20191017,176,180.65,175.3,176.55,634708
GUJRAFFIA,20191017,8.55,8.55,8.55,8.55,15
GULFOILLUB,20191017,852.25,860.05,850.1,851.8,807
GULFPETRO,20191017,47.95,47.95,40.6,40.75,33764
GULPOLY,20191017,38.85,39.1,38.25,39,700
GVKPIL,20191017,2.8,3.05,2.7,2.95,2884059
HAL,20191017,714,717.3,707.5,709.85,3555
HARITASEAT,20191017,400,413.95,392,410.15,3167
HARRMALAYA,20191017,48.25,49.45,48,48.45,31870
HATHWAY,20191017,23.7,23.7,22.6,23.15,1389372
HATSUN,20191017,624,630,623.1,625.4,2336
HAVELLS,20191017,674,687.15,668.75,685.8,1607024
HAVISHA,20191017,0.45,0.45,0.45,0.45,1
HBLPOWER,20191017,16.4,16.6,16,16.15,87156
HBSL,20191017,6.65,6.65,6.65,6.65,20
HCC,20191017,7.8,7.95,7.65,7.85,598760
HCG,20191017,105.2,107.95,103,105.25,4023
HCL-INSYS,20191017,6.2,6.35,6.15,6.25,539485
HCLTECH,20191017,1100,1102.2,1084.55,1093.05,776139
HDFC,20191017,2056.95,2095,2050.1,2089.75,4562240
HDFCAMC,20191017,2728,2735.15,2709.4,2717.25,178958
HDFCBANK,20191017,1227.5,1229.85,1213.1,1220,6121807
HDFCLIFE,20191017,612.95,622,610,615.15,2893199
HDFCMFGETF,20191017,3470.8,3478.75,3450,3456.6,1526
HDFCNIFETF,20191017,1201.69,1212,1197,1210.21,616
HDFCSENETF,20191017,4080,4126.58,4080,4103.61,40
HDIL,20191017,2.5,2.5,2.5,2.5,148419
HEG,20191017,885,956.55,884.3,937.25,588572
HEIDELBERG,20191017,182.7,185.4,180.5,185,153567
HERCULES,20191017,81.85,88.25,80.7,87.1,17216
HERITGFOOD,20191017,328.45,331,321.25,324.65,30172
HEROMOTOCO,20191017,2609,2644,2582,2629.2,1107128
HESTERBIO,20191017,1700,1745,1700,1715.25,2672
HEXATRADEX,20191017,8.65,8.65,8.65,8.65,1285
HEXAWARE,20191017,376,379.8,366.7,369.75,727722
HFCL,20191017,18,18,17.35,17.75,1190667
HGINFRA,20191017,192.15,201,192.15,193.4,20906
HGS,20191017,550.6,569,550.6,566.05,991
HIKAL,20191017,141.3,141.3,136.1,138.25,188656
HIL,20191017,1203.8,1224,1202.85,1219.15,4096
HILTON,20191017,8,8,6.6,6.85,11039
HIMATSEIDE,20191017,138.4,142.1,137.25,139.1,46526
HINDALCO,20191017,185.5,189.75,182.55,188.8,9520625
HINDCOMPOS,20191017,171.3,182.95,170.35,177.75,1158
HINDCOPPER,20191017,32.9,32.9,31.7,32.3,555392
HINDMOTORS,20191017,5.15,5.6,5,5.3,139293
HINDNATGLS,20191017,29.15,31,29.15,31,463
HINDOILEXP,20191017,96,96.25,93.3,95.05,136773
HINDPETRO,20191017,314.95,315,306.55,313.95,4882673
HINDUJAVEN,20191017,326.95,326.95,304,307.95,4184
HINDUNILVR,20191017,2067.5,2108,2061.95,2103.85,2001245
HINDZINC,20191017,211.45,213.75,209.6,211.55,686109
HIRECT,20191017,167.95,169.9,163.4,166.85,8255
HISARMETAL,20191017,50,51.75,50,50,1122
HITECH,20191017,136.5,144,136,142.85,11006
HITECHCORP,20191017,82.3,83.7,82.1,82.3,434
HITECHGEAR,20191017,147.45,173.9,142.65,173.9,27902
HMVL,20191017,69.6,72.4,69,69.95,5169
HNDFDS,20191017,539.45,557,526.1,545.55,5513
HONAUT,20191017,28600,28703.8,28313.85,28529.8,895
HONDAPOWER,20191017,1170.05,1182.9,1150,1155.85,679
HOTELEELA,20191017,6.3,7.65,6.25,7.65,2166450
HOVS,20191017,65.5,66,62,63.6,6778
HPL,20191017,38.15,41.45,38.15,40.5,14539
HSCL,20191017,76,76,73.1,74.1,461949
HSIL,20191017,39.9,42.9,39.3,39.4,248199
HTMEDIA,20191017,20.35,20.5,19.3,20.4,51876
HUBTOWN,20191017,12.65,12.95,11.7,12.05,44018
HUDCO,20191017,33.35,33.65,32.7,33.25,556720
IBMFNIFTY,20191017,111.51,114.9,111.5,114.85,518
IBREALEST,20191017,40.35,44.35,40.15,44.3,5463846
IBULHSGFIN,20191017,168.45,204,165.8,197.95,86561554
IBULISL,20191017,73.8,81.5,73.8,73.85,1266092
IBVENTURES,20191017,79,85.6,78.15,85.6,3613534
ICICI500,20191017,150.77,151.73,149.98,151.47,1766
ICICIB22,20191017,34.5,34.68,34.25,34.62,4496632
ICICIBANK,20191017,436,443.35,433.7,440.6,12452421
ICICIBANKN,20191017,287.84,291.96,285.07,291.49,105788
ICICIBANKP,20191017,159.5,163.22,159,163.05,196
ICICIGI,20191017,1208.9,1249,1208.5,1244.95,1516873
ICICIGOLD,20191017,35.25,35.25,33.65,34.65,9717
ICICILIQ,20191017,999.95,1000,999.95,999.99,14786
ICICILOVOL,20191017,98,98,90.7,91.89,622
ICICIMCAP,20191017,61.2,62.4,61,62.07,20895
ICICINF100,20191017,124.25,125.65,124.02,125.37,1031
ICICINIFTY,20191017,120.5,121.87,117,121.58,74524
ICICINV20,20191017,58.5,58.5,55.5,56.12,1380
ICICINXT50,20191017,27.58,27.8,27.41,27.77,10137
ICICIPRULI,20191017,467.95,474.75,464.65,472.6,2527748
ICICISENSX,20191017,435,435,410,414.4,138
ICIL,20191017,42.15,42.2,40.6,41.05,52465
ICRA,20191017,2599.7,2610.05,2569.95,2581.3,741
IDBI,20191017,29,30.5,28.9,29.9,1742589
IDEA,20191017,6.4,6.4,5.95,6.3,165817016
IDFC,20191017,31.3,32.2,31.1,32.1,888482
IDFCFIRSTB,20191017,39.5,40.1,38.6,39.95,11887889
IDFNIFTYET,20191017,117,119,117,119,21
IEX,20191017,122.7,145,118.25,135.45,1155948
IFBAGRO,20191017,393.7,403.85,383.1,388.4,9576
IFBIND,20191017,652.2,671.8,652.2,661.7,4665
IFCI,20191017,6.25,6.65,6.1,6.5,2002702
IFGLEXPOR,20191017,138.55,144.9,138.55,141.45,1396
IGARASHI,20191017,206,244.6,203.25,207.45,543745
IGL,20191017,375.2,375.2,367.8,371.05,949685
IGPL,20191017,147,152.9,145.5,147.8,40816
IIFL,20191017,106,112.8,105.8,110.4,106151
IIFLSEC,20191017,20.25,22.4,20.25,22.1,476617
IIFLWAM,20191017,1184,1200,1116,1181.35,6261
IITL,20191017,62.4,68.85,62.4,63.2,1204
IMFA,20191017,175.35,184,175.35,180.55,9194
IMPAL,20191017,1053,1053,990,1006.9,6528
INDBANK,20191017,6.95,7.25,6.65,7,35723
INDHOTEL,20191017,149.95,153.2,147.35,151.85,992660
INDIACEM,20191017,79.3,80.2,79.05,79.85,785345
INDIAGLYCO,20191017,203.65,213.2,200.8,212,66868
INDIAMART,20191017,2039,2134,1960,2016.45,133268
INDIANB,20191017,109,119.45,108.75,117.5,1762822
INDIANCARD,20191017,108.9,109,104.4,109,769
INDIANHUME,20191017,255,262.1,254.4,255.3,11247
INDIGO,20191017,1717,1742.15,1692.15,1736.35,1367203
INDLMETER,20191017,14.7,14.7,14.05,14.05,3808
INDNIPPON,20191017,314.6,331,311.25,324.95,7763
INDOCO,20191017,140.05,146.9,140.05,143.75,11975
INDORAMA,20191017,26.4,26.65,25.85,26,35684
INDOSTAR,20191017,180.05,189.4,180.05,182.4,41944
INDOTECH,20191017,79.8,81.9,77.1,81.5,789
INDOTHAI,20191017,24.05,24.05,21.75,22.45,2784
INDOWIND,20191017,2.95,3,2.85,3,12728
INDRAMEDCO,20191017,35.85,36.4,35.1,35.5,42654
INDSWFTLAB,20191017,35,35,33.5,33.75,81169
INDSWFTLTD,20191017,4.7,4.7,4.5,4.7,301
INDTERRAIN,20191017,70.05,74,69.7,71.9,2164
INDUSINDBK,20191017,1276,1345,1270,1340.1,5237964
INEOSSTYRO,20191017,650.45,653.9,632.05,648.9,4667
INFIBEAM,20191017,39.55,42.5,39.5,41.2,2128637
INFOBEAN,20191017,69.75,70.9,67.55,69.25,10856
INFRABEES,20191017,335,340,335,335.62,271
INFRATEL,20191017,255,257.95,253.55,256.95,2696714
INFY,20191017,767,770.55,765.1,769.5,9860495
INGERRAND,20191017,615.8,616,605.05,611.7,6298
INOXLEISUR,20191017,330,346.5,330,339.5,513521
INOXWIND,20191017,36.95,38.5,35.7,36.45,153969
INSECTICID,20191017,556,565,552.1,554.75,8481
INSPIRISYS,20191017,45,46.5,43.05,45.25,380
INTELLECT,20191017,187,189.25,183,187.55,78174
INTENTECH,20191017,27.15,28,26.45,27.85,11945
INVENTURE,20191017,13.95,14.1,13.85,14.1,28459
IOB,20191017,9.35,9.55,9.25,9.4,286574
IOC,20191017,145.9,147,143.75,146.4,9554558
IOLCP,20191017,177.2,179.7,174.6,175.9,117345
IPAPPM,20191017,322.95,339,318.85,334.15,16597
IPCALAB,20191017,890,918.8,886.85,913.2,60951
IRB,20191017,64.5,68.35,63.4,66.45,1328104
IRCON,20191017,365,369,365,367.95,17871
IRCTC,20191017,700.1,733,687.15,724.3,5032930
ISEC,20191017,278,287.75,274.15,282.9,71185
ISFT,20191017,82.1,85,82.1,84.95,827
ISMTLTD,20191017,4,4.05,3.8,3.9,13643
ITC,20191017,244,246.7,243.85,245.85,13649598
ITDC,20191017,337.9,362,328.2,351.55,1310492
ITDCEM,20191017,36.6,38.4,35.2,36.55,1222986
ITI,20191017,81,81.75,80.3,81.1,340611
IVC,20191017,3.55,3.8,3.45,3.75,74760
IVP,20191017,57.9,60.5,56,58.95,425
IVZINGOLD,20191017,3462,3535,3462,3535,2
IVZINNIFTY,20191017,1225.75,1225.75,1225.75,1225.75,1
IZMO,20191017,26.75,28.25,26.25,26.85,8996
J&KBANK,20191017,30.85,30.9,29.15,29.6,1205578
JAGRAN,20191017,57.95,58.95,57.95,58.5,133473
JAGSNPHARM,20191017,24,24,23,23.35,2748
JAIBALAJI,20191017,18,18.9,18,18.5,2181
JAICORPLTD,20191017,78.8,83.5,77.7,81.45,1352423
JAINSTUDIO,20191017,1.9,1.9,1.9,1.9,12
JAMNAAUTO,20191017,35.9,38.35,35.2,37.5,842500
JAYAGROGN,20191017,135.1,140,134.85,137.3,5488
JAYBARMARU,20191017,194.9,201.6,192.5,196.25,160757
JAYNECOIND,20191017,3.4,3.4,3.4,3.4,9619
JAYSREETEA,20191017,48.8,49.4,47.8,48.2,63283
JBCHEPHARM,20191017,360,364,355.05,359.25,29997
JBFIND,20191017,7.3,7.3,6.9,7.05,18505
JBMA,20191017,224.9,231,223,224.25,100894
JCHAC,20191017,1926,2000,1906.95,1989.4,4145
JHS,20191017,16.55,16.55,15.25,15.7,35469
JIKIND,20191017,0.2,0.25,0.2,0.25,10792
JINDALPHOT,20191017,12.6,13.8,12.6,13.8,1065
JINDALPOLY,20191017,214.55,219,214.55,217,6218
JINDALSAW,20191017,82.05,85.4,81.65,84.9,378265
JINDALSTEL,20191017,101.25,105.9,99.8,104.55,18532554
JINDCOT,20191017,1.75,1.75,1.75,1.75,10354
JINDRILL,20191017,80.45,80.45,76.2,79.4,7952
JINDWORLD,20191017,59,59.5,58,58.25,135333
JISLDVREQS,20191017,9.35,9.35,9.35,9.35,10179
JISLJALEQS,20191017,12.9,13,11.6,11.7,4634225
JITFINFRA,20191017,6.7,7,6.7,7,1397
JIYAECO,20191017,41.6,44.3,40.4,42.7,406586
JKCEMENT,20191017,1063.3,1073.2,1051.8,1067.25,95569
JKIL,20191017,147.35,153.5,146.95,148.55,605146
JKLAKSHMI,20191017,283.1,288.15,280,286.45,59105
JKPAPER,20191017,123,123.95,120.15,121,1033027
JKTYRE,20191017,66,67.9,65.15,67.05,425909
JMA,20191017,25.95,25.95,23.75,24.15,2975
JMCPROJECT,20191017,105.25,109.5,105,109.25,29342
JMFINANCIL,20191017,72.5,72.9,71.2,72.6,88347
JMTAUTOLTD,20191017,1.1,1.15,1.1,1.15,99917
JOCIL,20191017,85,86.05,85,86.05,63
JPASSOCIAT,20191017,2,2.1,1.95,2.05,6862164
JPINFRATEC,20191017,1.1,1.2,1.1,1.2,990811
JPOLYINVST,20191017,12.4,12.65,11.5,11.5,473
JPPOWER,20191017,1.05,1.15,1,1.15,5687263
JSL,20191017,33.6,34,33.1,33.95,130178
JSLHISAR,20191017,64.05,65.25,63.55,64.5,130405
JSWENERGY,20191017,64.65,66.6,63.2,66.4,891887
JSWHL,20191017,2770,2782.45,2740,2751.45,1360
JSWSTEEL,20191017,218.3,224.7,214.35,222.95,10798747
JTEKTINDIA,20191017,78,80.8,75.95,79.8,38184
JUBILANT,20191017,478,490,467,472.95,322252
JUBLFOOD,20191017,1308,1354.8,1302.15,1343.2,1197606
JUBLINDS,20191017,97.3,102,96,100.45,6671
JUMPNET,20191017,57.45,57.45,54.8,55.5,521364
JUNIORBEES,20191017,283,286.38,281.58,285.71,76880
JUSTDIAL,20191017,587.5,609.85,584.8,606.25,2616639
JYOTHYLAB,20191017,159.9,163,158.2,161.85,498841
KABRAEXTRU,20191017,68,68.9,67.25,67.9,5721
KAJARIACER,20191017,559.5,559.95,545.1,554.1,168397
KAKATCEM,20191017,147.7,155.8,147.7,153.85,3846
KALPATPOWR,20191017,440,442,435,440.15,30896
KALYANIFRG,20191017,157.1,165,157.1,163.8,347
KAMATHOTEL,20191017,35.45,37.5,35.25,36.35,70024
KAMDHENU,20191017,104.55,104.55,95.5,101.05,5415
KANANIIND,20191017,2.95,2.95,2.7,2.7,4366
KANORICHEM,20191017,41.05,42.25,40.3,41.15,7358
KANSAINER,20191017,523.5,526.8,515.1,525.2,204986
KARDA,20191017,164,165.95,156.65,161.65,80666
KARMAENG,20191017,10.8,10.8,9.45,9.85,2951
KARURVYSYA,20191017,57.85,57.85,56.35,56.9,761468
KAUSHALYA,20191017,0.4,0.4,0.4,0.4,2110
KAVVERITEL,20191017,2.55,2.55,2.55,2.55,50
KAYA,20191017,370.75,381.6,356,374.8,17030
KCP,20191017,63.45,65.2,62.65,65,110685
KCPSUGIND,20191017,11.85,11.95,11.7,11.9,48547
KDDL,20191017,345.05,379.9,345.05,371.3,185
KEC,20191017,277.95,280,275.15,277.95,122227
KECL,20191017,7.8,8.2,7.55,7.9,19693
KEI,20191017,545,549.8,541.5,543.15,64086
KELLTONTEC,20191017,16.1,16.25,14.9,15.25,353226
KENNAMET,20191017,1119,1135,1108,1111.4,811
KERNEX,20191017,27.85,27.85,26.65,26.95,7322
KESARENT,20191017,31,31.45,28.05,31.3,2494
KESORAMIND,20191017,53.55,57.8,52.5,56,3216735
KGL,20191017,0.15,0.2,0.15,0.15,565165
KHADIM,20191017,259,265,246.4,249.7,65971
KHAITANLTD,20191017,21,21,21,21,10
KICL,20191017,1599.6,1682.95,1585,1616.05,552
KILITCH,20191017,124.5,124.5,113.1,118.8,4114
KINGFA,20191017,628.75,628.75,608.1,621.65,489
KIOCL,20191017,117.75,119.7,117,117.6,2752
KIRIINDUS,20191017,433.9,438.45,423.7,428.55,50331
KIRLOSBROS,20191017,140.95,144.4,137.25,142.55,6855
KIRLOSENG,20191017,170.05,177.4,170,175.4,4158
KIRLOSIND,20191017,667.05,669.8,659,660.45,1192
KITEX,20191017,88,88.95,83.95,86.65,51662
KKCL,20191017,965.05,990,965,990,36
KMSUGAR,20191017,5.9,5.9,5.4,5.6,108803
KNRCON,20191017,221.6,232,221,231.2,61250
KOHINOOR,20191017,9.45,9.45,9.45,9.45,10314
KOKUYOCMLN,20191017,65.7,66.8,63.65,64.4,79512
KOLTEPATIL,20191017,244.9,250.2,240,247.15,47736
KOPRAN,20191017,25.1,26,24.45,25.4,22629
KOTAKBANK,20191017,1610,1613.6,1586.5,1604.55,2076349
KOTAKBKETF,20191017,294.35,298,292,297.32,239135
KOTAKGOLD,20191017,342.45,342.45,340,341,28981
KOTAKNIFTY,20191017,118.02,119.64,118.02,119.49,29533
KOTAKNV20,20191017,56.1,57.75,56,57.09,29860
KOTAKPSUBK,20191017,214.5,222,214,219.32,4732
KOTARISUG,20191017,9.55,10,9.55,9.9,8411
KOTHARIPET,20191017,16.25,16.25,15.65,16,5082
KOTHARIPRO,20191017,60,65.75,53.4,65.75,90858
KPITTECH,20191017,96.15,99.7,95.5,97.1,173562
KPRMILL,20191017,556.15,567.4,556.15,564.5,4142
KRBL,20191017,201.4,205.5,198.95,201.55,104827
KREBSBIO,20191017,82,90,82,89.35,4755
KRIDHANINF,20191017,6.1,6.35,5.85,6.3,52447
KRISHANA,20191017,51.25,51.25,51.25,51.25,1
KSB,20191017,652.95,697.9,652,673.45,4889
KSCL,20191017,468.1,487.05,466.25,471.7,188491
KSERASERA,20191017,0.1,0.1,0.05,0.1,494203
KSK,20191017,0.45,0.5,0.4,0.45,507602
KSL,20191017,188,188.95,185,185.5,26372
KTIL,20191017,32.8,32.8,30.1,31.15,1071
KTKBANK,20191017,68.8,69.4,67.8,68.7,1078288
KWALITY,20191017,1.8,1.8,1.8,1.8,142068
L&TFH,20191017,83.05,86,80.7,85.6,12680745
LAKSHVILAS,20191017,19.95,19.95,19.95,19.95,56861
LALPATHLAB,20191017,1373.95,1391,1367.3,1388.15,51576
LAMBODHARA,20191017,30.6,30.6,28.65,29.45,1840
LAOPALA,20191017,172,177,171.05,175.95,34768
LASA,20191017,17.6,18.25,17.4,18.15,22283
LAURUSLABS,20191017,319,319,308.75,310.25,147246
LAXMIMACH,20191017,3331,3670,3318.95,3625.95,14930
LEMONTREE,20191017,56.05,56.5,56,56.1,153452
LFIC,20191017,50,50,45.1,50,919
LGBBROSLTD,20191017,277.95,277.95,257.85,264.25,4005
LGBFORGE,20191017,2.45,2.6,2.45,2.55,1100
LIBERTSHOE,20191017,106.1,111,105.3,108.8,156529
LICHSGFIN,20191017,373.7,382.95,369.45,381.7,2587160
LICNETFGSC,20191017,20.48,20.48,20.01,20.41,535
LICNETFN50,20191017,120,121.5,120,121.5,70
LICNFNHGP,20191017,120,123.25,120,123.25,52
LINCOLN,20191017,154.25,154.25,146.05,150.45,6802
LINCPEN,20191017,184.5,184.5,177,182.75,294
LINDEINDIA,20191017,510.9,522,508.5,515.9,7463
LIQUIDBEES,20191017,1008,1008,999.99,999.99,639802
LIQUIDETF,20191017,999.99,1000.01,999.99,1000,6382
LOKESHMACH,20191017,34.55,36.5,34,36.3,16976
LOTUSEYE,20191017,19.8,20.5,19.3,20,554
LOVABLE,20191017,57.9,58.35,57.2,57.5,8208
LPDC,20191017,1.55,1.55,1.4,1.4,6461
LSIL,20191017,0.45,0.5,0.4,0.45,1391120
LT,20191017,1428,1438.6,1420.2,1424.35,2304434
LTI,20191017,1535.1,1539,1494.9,1499.15,119671
LTTS,20191017,1559.95,1599.95,1548.15,1593.3,47391
LUMAXIND,20191017,1259.95,1269,1226,1257.85,1566
LUMAXTECH,20191017,88,91,86.95,90.5,10991
LUPIN,20191017,731.5,732,719,726.5,744122
LUXIND,20191017,1153.95,1179.7,1139.05,1162.7,54846
LYKALABS,20191017,16.15,17.2,15.7,16.2,4963
LYPSAGEMS,20191017,4.4,4.4,4.1,4.2,10513
M&M,20191017,581.1,596.35,578.75,593.3,3744228
M&MFIN,20191017,306,317.8,304,316.1,1439799
M100,20191017,16.53,16.6,16.31,16.54,11040
M50,20191017,111.86,113.67,111.7,113.11,544
MAANALU,20191017,62,62,60,60.35,3827
MADHAV,20191017,24.4,24.9,23.15,24.45,1047
MADHUCON,20191017,3.5,3.55,3.45,3.45,70716
MADRASFERT,20191017,19.8,20.1,19.6,19.8,154826
MAGADSUGAR,20191017,104.95,104.95,99.75,101.75,12947
MAGMA,20191017,46.85,50.65,45.85,50.45,95727
MAGNUM,20191017,3.3,3.45,3.3,3.45,792
MAHABANK,20191017,9.45,9.75,9.45,9.6,428387
MAHAPEXLTD,20191017,80.6,86,80.6,86,835
MAHASTEEL,20191017,141.1,145,139.65,143.6,10227
MAHESHWARI,20191017,217.9,220,216.1,217.2,34385
MAHINDCIE,20191017,144.2,146.7,138.85,142.9,257261
MAHLIFE,20191017,433,444.95,427.75,434.45,32304
MAHLOG,20191017,363.75,363.8,351.1,353.8,26662
MAHSCOOTER,20191017,4549.95,4665,4517.85,4596.9,20616
MAHSEAMLES,20191017,353.1,364,353,355.9,8185
MAITHANALL,20191017,454,464.2,453.95,456.05,13598
MAJESCO,20191017,414,422.1,410.55,420.05,18906
MALUPAPER,20191017,28.25,28.25,25.65,25.9,269844
MAN50ETF,20191017,116.3,117.5,116.05,116.79,16
MANAKALUCO,20191017,4.3,4.45,4,4.15,8174
MANAKCOAT,20191017,5.3,5.3,4.5,4.7,8887
MANAKSIA,20191017,32.25,32.9,31.05,31.55,3357
MANAKSTEEL,20191017,10.85,10.85,9.55,10,2523
MANALIPETC,20191017,17.5,17.85,17.45,17.7,132646
MANAPPURAM,20191017,134.85,144.9,133.75,144.15,7884295
MANGALAM,20191017,27.15,27.15,25.1,25.65,15218
MANGCHEFER,20191017,30.4,30.4,28.15,29.8,59176
MANGLMCEM,20191017,295,301.95,291.2,295.1,19937
MANGTIMBER,20191017,5.25,5.25,5,5.05,7258
MANINDS,20191017,39.9,42,39.9,41.9,38081
MANINFRA,20191017,19.6,21.9,19.4,21.35,434211
MANUGRAPH,20191017,13.6,13.6,13.2,13.3,237
MARALOVER,20191017,18.5,18.5,17.3,17.5,2718
MARATHON,20191017,72.7,73.8,70.1,70.35,1992
MARICO,20191017,380.05,389.9,378.8,387.55,1438251
MARKSANS,20191017,12.8,15.2,12.7,14.25,908773
MARUTI,20191017,6977,7155.55,6940,7123.9,1248295
MASFIN,20191017,692.9,692.9,662.05,672.35,7446
MASTEK,20191017,320.45,350,294.05,331.85,594026
MATRIMONY,20191017,535,540,522.3,527.65,2906
MAWANASUG,20191017,34.25,34.25,32.85,33.25,41688
MAXINDIA,20191017,62.65,64.8,62.2,64.05,49491
MAXVIL,20191017,38.65,39.9,38.1,38.55,16487
MAYURUNIQ,20191017,211,221.5,205.5,215.45,16728
MAZDA,20191017,368,368,355.1,362.6,749
MBAPL,20191017,76.05,76.05,75,75,700
MBECL,20191017,3.65,3.7,3.4,3.45,13004
MBLINFRA,20191017,4.9,4.9,4.5,4.55,21638
MCDHOLDING,20191017,18.3,18.3,16.7,17.4,9330
MCDOWELL-N,20191017,628.5,637.1,625.15,635.45,1328903
MCLEODRUSS,20191017,6.25,6.45,6.15,6.25,275057
MCX,20191017,1025,1037,999.25,1005.05,1305331
MEGASOFT,20191017,6.1,6.8,6.1,6.45,2012
MEGH,20191017,51.45,52,50.2,51.55,548915
MENONBE,20191017,59,59.65,59,59.15,2469
MEP,20191017,27.1,29.1,26.9,28.4,126359
MERCATOR,20191017,0.7,0.75,0.7,0.7,342584
METALFORGE,20191017,4.65,5,4.5,4.95,3969
METROPOLIS,20191017,1274.2,1279,1262.85,1270.65,18064
MFSL,20191017,406.95,410.25,403.3,405.35,381723
MGL,20191017,981,983.95,962.1,974.85,413506
MHRIL,20191017,208.45,214.75,207.9,213.1,16239
MIC,20191017,0.45,0.5,0.4,0.5,154727
MIDHANI,20191017,127.1,131.75,125,129.3,300473
MINDACORP,20191017,81.55,82.8,80.5,81.45,44619
MINDAIND,20191017,357,362.1,352,357.15,57606
MINDTECK,20191017,31.5,32.75,30.75,31,2643
MINDTREE,20191017,745,745,718.35,729.4,3357028
MIRCELECTR,20191017,9.1,9.3,8.55,8.55,643416
MIRZAINT,20191017,53.5,54.8,53.5,54.5,132912
MMFL,20191017,368.1,374.4,365.05,370.5,1306
MMTC,20191017,15.85,16.25,15.3,15.6,1242264
MOHOTAIND,20191017,12,12.85,11.95,11.95,7419
MOIL,20191017,134,134,130.8,133.45,81644
MOLDTECH,20191017,52.25,52.5,51.55,51.7,2726
MOLDTKPAC,20191017,300.05,312.65,300,306.7,25803
MONTECARLO,20191017,243.1,248.8,237,239.6,8138
MORARJEE,20191017,12.1,13,12.1,12.9,606
MOREPENLAB,20191017,15.95,16.4,15.9,16.3,368437
MOTHERSUMI,20191017,99.5,112,99.25,109.35,23576126
MOTILALOFS,20191017,630.4,650,630.4,640.25,53431
MOTOGENFIN,20191017,32,33.45,30.4,32.65,795
MPHASIS,20191017,924,924.95,917.1,923.65,49462
MPSLTD,20191017,490.05,490.05,480,480.15,2416
MRF,20191017,62896,65711.6,62656,64901.9,7039
MRO-TEK,20191017,19.95,19.95,19.95,19.95,646
MRPL,20191017,51.6,51.85,50.7,51.5,209320
MSPL,20191017,4.45,4.85,4.45,4.7,518
MSTCLTD,20191017,101.3,102,98,99.2,48953
MTEDUCARE,20191017,12.65,13.95,12.65,13.95,26761
MTNL,20191017,5,5.3,5,5.2,353895
MUKANDENGG,20191017,11.95,11.95,11.3,11.5,2326
MUKANDLTD,20191017,32.4,32.4,29,31.15,9442
MUKTAARTS,20191017,38.3,41.9,38.25,40.05,272956
MUNJALAU,20191017,37.35,39.2,37.35,38.7,73969
MUNJALSHOW,20191017,130,140.3,124,131.8,17314
MURUDCERA,20191017,15.4,15.4,14.8,15.1,20575
MUTHOOTCAP,20191017,455,458,446,452.4,4693
MUTHOOTFIN,20191017,647.6,656.9,637.6,654.1,828043
MVL,20191017,0.05,0.1,0.05,0.1,84496
N100,20191017,557.95,558,555.3,557.92,5655
NACLIND,20191017,26.8,28,25.8,27.7,23396
NAGAFERT,20191017,2.65,2.75,2.65,2.7,147428
NAGAROIL,20191017,0.25,0.25,0.2,0.2,589643
NAGREEKCAP,20191017,6.95,6.95,6.9,6.9,180
NAGREEKEXP,20191017,16.2,16.75,15.95,16.05,2393
NAHARCAP,20191017,68.6,71,68.6,70,590
NAHARINDUS,20191017,22.3,23.35,21.4,23.15,8962
NAHARPOLY,20191017,33,35.65,32.1,32.75,2831
NAHARSPING,20191017,49.8,49.9,46.95,49.15,33901
NATCOPHARM,20191017,570.65,578,565,574.15,67908
NATHBIOGEN,20191017,349,349,323,327.15,2786
NATIONALUM,20191017,40.1,40.55,39.6,40.4,19687056
NATNLSTEEL,20191017,1.85,1.9,1.85,1.85,1315
NAUKRI,20191017,2272.75,2298,2263.1,2285.7,394123
NAVINFLUOR,20191017,721,754.5,721,748.95,76244
NAVKARCORP,20191017,35.1,35.1,32.7,33.7,152793
NAVNETEDUL,20191017,98,101,98,99.95,51477
NBCC,20191017,33.45,34.45,33,34.3,15768082
NBIFIN,20191017,1433,1433,1390,1392.25,8
NBVENTURES,20191017,74.9,74.9,73.3,74.2,33030
NCC,20191017,48.85,51.35,48.3,50.7,17769949
NCLIND,20191017,93.9,94.4,92.1,93.6,40512
NDGL,20191017,530,555,505.5,549.85,320
NDL,20191017,34.75,34.75,30.05,31.3,13285
NDTV,20191017,30,31,29.5,30.5,7704
NECCLTD,20191017,5.05,5.15,4.85,5.05,20678
NECLIFE,20191017,11.4,11.8,10.9,11.45,160620
NELCAST,20191017,36.9,38.7,36.35,38.25,45523
NELCO,20191017,238.8,251.95,235,250,124952
NEOGEN,20191017,379,384,370.4,381.65,13060
NESCO,20191017,576.6,587,570,572,10061
NESTLEIND,20191017,14383,14630.35,14160,14516.85,114493
NETF,20191017,115.59,116.98,115.59,116.98,310
NETWORK18,20191017,19.65,19.7,19.15,19.6,212040
NEULANDLAB,20191017,479,489,478.55,482.45,3202
NEWGEN,20191017,269.8,269.8,266,267.8,2156
NEXTMEDIA,20191017,9.75,10.25,8.75,8.9,2868
NFL,20191017,24.85,25.1,24.75,25,167511
NH,20191017,228.6,234,228.55,231.9,9460
NHPC,20191017,23.35,23.6,23,23.3,3494627
NIACL,20191017,120,136.6,115.5,136.6,4933769
NIBL,20191017,7.75,8.1,7.7,7.85,5378
NIFTYBEES,20191017,1211.4,1228,1207.7,1224.8,57285
NIFTYEES,20191017,14100,14790,14100,14790,2
NIITLTD,20191017,76,81.8,74,78.05,1589409
NIITTECH,20191017,1413,1419.8,1395.7,1406.7,114889
NILAINFRA,20191017,3.9,4,3.75,3.85,174678
NILASPACES,20191017,0.95,1,0.9,0.95,221667
NILKAMAL,20191017,1175.2,1218.05,1175.2,1210.35,7495
NIPPOBATRY,20191017,460.05,465.9,446.1,449.8,1416
NITCO,20191017,23.95,24.3,23.1,23.5,42314
NITESHEST,20191017,1.55,1.6,1.5,1.5,126038
NITINSPIN,20191017,48.5,49.75,48.05,49.3,14122
NKIND,20191017,30.1,30.2,30.1,30.2,193
NLCINDIA,20191017,53.4,53.4,52.55,53,333852
NMDC,20191017,102,103.2,100.4,102.2,5030398
NOCIL,20191017,103.9,111.5,101.8,109.9,1398227
NOIDATOLL,20191017,3.55,3.7,3.45,3.6,13882
NPBET,20191017,161.18,164.83,160.88,163.2,1115
NRAIL,20191017,231.9,234,225.1,227.9,4434
NRBBEARING,20191017,102.85,105.8,99,103.95,129651
NSIL,20191017,754,785,733.1,745,190
NTL,20191017,0.35,0.4,0.35,0.4,10036
NTPC,20191017,117.7,119.2,116.95,118.7,10163035
NUCLEUS,20191017,308,312,306.75,310.85,9011
OAL,20191017,191,202,191,200.05,2418
OBEROIRLTY,20191017,507,517.45,503.55,515.35,184349
OCCL,20191017,1006.5,1026,998.1,1004.85,10663
OFSS,20191017,3152.95,3168,3049.9,3090.2,11468
OIL,20191017,161.3,163.85,159.35,163.55,624926
OILCOUNTUB,20191017,6.5,6.85,6.45,6.75,6517
OISL,20191017,4.55,4.95,4.55,4.7,31739
OLECTRA,20191017,188.5,189.9,184.1,186.1,24813
OMAXAUTO,20191017,40,44.6,39.55,43.25,19549
OMAXE,20191017,188.15,189.45,186.4,186.7,138066
OMKARCHEM,20191017,4.65,4.9,4.55,4.55,27201
OMMETALS,20191017,19.65,19.95,18.8,19.2,38733
ONELIFECAP,20191017,4.85,4.85,4.85,4.85,574
ONEPOINT,20191017,14.35,14.5,13.8,14.5,2473
ONGC,20191017,141.1,141.9,139.15,141.4,9372042
ONMOBILE,20191017,32.1,32.15,31.15,31.5,71786
ONWARDTEC,20191017,65.85,66.25,62.6,62.75,5254
OPTIEMUS,20191017,30.4,30.75,28.8,30.7,113887
OPTOCIRCUI,20191017,4.1,4.1,3.9,3.9,123483
ORBTEXP,20191017,90.5,92.9,90.5,91.05,1104
ORICONENT,20191017,19.35,19.45,18.75,18.95,43885
ORIENTABRA,20191017,16.05,16.5,15.8,16.4,8391
ORIENTALTL,20191017,13.3,13.85,13.25,13.3,2856
ORIENTBANK,20191017,50.9,52.4,50.6,52.1,614014
ORIENTBELL,20191017,119.8,121.05,116.15,117.8,3951
ORIENTCEM,20191017,85,85.6,83.5,84.35,46649
ORIENTELEC,20191017,157.85,164.45,156.1,162.75,294777
ORIENTHOT,20191017,35.15,35.75,35,35.4,6682
ORIENTLTD,20191017,94.1,108.3,94.05,101.05,204
ORIENTPPR,20191017,26.45,26.7,25.8,26.05,264093
ORIENTREF,20191017,207.5,211,207.5,209.55,15968
ORISSAMINE,20191017,922.8,934.8,892.3,899.7,19966
ORTINLABSS,20191017,10.95,10.95,9.5,9.65,12623
OSWALAGRO,20191017,5.1,5.5,4.95,5.1,14080
PAEL,20191017,2.9,2.9,2.9,2.9,509
PAGEIND,20191017,20900,21755,20852.15,21555.4,38218
PAISALO,20191017,437,459.75,425,452.1,46420
PALASHSECU,20191017,34.05,35.45,33.2,34.35,3516
PALREDTEC,20191017,14.95,15.45,14.5,15.1,1051
PANACEABIO,20191017,141.05,141.75,137,137.85,12559
PANAMAPET,20191017,71.15,72.3,70.05,71.05,7177
PAPERPROD,20191017,238.15,242.75,236.1,241.45,26330
PARABDRUGS,20191017,1.1,1.1,1,1,1770
PARACABLES,20191017,7.85,8,7.2,7.5,147158
PARAGMILK,20191017,154.25,157.65,151.85,153.35,319327
PARSVNATH,20191017,2.55,2.7,2.5,2.65,241612
PATELENG,20191017,9.45,9.8,9.3,9.6,123871
PATINTLOG,20191017,21.5,21.65,20.25,21.1,26515
PATSPINLTD,20191017,5.6,5.6,4.7,5.1,20145
PCJEWELLER,20191017,32,32.6,31.9,32.3,5138268
PDMJEPAPER,20191017,14.4,14.4,13.9,14.4,407868
PDPL,20191017,2.55,2.55,2.55,2.55,1931
PDSMFL,20191017,319.95,323.95,314.35,322,850
PEARLPOLY,20191017,8,8,8,8,1000
PEL,20191017,1374.9,1475,1368,1468.85,2651249
PENIND,20191017,24.95,27,24.45,26.25,257955
PENINLAND,20191017,3.75,3.85,3.5,3.65,164621
PERSISTENT,20191017,593.35,619,593.35,606.75,117182
PETRONENGG,20191017,7.4,7.75,7.4,7.75,462
PETRONET,20191017,261.5,264.85,261.15,262.95,2910624
PFC,20191017,96,96.4,93.15,95.15,6824967
PFIZER,20191017,3190,3218.7,3182.75,3195.65,9932
PFOCUS,20191017,57.7,59.5,54.3,56.55,123554
PFS,20191017,12.3,12.65,12.25,12.55,374400
PGEL,20191017,36.4,38.95,33.85,36.3,274588
PGHH,20191017,11600,11850,11505,11693.8,5191
PGHL,20191017,4419.8,4460,4411,4441.4,6248
PGIL,20191017,155.15,163.8,155.1,159.6,1302
PHILIPCARB,20191017,115.45,121.1,114.1,118.45,836747
PHOENIXLTD,20191017,694.6,703.75,693.25,700.65,24463
PIDILITIND,20191017,1361,1374.85,1353,1357.2,1002807
PIIND,20191017,1312,1319,1305,1314.35,92947
PILANIINVS,20191017,2030,2030,1870,1899.45,2668
PILITA,20191017,4.6,4.85,4.6,4.8,48635
PIONDIST,20191017,126.5,132.8,126.1,129.25,4833
PIONEEREMB,20191017,22.2,22.85,21.6,22.15,2439
PIRPHYTO,20191017,18.4,18.65,18.4,18.5,13886
PITTIENG,20191017,39.55,40.7,39.5,40,6360
PKTEA,20191017,111,116.8,110.5,116.7,126
PLASTIBLEN,20191017,175,175.05,169.25,171.05,2012
PNB,20191017,57.4,59.3,57.05,59.05,21574463
PNBGILTS,20191017,27,28.2,27,27.5,126182
PNBHOUSING,20191017,396,437,370.5,410.75,4208364
PNC,20191017,14.3,14.3,12.1,12.65,4380
PNCINFRA,20191017,169.65,174.25,167.5,172.8,78467
PODDARHOUS,20191017,379,388.5,370,388.4,1346
PODDARMENT,20191017,170,174,162.3,164.1,4032
POKARNA,20191017,157.5,157.5,154.05,155.1,14700
POLYCAB,20191017,719.6,730.4,711.05,719.3,156975
POLYMED,20191017,210,213,209.75,211.35,19432
POLYPLEX,20191017,459,463.65,453,458.1,26822
PONNIERODE,20191017,109.75,109.75,107.1,107.35,820
POWERGRID,20191017,198.75,199.75,196.5,197.7,4443652
POWERMECH,20191017,691,695,676.7,682.9,10571
PPAP,20191017,194.15,201.2,192.7,196.35,9198
PPL,20191017,63.2,65.9,63.2,64.7,68296
PRABHAT,20191017,78.55,80,78.5,80,62850
PRADIP,20191017,0.4,0.4,0.4,0.4,3910
PRAENG,20191017,5.75,5.8,5.3,5.5,12149
PRAJIND,20191017,104.6,107.4,103.1,105.95,2991439
PRAKASH,20191017,42.05,42.9,41.95,42.3,139109
PRAKASHSTL,20191017,0.2,0.2,0.2,0.2,5
PRAXIS,20191017,60,63.5,59.2,63.1,4339
PRECAM,20191017,29,30.9,28.5,28.65,56972
PRECOT,20191017,25,25,25,25,506
PRECWIRE,20191017,148.9,150,144,149,8925
PREMEXPLN,20191017,168.45,172,168.25,171.1,1636
PREMIER,20191017,2.65,2.65,2.65,2.65,215
PREMIERPOL,20191017,18.8,21.85,18.75,19.25,3961
PRESSMN,20191017,20,20.3,19.65,19.7,3674
PRESTIGE,20191017,293.5,293.85,285,286.2,67216
PRICOLLTD,20191017,32.85,33.5,31.5,32.55,68324
PRIMESECU,20191017,39.3,45.8,38.35,42.65,100530
PROSEED,20191017,0.2,0.3,0.2,0.3,9612
PROVOGE,20191017,0.8,0.85,0.8,0.85,144184
PROZONINTU,20191017,14.2,14.85,14.05,14.45,31609
PRSMJOHNSN,20191017,76.25,77.25,75.5,76.75,140289
PSB,20191017,17.1,17.55,16.9,17.4,24864
PSL,20191017,0.5,0.6,0.5,0.6,6200
PSPPROJECT,20191017,550,553.4,542.15,551.15,23449
PSUBNKBEES,20191017,237.14,245,237,244.42,3150
PTC,20191017,54.2,54.2,53.3,53.5,491932
PTL,20191017,36.6,36.6,35.25,35.4,4843
PUNJABCHEM,20191017,534.9,549.95,525.1,540.85,703
PURVA,20191017,62.15,64,61.2,62.75,53326
PVR,20191017,1834.65,1856.95,1806,1840.9,1912435
QGOLDHALF,20191017,1685,1686,1677,1679.85,364
QNIFTY,20191017,1179.5,1180,1179.5,1180,63
QUESS,20191017,469.15,471.2,458.35,462.4,47276
QUICKHEAL,20191017,116.7,122.3,116.25,121.25,146550
QUINTEGRA,20191017,0.85,0.85,0.8,0.85,40025
RADAAN,20191017,1.1,1.1,1,1,1776
RADICO,20191017,299.3,305,297.35,304.5,148972
RADIOCITY,20191017,34.4,34.4,30.2,31.25,82056
RAIN,20191017,87.45,94.4,85.3,93.15,1299420
RAJESHEXPO,20191017,672.4,678.1,671,672.3,320102
RAJSREESUG,20191017,17.2,17.2,15,16.25,11406
RAJTV,20191017,46.95,47.95,45,46,5293
RALLIS,20191017,170.4,175.8,168.1,171.45,300015
RAMANEWS,20191017,17,17.2,15.75,17,11615
RAMASTEEL,20191017,52.95,53.7,49.6,50.9,18722
RAMCOCEM,20191017,732,748,727.5,743.8,379505
RAMCOIND,20191017,167.05,174.9,166.15,173.25,19099
RAMCOSYS,20191017,150.3,151.95,149,149.85,4193
RAMKY,20191017,36.6,44,36.6,42.95,108001
RANASUG,20191017,2.1,2.1,1.95,2.1,212372
RANEENGINE,20191017,199.6,229,199.6,214.1,3752
RANEHOLDIN,20191017,884.95,901,857.75,883.8,1520
RATNAMANI,20191017,926.75,929,911.25,925.85,6843
RAYMOND,20191017,572.95,575,565,571.1,197171
RBL,20191017,504.8,506,487.25,494.7,22299
RBLBANK,20191017,255,293.5,253.35,290.2,30328703
RCF,20191017,47.75,48.35,47.3,48.05,591540
RCOM,20191017,0.7,0.75,0.7,0.7,4716491
RECLTD,20191017,124.25,125.9,122.35,124.5,4543796
REDINGTON,20191017,108.75,108.95,106.8,107.8,292337
REFEX,20191017,48,48.65,46.65,46.65,63810
REGENCERAM,20191017,1.6,1.6,1.6,1.6,69
RELAXO,20191017,496.15,503,494,500.45,104665
RELCAPITAL,20191017,12.9,13.2,12.7,12.85,6427105
RELCNX100,20191017,118.33,121.16,118.22,121.16,322
RELCONS,20191017,52.78,53.95,52.7,53.72,13536
RELDIVOPP,20191017,29.3,29.5,29.3,29.5,299
RELIANCE,20191017,1375,1399,1372,1396.5,7332464
RELIGARE,20191017,43,43.6,41.45,43.1,940263
RELINFRA,20191017,18.5,20.15,18,19.8,4659583
RELNV20,20191017,555.02,575,555.02,572.65,313
REMSONSIND,20191017,86.1,86.95,85.65,86.85,5027
RENUKA,20191017,6.7,6.8,6.6,6.75,369099
REPCOHOME,20191017,290.85,300,288,290.7,192789
REPRO,20191017,560,574,552.2,570.25,8333
RESPONIND,20191017,90,92.5,89.05,91.15,244089
RETFMID150,20191017,58.24,59,58.24,58.92,24471
REVATHI,20191017,340.45,354.4,340.4,344.5,124
RGL,20191017,247,253.05,247,248.6,1888
RHFL,20191017,3.15,3.3,3.05,3.25,508742
RICOAUTO,20191017,39.8,41.95,39,41.55,530550
RIIL,20191017,252,259,248.65,256.15,270737
RITES,20191017,262.5,264.55,257.7,261.8,417259
RKDL,20191017,6.05,6.05,6.05,6.05,500
RKFORGE,20191017,265.15,273,262.1,266.45,18726
RMCL,20191017,4.65,4.8,4.5,4.55,70117
RML,20191017,255,280.9,253,264.15,9098
RNAM,20191017,260.9,275,260.85,271.3,1736271
RNAVAL,20191017,2.4,2.4,2.4,2.4,363680
ROHITFERRO,20191017,0.6,0.6,0.6,0.6,5350
ROHLTD,20191017,77,79,76,77.55,8513
ROLLT,20191017,2.15,2.15,2.15,2.15,1870
ROLTA,20191017,4.2,4.25,4.1,4.2,164671
ROSSELLIND,20191017,58,61.4,55.45,57.25,7646
RPGLIFE,20191017,193,197.5,192.4,193.2,12487
RPOWER,20191017,1.9,2,1.8,1.95,28688826
RPPINFRA,20191017,77.75,77.75,77.75,77.75,824
RRSLGETF,20191017,20.05,20.06,20,20.03,7186
RSSOFTWARE,20191017,16.9,18.5,16.25,16.55,364366
RSWM,20191017,107.7,109,103.25,104.4,62419
RSYSTEMS,20191017,38.9,39.35,38.8,39,1359
RTNINFRA,20191017,1.55,1.55,1.5,1.5,270493
RTNPOWER,20191017,1.4,1.4,1.35,1.4,805832
RUBYMILLS,20191017,168,172.9,163,170.9,2577
RUCHINFRA,20191017,1.8,1.9,1.8,1.9,7946
RUCHIRA,20191017,84.4,84.7,80.85,81.95,51760
RUCHISOYA,20191017,3.8,3.9,3.75,3.8,1345418
RUPA,20191017,160,165,159.4,163.3,20346
RUSHIL,20191017,94.95,100,94.95,95.5,43152
RVNL,20191017,24,24.15,22.95,23.45,6795334
SABTN,20191017,1.9,1.95,1.9,1.95,2614
SADBHAV,20191017,131.2,141.9,131.2,138.25,862265
SADBHIN,20191017,44.05,46.05,43.45,45.25,23650
SAFARI,20191017,575.15,593.55,575,578.05,1055
SAGARDEEP,20191017,57,57,53,53.6,11354
SAGCEM,20191017,537,555,537,548.3,15948
SAIL,20191017,32.6,33.8,32,33.55,25315121
SAKAR,20191017,47.85,49.95,45.8,48.7,3746
SAKHTISUG,20191017,7.55,7.8,7.5,7.7,17759
SAKSOFT,20191017,237,243.3,230.35,240.1,3814
SAKUMA,20191017,7.45,7.55,7.1,7.25,159536
SALASAR,20191017,91.95,93.5,91,92.65,12240
SALONA,20191017,76,76,69,69.55,244
SALSTEEL,20191017,2.4,2.4,2.4,2.4,3619
SALZERELEC,20191017,113.25,118,112,114.35,6735
SAMBHAAV,20191017,2.5,2.5,2.4,2.45,14192
SANCO,20191017,17,17.4,16.6,17.2,20145
SANDESH,20191017,568.05,593,568.05,579,304
SANDHAR,20191017,234.65,234.65,229.65,230.25,2051
SANGAMIND,20191017,37.6,37.8,36.2,37.15,2385
SANGHIIND,20191017,48.2,49,48.2,48.65,43188
SANGHVIFOR,20191017,29.45,32.2,29.45,30.15,2889
SANGHVIMOV,20191017,72.15,73.45,69,70.05,35483
SANGINITA,20191017,117,121.05,117,119.4,35597
SANOFI,20191017,5995,6080,5980,6052.8,4607
SANWARIA,20191017,1.5,1.5,1.5,1.5,974248
SARDAEN,20191017,158.9,161.75,157.05,159.2,24306
SAREGAMA,20191017,333.85,338,331.25,334.35,29789
SARLAPOLY,20191017,20.95,20.95,20.6,20.9,33832
SASKEN,20191017,609.95,610,601.15,607.85,1305
SASTASUNDR,20191017,89,91.8,87.9,90.6,3376
SATHAISPAT,20191017,3.8,3.8,3.8,3.8,12781
SATIA,20191017,72,72.7,71.15,71.8,38630
SATIN,20191017,256.9,261.05,250,256.7,34547
SBIETFQLTY,20191017,99,99.9,95.7,98.96,1668
SBILIFE,20191017,880,928.5,880,902.9,3687636
SBIN,20191017,256.4,266,255.6,265.45,37061013
SCAPDVR,20191017,0.4,0.4,0.4,0.4,7917
SCHAEFFLER,20191017,4140.05,4150,4050.2,4090.85,31074
SCHAND,20191017,60.6,60.8,57.35,58.7,38516
SCHNEIDER,20191017,69.8,72.55,68.85,71.55,69287
SCI,20191017,43.3,43.7,42.5,42.9,1100641
SDBL,20191017,112.8,112.9,106.75,111.4,10987
SEAMECLTD,20191017,358.3,367.2,355,362.45,890
SELAN,20191017,134,134,131.05,132.4,10052
SELMCL,20191017,0.6,0.6,0.55,0.6,22701
SEPOWER,20191017,2.8,2.8,2.5,2.55,128
SEQUENT,20191017,74.55,78.6,73.75,75.35,320523
SESHAPAPER,20191017,180,184.5,176,178.3,9946
SETCO,20191017,15.6,15.65,15,15.2,170056
SETF10GILT,20191017,186.98,186.98,179.55,181.05,107
SETFGOLD,20191017,3436.5,3457.95,3435,3446.55,1163
SETFNIF50,20191017,119,119.2,117.55,119.02,106384
SETFNIFBK,20191017,288.06,293.9,287.64,292.9,9772
SETFNN50,20191017,280,284.99,278.76,282.25,2184
SETUINFRA,20191017,1.5,1.55,1.5,1.5,59181
SEYAIND,20191017,364.95,365,318,340.95,33839
SFL,20191017,1231.35,1257.5,1231.3,1249.95,3272
SGL,20191017,6.9,7.95,6.9,7.55,722
SHAHALLOYS,20191017,8,8.05,8,8,2225
SHAKTIPUMP,20191017,281.8,284.7,276.5,279.15,19972
SHALBY,20191017,86.4,89.7,86,88.5,22190
SHALPAINTS,20191017,95,102,94,96.5,180159
SHANKARA,20191017,287.8,292.75,285.8,287.45,34697
SHANTIGEAR,20191017,92.05,96.55,91.3,93.85,29423
SHARDACROP,20191017,286.2,290,275.25,286.5,5259
SHARDAMOTR,20191017,801.5,805.05,775,796.6,1020
SHARIABEES,20191017,259.38,259.38,259.38,259.38,19
SHEMAROO,20191017,247.2,248.35,225,228.5,17194
SHILPAMED,20191017,259.4,261,253.1,259.9,5115
SHIRPUR-G,20191017,9.4,9.85,9.3,9.45,8577
SHIVAMAUTO,20191017,20.6,22.55,20.6,22.1,44980
SHIVAMILLS,20191017,31.85,33.5,31,31.75,732
SHIVATEX,20191017,105.05,114.25,105.05,109.1,221
SHK,20191017,120.8,121.5,118,120.3,57994
SHOPERSTOP,20191017,393.5,398.8,390.1,394.1,7521
SHREDIGCEM,20191017,16.6,17.1,16.5,16.7,56399
SHREECEM,20191017,18650,18699.95,17750,18190.35,40037
SHREEPUSHK,20191017,89.05,94.8,86.8,91.45,14412
SHREERAMA,20191017,3.25,3.25,3.15,3.15,7655
SHRENIK,20191017,49.4,50.1,49.4,50.1,14850
SHREYANIND,20191017,119.9,121.55,116.15,117.55,31626
SHREYAS,20191017,78,79.9,74.1,75.75,5719
SHRIPISTON,20191017,696,732,695,705.15,239
SHRIRAMCIT,20191017,1328.3,1350,1325.5,1349.65,14786
SHRIRAMEPC,20191017,8.5,9.35,8.35,9.25,398260
SHYAMCENT,20191017,2.5,2.55,2.45,2.55,4621
SHYAMTEL,20191017,5.35,5.85,5.35,5.85,2035
SICAGEN,20191017,14.6,14.95,14.3,14.55,3945
SICAL,20191017,19.65,21.6,19.65,19.7,566618
SIEMENS,20191017,1610.2,1632.4,1608.4,1622.55,857899
SIGIND,20191017,18.4,19.75,18.1,19.5,29602
SIL,20191017,10.65,10.65,10.2,10.2,2213
SILINV,20191017,144,155,143.95,148.75,2591
SIMBHALS,20191017,6.25,6.6,6,6.05,3563
SIMPLEXINF,20191017,40.1,41.05,39.05,39.75,59582
SINTEX,20191017,1.3,1.3,1.3,1.3,410229
SIRCA,20191017,188,188,184,185.95,2060
SIS,20191017,872,913.95,871.95,897.55,6078
SITINET,20191017,1.8,1.8,1.7,1.75,121880
SIYSIL,20191017,213.95,216,210.9,215.3,17413
SJVN,20191017,24.55,24.65,24.15,24.2,906979
SKFINDIA,20191017,2134.1,2159,2090.05,2127.15,8850
SKIL,20191017,3.8,3.95,3.7,3.95,16227
SKIPPER,20191017,51.9,52.45,46.8,51.75,28116
SKMEGGPROD,20191017,38.2,39.4,37.9,38.2,13358
SMARTLINK,20191017,82.1,85,82.1,84.15,2588
SMLISUZU,20191017,536.3,604,536.3,576.15,53910
SMSLIFE,20191017,231.05,244.15,230.2,244.15,8600
SMSPHARMA,20191017,41.25,42.3,40.6,41.95,14779
SNOWMAN,20191017,36.95,38.05,36.8,37.95,341525
SOBHA,20191017,454.95,458,446.1,455.85,66477
SOLARA,20191017,408.95,422,400.55,404.95,34023
SOLARINDS,20191017,1096.55,1105,1082.15,1088.1,21459
SOMANYCERA,20191017,191.05,191.05,180,181.65,221675
SOMATEX,20191017,2.65,2.75,2.65,2.75,1357
SOMICONVEY,20191017,11.85,12.2,11,11.55,6024
SONATSOFTW,20191017,297.1,299.95,293.25,295.5,69738
SORILINFRA,20191017,75.25,83.15,75.25,83.15,181579
SOTL,20191017,844,846,834.85,842.3,263
SOUTHBANK,20191017,10.05,10.05,9.9,9.95,6116069
SOUTHWEST,20191017,15,15,13.65,13.65,154
SPAL,20191017,202,208.85,200.6,204.7,14277
SPANDANA,20191017,1100,1125,1077,1088.65,103893
SPARC,20191017,130.6,133.5,128.05,130.7,1210844
SPCENET,20191017,1.25,1.25,1.15,1.15,1945
SPECIALITY,20191017,66.5,77.4,66.5,71.7,407487
SPENCERS,20191017,65.55,67.7,63.25,63.75,176744
SPENTEX,20191017,0.25,0.3,0.25,0.3,5250
SPIC,20191017,18.4,18.7,18.3,18.5,22051
SPICEJET,20191017,119.4,123.5,119.4,122.3,930673
SPLIL,20191017,31,31.8,30.5,30.7,11838
SPMLINFRA,20191017,6.6,6.6,6.6,6.6,10025
SPTL,20191017,2.3,2.3,2.3,2.3,132785
SPYL,20191017,0.2,0.25,0.2,0.25,84520
SREEL,20191017,163,182,160.4,174,25065
SREINFRA,20191017,7.95,8.05,7.3,7.8,2066004
SRF,20191017,2635,2688.4,2618,2677.9,273860
SRHHYPOLTD,20191017,98.6,101.4,97.5,97.65,6452
SRIPIPES,20191017,167.55,171.9,167,168.7,61323
SRTRANSFIN,20191017,1039,1075,1021.6,1070.25,1173683
SSWL,20191017,768,776,765.3,772.3,4058
STAMPEDE,20191017,0.65,0.7,0.65,0.7,46386
STAR,20191017,348.15,355.25,344.15,353.85,882963
STARCEMENT,20191017,95,95.35,93.45,93.85,43336
STARPAPER,20191017,111.4,113.4,106.2,107.9,152886
STCINDIA,20191017,48.2,48.2,48.2,48.2,10629
STEELCITY,20191017,28.15,29.7,28.15,29.05,1885
STEELXIND,20191017,9.7,10.4,9.7,10.15,13593
STEL,20191017,67.45,67.45,63.7,64.45,7610
STERTOOLS,20191017,161.05,163.7,155.05,157.5,3136
STRTECH,20191017,137.8,143.7,137.25,141.35,1446575
SUBCAPCITY,20191017,6.3,6.3,6.3,6.3,100
SUBEX,20191017,4.9,5.05,4.85,5,298298
SUBROS,20191017,235.25,244.25,235.25,242.55,25358
SUDARSCHEM,20191017,377.4,378.4,374.6,375.15,80223
SUJANAUNI,20191017,0.15,0.2,0.1,0.15,37845
SUMEETINDS,20191017,1.65,1.65,1.55,1.6,86555
SUMIT,20191017,21.55,22.2,20.65,21.5,32157
SUMMITSEC,20191017,469.8,469.8,445.95,451.95,2324
SUNCLAYLTD,20191017,1880,2014,1851,1960.95,1520
SUNDARAM,20191017,1.4,1.4,1.3,1.35,139635
SUNDARMFIN,20191017,1605.95,1625,1602.15,1615.7,7678
SUNDARMHLD,20191017,67.15,69.95,67.15,69.05,13207
SUNDRMBRAK,20191017,258.7,258.7,246.05,253.7,1976
SUNDRMFAST,20191017,468.85,468.85,461,465.55,22223
SUNFLAG,20191017,25.2,25.7,24.55,24.85,88344
SUNPHARMA,20191017,401.6,402.55,396.8,401.5,2934902
SUNTECK,20191017,441.95,445.9,412.25,415.75,130161
SUNTV,20191017,486,504.45,482.1,502.55,1848392
SUPERHOUSE,20191017,80.15,83.95,80.1,81.85,4415
SUPERSPIN,20191017,4.05,4.3,3.9,3.95,13819
SUPPETRO,20191017,172,175.1,169.1,173.4,8828
SUPRAJIT,20191017,184.8,188,179.1,180.6,23498
SUPREMEIND,20191017,1220,1231.45,1210.35,1219.3,19579
SURANASOL,20191017,5.55,5.6,5.4,5.5,12030
SURANAT&P,20191017,3.3,3.5,3.25,3.45,3363
SURYALAXMI,20191017,17.75,17.75,16.5,17.2,2321
SURYAROSNI,20191017,162,164.95,160,161.4,32035
SUTLEJTEX,20191017,27.2,29.7,26.6,27.1,4521
SUVEN,20191017,264,267.5,261.95,264.8,252100
SUZLON,20191017,2.5,2.55,2.4,2.5,7564776
SWANENERGY,20191017,104.95,105.85,103.5,104.1,71207
SWARAJENG,20191017,1120,1120,1095,1103.8,64975
SWELECTES,20191017,112.8,115.85,107.4,112.2,5056
SWSOLAR,20191017,600.55,601.25,594.35,598.7,20283
SYMPHONY,20191017,1259.95,1273.45,1241,1247.9,4292
SYNCOM,20191017,0.8,0.85,0.75,0.75,24371
SYNDIBANK,20191017,24,24.5,23.3,24.3,775599
SYNGENE,20191017,326.55,329,323.25,327.9,43160
TAINWALCHM,20191017,47.8,47.8,44,46.5,362
TAJGVK,20191017,163,165.4,160.35,162.1,15457
TAKE,20191017,108,108.95,105,107.2,87075
TALBROAUTO,20191017,104.05,105.5,104,104.65,13283
TALWALKARS,20191017,2.7,2.7,2.7,2.7,21608
TALWGYM,20191017,3.5,3.8,3.5,3.7,179368
TANLA,20191017,47.25,48.1,45.05,45.55,153412
TANTIACONS,20191017,1.3,1.3,1.3,1.3,5
TARAPUR,20191017,4.95,5.15,4.75,5.15,186
TARMAT,20191017,22.3,22.3,22.25,22.25,3629
TASTYBITE,20191017,10097,10150,9990,10014.95,242
TATACHEM,20191017,596,607.85,591.7,606.15,441556
TATACOFFEE,20191017,74.55,75.45,74.05,75.1,107309
TATACOMM,20191017,364,367,358,361.85,71613
TATAELXSI,20191017,675.9,725,666.3,708.1,1261063
TATAGLOBAL,20191017,276.35,280.25,271.75,279.45,1981158
TATAINVEST,20191017,786.65,825.05,780,808.75,17526
TATAMETALI,20191017,570,581.35,561.15,565.85,24112
TATAMOTORS,20191017,127.1,144.35,125.1,139.5,67933615
TATAMTRDVR,20191017,55.85,64.3,55.6,62.35,11816702
TATAPOWER,20191017,58.15,60.2,57.6,59.85,11906599
TATASTEEL,20191017,346,361.35,340.35,356.1,16695158
TATASTLBSL,20191017,21.95,22.8,21.35,22.45,790518
TATASTLLP,20191017,407.6,407.6,394.2,399.5,21037
TBZ,20191017,50,51,48.4,49,674250
TCI,20191017,275.3,284,275.3,281.65,7447
TCIDEVELOP,20191017,347.05,347.05,347,347,52
TCIEXP,20191017,715,718.1,700.1,702.35,8100
TCIFINANCE,20191017,9.65,9.65,9.1,9.35,2912
TCNSBRANDS,20191017,689.4,703.9,687,697.9,4629
TCPLPACK,20191017,254.25,255.8,243.55,249.1,4594
TCS,20191017,2014,2038,1999.3,2030.95,3818774
TDPOWERSYS,20191017,146.15,147.15,146.1,147,3568
TEAMLEASE,20191017,3105,3200,3093.05,3165.5,4923
TECHM,20191017,725,731,715.95,724.35,2177984
TECHNOE,20191017,264.65,268.75,263.5,264.95,873
TECHNOFAB,20191017,37.95,37.95,37.95,37.95,6199
TEJASNET,20191017,74.2,78,74.2,77,34526
TERASOFT,20191017,23.45,24,23.1,23.2,18282
TEXINFRA,20191017,42.1,43.5,39.1,42.05,95363
TEXMOPIPES,20191017,14.7,14.9,14.2,14.55,39049
TEXRAIL,20191017,44,44.2,42.55,43.05,39846
TFCILTD,20191017,81.5,82,78.5,79.85,185599
TFL,20191017,3.8,4.25,3.8,4,713
TGBHOTELS,20191017,3.45,3.65,3.4,3.6,5819
THANGAMAYL,20191017,349,349,336.05,340.95,6715
THEINVEST,20191017,120.95,128.95,120.9,123.1,4427
THEMISMED,20191017,293.4,293.6,287.15,293.6,4043
THERMAX,20191017,1100.25,1121,1100.25,1109.15,133703
THOMASCOOK,20191017,133.1,133.75,125.25,127.8,291631
THYROCARE,20191017,499.95,508,498,501.55,16164
TI,20191017,14.1,14.4,13.8,13.85,12173
TIDEWATER,20191017,4585,4827.95,4532.05,4711.55,2911
TIIL,20191017,332.05,340,327.1,335.35,1519
TIINDIA,20191017,369.95,369.95,355,361.15,38586
TIJARIA,20191017,7.75,8.9,7.75,8.75,5055
TIL,20191017,191,197,182.05,194.4,3304
TIMESGTY,20191017,31,33.8,31,32.5,17
TIMETECHNO,20191017,55.9,57,55.7,56.05,200667
TIMKEN,20191017,799.7,805.4,790,793.9,21565
TINPLATE,20191017,111.8,113.6,109.85,112.9,343964
TIPSINDLTD,20191017,69.1,70.35,64.5,65.9,473
TIRUMALCHM,20191017,61.8,64.35,61.45,63.5,309246
TITAN,20191017,1285,1285.55,1271.1,1277.05,1500556
TMRVL,20191017,12.05,12.3,11.9,12.3,4470
TNPETRO,20191017,34.5,35.45,34.5,34.9,96969
TNPL,20191017,188,188.85,184.55,185.9,81658
TOKYOPLAST,20191017,52.75,53.05,50,53,303
TORNTPHARM,20191017,1635,1699.15,1627.3,1694.5,316291
TORNTPOWER,20191017,282,287.25,276.9,285.8,859560
TPLPLASTEH,20191017,116.85,119.95,112.55,114.3,991
TREEHOUSE,20191017,5.65,5.9,5.65,5.75,62012
TREJHARA,20191017,12.25,12.9,12.05,12.1,12350
TRENT,20191017,507,507.95,491.2,500.55,92914
TRF,20191017,92,96.8,89.25,95,30787
TRIDENT,20191017,56,57.2,55.65,56.8,174690
TRIGYN,20191017,43.7,44.05,42,42.8,25958
TRIL,20191017,8.2,8.4,7.75,8,355822
TRITURBINE,20191017,97.1,99.5,96,97.15,21782
TRIVENI,20191017,59.05,59.9,58.35,59.4,276735
TTKHLTCARE,20191017,443.35,444,430.1,435.75,927
TTKPRESTIG,20191017,5885.2,5957,5865,5929.9,1968
TTL,20191017,36.5,40,36,37.9,6361
TTML,20191017,2.7,2.75,2.6,2.7,440347
TV18BRDCST,20191017,21.7,21.7,19.9,20.35,3389336
TVSELECT,20191017,113.5,117.9,111,116.85,13493
TVSMOTOR,20191017,408,451.8,397.1,439.8,7521706
TVSSRICHAK,20191017,1829.35,1835,1778.75,1811.5,1212
TVTODAY,20191017,302,309.95,297,306.2,15459
TWL,20191017,39,39.3,38.2,38.45,564392
UBL,20191017,1298.4,1327,1289.9,1322.6,717667
UCALFUEL,20191017,117.95,120.65,116.45,119.85,19626
UCOBANK,20191017,11.6,11.85,11.5,11.75,297191
UFLEX,20191017,202.3,204.45,200.1,201.95,20797
UFO,20191017,144.7,147.35,144,144.9,64050
UGARSUGAR,20191017,12.1,12.25,11.9,12.05,19174
UJAAS,20191017,3.2,3.35,3.2,3.25,92130
UJJIVAN,20191017,309.5,311,303.1,308,2335189
ULTRACEMCO,20191017,4271,4280,4221.05,4260.45,335206
UMANGDAIRY,20191017,34.75,37.85,34.75,37.05,3560
UMESLTD,20191017,0.75,0.85,0.75,0.75,4714
UNICHEMLAB,20191017,187.8,189,184.1,186.2,21329
UNIENTER,20191017,69,69.5,65.6,67.75,2398
UNIONBANK,20191017,50.2,52.5,49.8,52.2,9455141
UNIPLY,20191017,44.55,44.55,41,42.1,121154
UNITECH,20191017,0.4,0.4,0.35,0.4,4941473
UNITEDBNK,20191017,7.05,7.15,6.95,7.05,273383
UNITEDTEA,20191017,240,250,235,249.7,750
UNIVCABLES,20191017,156.8,163.3,154,157.75,35407
UPL,20191017,585,593.7,580.35,591.95,2290127
URJA,20191017,1.65,1.75,1.65,1.65,802953
USHAMART,20191017,27.25,27.45,26.65,27.05,225017
UTINEXT50,20191017,275,280,275,278.51,515
UTINIFTETF,20191017,1226,1236,1215.5,1224,8637
UTISENSETF,20191017,409.99,411,409.89,410.05,33
UTTAMSTL,20191017,6.2,6.4,5.45,6,81221
UTTAMSUGAR,20191017,92.15,93.15,88.7,91,72924
UVSL,20191017,0.05,0.1,0.05,0.05,4947801
V2RETAIL,20191017,133.95,134,127.2,131.8,73040
VADILALIND,20191017,744.15,748,726.05,742.7,9575
VAIBHAVGBL,20191017,795.6,820,795.6,815.05,5680
VAKRANGEE,20191017,28.6,29.1,28,28.55,5792554
VARDHACRLC,20191017,35.5,36.3,35.4,35.9,9453
VARDMNPOLY,20191017,2.15,2.3,2.1,2.3,4282
VARROC,20191017,445.05,480,442,471.95,19480
VASCONEQ,20191017,12.5,13.05,12.25,12.95,206230
VASWANI,20191017,5.1,5.5,5,5.45,7588
VBL,20191017,639.95,639.95,620.7,628.6,50274
VEDL,20191017,148.05,149.7,144.75,148.3,18475493
VENKEYS,20191017,1697.65,1700.05,1660.05,1671.55,103265
VENUSREM,20191017,27.8,31.2,27.4,29.5,772793
VESUVIUS,20191017,980.15,1009.95,974.75,995,8473
VETO,20191017,51.6,52.85,49.15,49.85,10600
VGUARD,20191017,229.5,234.9,229.3,233.35,162070
VHL,20191017,1500.05,1525.7,1490,1513.5,408
VICEROY,20191017,1.2,1.25,1.15,1.15,24705
VIDHIING,20191017,58,60.9,57.35,59.55,12390
VIJIFIN,20191017,0.4,0.45,0.4,0.4,156699
VIKASECO,20191017,3.25,3.3,2.95,3.15,394440
VIKASMCORP,20191017,3.7,3.75,3.45,3.55,1210710
VIKASPROP,20191017,3.45,3.45,3.45,3.45,63106
VIKASWSP,20191017,10.45,10.95,10.4,10.9,98354
VIMALOIL,20191017,5.9,5.9,5.9,5.9,10
VIMTALABS,20191017,104,107.4,103.65,105.25,11966
VINATIORGA,20191017,2116.45,2130.15,2092,2104.85,10906
VINDHYATEL,20191017,896.95,907,890,901.85,5206
VINYLINDIA,20191017,61.4,62.45,60.5,61.65,5600
VIPCLOTHNG,20191017,6.05,6.35,5.95,6,85458
VIPIND,20191017,462.45,477.3,457.1,462.65,413240
VIPULLTD,20191017,27.6,30.5,26.4,29.85,171120
VISAKAIND,20191017,278.05,283,278,281.9,8939
VISASTEEL,20191017,3.45,3.45,3,3.4,12946
VISESHINFO,20191017,0.05,0.1,0.05,0.05,675677
VISHAL,20191017,338,338.1,337.5,337.9,15000
VISHNU,20191017,123.05,123.45,119.35,121.8,2117
VISHWARAJ,20191017,60.15,60.4,60.15,60.35,370298
VIVIDHA,20191017,0.15,0.2,0.15,0.15,21875
VIVIMEDLAB,20191017,13.45,13.5,13,13.25,57363
VLSFINANCE,20191017,50.95,52.05,49.55,49.95,12351
VMART,20191017,1994.25,2118.65,1989.05,2037.6,21839
VOLTAMP,20191017,1136.05,1145,1120,1132.85,3340
VOLTAS,20191017,672,678.7,670.15,676.5,460645
VRLLOG,20191017,264.5,267.65,264.5,265.85,15032
VSSL,20191017,66.4,66.55,63,65,5065
VSTIND,20191017,3861,3864.1,3769.9,3802.45,3369
VSTTILLERS,20191017,1259.9,1280,1242.05,1251.9,2466
VTL,20191017,900.45,933.7,900.4,921.4,12443
WABAG,20191017,179.25,194.8,167.15,189.55,1238841
WABCOINDIA,20191017,6130,6158.25,6100,6147.85,6024
WALCHANNAG,20191017,59.4,61.35,58.7,59.7,258375
WANBURY,20191017,11.65,12.1,11.55,11.65,8567
WATERBASE,20191017,102,103.65,100,100.45,48427
WEBELSOLAR,20191017,19.7,20.6,19.5,19.9,77868
WEIZFOREX,20191017,278.25,285,271.05,277.45,219
WEIZMANIND,20191017,25,25,19.25,21.1,3020
WELCORP,20191017,134,134,130.1,130.7,160897
WELENT,20191017,93,94.5,92.25,93.55,96813
WELINV,20191017,151.1,153,151,151.35,4061
WELSPUNIND,20191017,49.5,50.4,49.4,50.05,427419
WENDT,20191017,3122,3122,3065,3100,392
WESTLIFE,20191017,316.15,330,315.25,324.3,52033
WHEELS,20191017,618.05,638.65,618,630.1,2801
WHIRLPOOL,20191017,2134,2180,2115,2174,62561
WILLAMAGOR,20191017,13.3,14.5,13.2,14.4,4299
WINDMACHIN,20191017,17.85,17.85,16.05,16.9,18178
WINSOME,20191017,0.1,0.1,0.1,0.1,300
WIPL,20191017,54,58.75,54,57.95,1144
WIPRO,20191017,248.9,250.15,246.6,247.85,5162240
WOCKPHARMA,20191017,255.15,261.5,254.1,259.2,441295
WONDERLA,20191017,291.6,293.95,285.4,292.45,25186
WSI,20191017,0.9,0.95,0.9,0.95,14773
WSTCSTPAPR,20191017,245,245,238.6,240.75,63225
XCHANGING,20191017,52.05,53.2,52,52.25,37376
XELPMOC,20191017,57,75,57,67.9,5320
XLENERGY,20191017,0.4,0.45,0.4,0.4,3577
XPROINDIA,20191017,22.8,24.25,22.75,23,1853
YESBANK,20191017,41.9,48.2,40.7,47.4,422749767
ZEEL,20191017,260.6,274,255.8,264.45,36055426
ZEELEARN,20191017,15.5,17.25,15,17,348110
ZEEMEDIA,20191017,4.9,5.4,4.9,5.4,8466964
ZENITHBIR,20191017,0.65,0.65,0.55,0.55,48921
ZENITHEXPO,20191017,39,42,38,38.2,82
ZENSARTECH,20191017,211.1,211.95,207.3,210.15,10272
ZENTEC,20191017,63.2,63.2,60.4,61.25,20585
ZICOM,20191017,1.05,1.05,1,1.05,5553
ZODIACLOTH,20191017,195.15,200,189.95,193.4,8333
ZODJRDMKJ,20191017,29.25,31.9,28.2,29.7,567
ZOTA,20191017,193,194.8,188,190.7,22546
ZUARI,20191017,89,89,86,87.55,41751
ZUARIGLOB,20191017,58,59.45,57.5,59,7810
ZYDUSWELL,20191017,1660,1695,1639.25,1681.8,5696
NSENIFTY,20191017,11466.30,11599.10,11439.65,11586.35,797572398,0
NIFTYJUNIOR,20191017,27275.60,27650.60,27230.80,27627.60,459730274,0
NIFTYMIDCAPLIQ15,20191017,3665.60,3723.50,3633.05,3713.65,75259280,0
NSE100,20191017,11592.60,11730.25,11567.30,11718.35,1269119374,0
NIFTY200,20191017,5889.90,5963.10,5877.10,5957.40,1600470152,0
NSE500,20191017,9286.65,9399.25,9268.05,9391.00,1838774093,0
NSEMIDCAP150,20191017,5800.30,5894.45,5790.35,5888.70,338440463,0
MIDCAP50,20191017,4275.65,4376.55,4261.25,4368.05,290512996,0
NSEMIDCAP,20191017,15625.15,15907.50,15583.80,15886.85,331350778,0
NIFTYSMALLCAP250,20191017,-,-,-,4557.70,-,0
NIFTYSMALLCAP50,20191017,-,-,-,2639.35,-,0
NSESMLCAP100,20191017,5439.80,5476.90,5429.95,5472.70,-,0
NIFTYLARGEMIDCAP250,20191017,-,-,-,5701.94,1607559837,0
NIFTYMIDSMALLCAP400,20191017,-,-,-,5412.50,-,0
NIFTYAUTO,20191017,7676.55,7954.20,7655.50,7914.00,151459726,0
BANKNIFTY,20191017,28596.35,29049.05,28487.95,28989.45,617849861,0
NIFTYFINSERVICE,20191017,13012.50,13169.80,12977.85,13144.75,195222607,0
NIFTYFMGC,20191017,30928.50,31358.55,30889.30,31331.90,28730635,0
NSEIT,20191017,15257.95,15313.90,15160.20,15281.90,29872973,0
NIFTYMEDIA,20191017,1764.45,1794.30,1751.65,1780.70,83713545,0
NIFTYMETAL,20191017,2369.55,2424.75,2352.10,2410.95,132333606,0
NIFTYPHARMA,20191017,7480.15,7545.35,7428.65,7533.45,15309004,0
NIFTYPVTBANK,20191017,15962.85,16238.20,15907.95,16204.20,526155658,0
NIFTYPSUBANK,20191017,2152.00,2221.15,2142.55,2216.85,123440715,0
NIFTYREALTY,20191017,255.15,259.15,254.00,257.85,15775486,0
NIFTYCOMMODITIES,20191017,3311.60,3343.40,3287.25,3338.30,208193103,0
NIFTYCONSUMPTION,20191017,4980.80,5062.60,4968.00,5056.45,102179165,0
NIFTYCPSE,20191017,1979.85,2000.70,1969.90,1997.55,68343658,0
NIFTYENERGY,20191017,15851.30,15998.65,15763.30,15976.60,74380478,0
NIFTY100ESG,20191017,-,-,-,2155.48,1123359492,0
NIFTY100ENHESG,20191017,-,-,-,2188.16,1101822846,0
NIFTYINFRA,20191017,3238.60,3260.95,3225.20,3257.90,153019271,0
NIFTYMNC,20191017,13675.85,13862.30,13638.60,13838.65,229091753,0
NIFTYPSE,20191017,3300.55,3322.90,3274.85,3318.90,166957555,0
NIFTYSMEEMERGE,20191017,-,-,-,1337.31,828500,0
NIFTYSERVSECTOR,20191017,16012.25,16186.75,15975.45,16167.65,748292363,0
NIFTYSHARIAH25,20191017,-,-,-,4416.14,79091454,0
NIFTY50SHARIAH,20191017,-,-,-,2521.87,65454628,0
NIFTY500SHARIAH,20191017,-,-,-,2969.23,271902052,0
NIFTYABGROUP,20191017,-,-,-,2880.24,180133240,0
NIFTYMAHINDRA,20191017,-,-,-,9965.66,7759452,0
NIFTYTATA,20191017,-,-,-,6553.71,119905019,0
NIFTYTATA25CAP,20191017,-,-,-,4582.33,105823635,0
NIFTYABGROUP,20191017,-,-,-,2880.24,180133240,0
NIFTYLIQ15,20191017,3446.35,3549.95,3438.30,3540.25,702545290,0
NIFTY500VALUE50,20191017,-,-,-,3436.68,402807500,0
NIFTYALPHALOWVOL30,20191017,-,-,-,11926.45,109192660,0
NIFTYQUALLOWVOL30,20191017,-,-,-,8475.23,91905514,0
NIFTYALPHAQUALLOWVOL30,20191017,-,-,-,9638.66,97487281,0
NIFTYALPHAQUALVALLOWVOL30,20191017,-,-,-,7306.11,112786215,0
NIFTY50EQUALWEIGHT,20191017,11810.35,12002.85,11780.00,11985.85,797572398,0
NIFTY100EQUALWEIGHT,20191017,12741.15,12931.90,12705.20,12920.75,1269119374,0
NIFTY100LOWVOL30,20191017,8847.60,8924.00,8825.80,8918.85,97718541,0
NIFTY50DIVPOINT,20191017,107.70,107.70,107.70,107.70,-,0
NIFTYDIVOPPS50,20191017,2538.25,2562.70,2531.45,2560.70,303510255,0
NIFTYALPHA50,20191017,12199.45,12317.00,12176.75,12306.70,129871959,0
NIFTY50ARBITRAGE,20191017,-,-,-,1864.29,-,0
NIFTY50FUTINDEX,20191017,-,-,-,3938.78,-,0
NIFTY50FUTTRINDEX,20191017,-,-,-,11673.03,-,0
NIFTYHIGHBETA50,20191017,-,-,-,1226.38,1116514000,0
NIFTYLOWVOL50,20191017,-,-,-,10351.55,110293237,0
NIFTY200QUALITY30,20191017,-,-,-,9831.10,-,0
NIFTY50VALUE20,20191017,5339.55,5400.30,5326.35,5394.15,558327663,0
NIFTYGROWSECT15,20191017,6096.20,6177.00,6082.85,6167.60,119778373,0
NIFTY50TR2XLEV,20191017,6162.35,6304.50,6134.05,6291.15,-,0
NIFTY50PR2XLEV,20191017,4748.65,4858.40,4726.80,4848.05,-,0
NIFTY50TR1XINV,20191017,355.25,356.05,351.10,351.50,-,0
NIFTY50PR1XINV,20191017,404.65,405.55,399.95,400.40,-,0
NIFTY-GS-COMPSITE,20191017,2041.79,2043.46,2035.91,2036.56,-,0
NIFTY-GS-4-8YR,20191017,2128.92,2130.16,2124.78,2123.69,-,0
NIFTY-GS-8-13YR,20191017,2008.13,2009.84,2001.41,2002.83,-,0
NIFTY-GS-10YR,20191017,1855.07,1857.78,1847.41,1849.82,-,0
NIFTY-GS-10YR-CLN,20191017,949.87,951.29,945.88,947.14,-,0
NIFTY-GS-11-15YR,20191017,2126.04,2128.21,2119.63,2120.78,-,0
NIFTY-GS-15YRPLUS,20191017,2293.18,2294.20,2293.18,2292.50,-,0
VIX,20191017,16.36,16.36,15.52,15.88,0,0
