<ticker>,<date>,<open>,<high>,<low>,<close>,<volume>,<o/i>
20MICRONS,20191121,35.2,35.2,33.05,34,37922
21STCENMGM,20191121,13.85,13.85,13.85,13.85,1
3IINFOTECH,20191121,1.95,2,1.9,1.95,662512
3MINDIA,20191121,22375,22730,22335.55,22598.55,2121
3PLAND,20191121,6.5,6.5,6.2,6.2,620
5PAISA,20191121,154.1,154.1,150,151.85,6660
63MOONS,20191121,100.4,112.05,100.4,109.5,196806
A2ZINFRA,20191121,9,9.05,8.9,8.9,216618
AARTIDRUGS,20191121,524,528,520.55,524.45,7861
AARTIIND,20191121,851,854.65,835.15,843.5,116576
AARVEEDEN,20191121,13.25,13.25,12.45,12.7,4355
AAVAS,20191121,1725.05,1748.8,1680,1696.65,314628
ABAN,20191121,28.95,28.95,27.25,27.6,17594
ABB,20191121,1450,1458.4,1436,1439.2,32816
ABBOTINDIA,20191121,12635,12749.95,12351.6,12392.3,7168
ABCAPITAL,20191121,86.5,99.75,85.35,95.75,22362426
ABFRL,20191121,216.05,216.95,209,210.05,703817
ABSLBANETF,20191121,315.75,315.75,315.75,315.75,10
ACC,20191121,1487,1495,1471,1473.35,431807
ACCELYA,20191121,980,1010,961.1,964.7,26435
ACE,20191121,80.25,82.5,79.4,79.7,66530
ADANIENT,20191121,206.9,209,201.95,205.5,4409698
ADANIGAS,20191121,146.6,147.4,146.15,146.3,437965
ADANIGREEN,20191121,98.65,99.2,96.3,97,855172
ADANIPORTS,20191121,368,376.25,368,372.1,6556285
ADANIPOWER,20191121,60.4,63.4,60,61.5,14897583
ADANITRANS,20191121,268.7,271.45,256.45,263.45,146497
ADFFOODS,20191121,295.35,302,290.25,292.55,36447
ADHUNIKIND,20191121,108,118,107.8,112.8,103463
ADLABS,20191121,3,3.3,3,3.3,54816
ADORWELD,20191121,309.2,314.9,305.2,306.1,5656
ADROITINFO,20191121,9.5,9.5,9,9.5,23
ADSL,20191121,16.3,16.75,15.3,16.5,107088
ADVANIHOTR,20191121,55.5,56.25,55,55.4,2281
ADVENZYMES,20191121,179,183.4,173.95,175.05,138684
AEGISCHEM,20191121,180.3,187.7,178.75,184.7,1490395
AFFLE,20191121,1633.75,1727.9,1622.6,1689.55,331751
AGARIND,20191121,109.85,109.9,104.95,105.2,872
AGCNET,20191121,123,125,123,123.05,810
AGRITECH,20191121,43.25,43.25,41.05,42,14478
AGROPHOS,20191121,126.4,127.4,126.4,127.15,655056
AHLEAST,20191121,182.9,182.9,172.5,173.8,1709
AHLUCONT,20191121,276.8,282.75,272.5,273.1,3322
AHLWEST,20191121,310,329.9,297.25,319.65,7999
AIAENG,20191121,1640,1654.95,1626.2,1632.3,20013
AIONJSW,20191121,10.1,10.2,9.95,10,74473
AIRAN,20191121,11.8,11.8,10.75,10.95,25639
AJANTPHARM,20191121,1015,1024.9,988.4,1007.7,158468
AJMERA,20191121,118.7,123.75,118.7,120.55,37916
AKASH,20191121,64.55,65,61.5,61.5,3570
AKSHARCHEM,20191121,207,207.05,197.05,199.6,2259
AKSHOPTFBR,20191121,6.3,6.5,6.1,6.5,325896
AKZOINDIA,20191121,1940,1967.2,1931.3,1951.35,16478
ALANKIT,20191121,15.25,16,14.6,14.8,43912
ALBERTDAVD,20191121,414.95,414.95,397,402.1,7275
ALBK,20191121,25.05,25.25,24.1,24.25,3986097
ALCHEM,20191121,0.95,0.95,0.9,0.9,28980
ALEMBICLTD,20191121,53.15,53.3,51.4,51.55,124483
ALICON,20191121,373.15,384.5,366,370.1,1071
ALKALI,20191121,40.9,41.8,40,41.25,5396
ALKEM,20191121,2085,2100,2055.4,2091,40278
ALKYLAMINE,20191121,1006,1028,1006,1016.45,5160
ALLCARGO,20191121,94.55,96.85,93.3,95.45,116101
ALLSEC,20191121,276.5,283.75,276.5,279.25,1522
ALMONDZ,20191121,9.15,9.8,9,9.2,761
ALOKTEXT,20191121,2.4,2.4,2.2,2.4,22992343
ALPA,20191121,16.4,16.95,15.7,15.8,9980
ALPHAGEO,20191121,157,159.9,156.5,157,6230
ALPSINDUS,20191121,0.9,0.9,0.9,0.9,3223
AMARAJABAT,20191121,750,750,737.15,745.7,511265
AMBER,20191121,987,1005.35,985,988.75,9646
AMBIKCO,20191121,865.55,880.1,861.35,865.45,2817
AMBUJACEM,20191121,201.6,202.2,200.3,201.05,1272618
AMDIND,20191121,15.4,16.25,15.05,15.6,6284
AMJLAND,20191121,19.3,19.7,18.7,18.9,5366
AMRUTANJAN,20191121,449,453.9,441.7,447.95,43539
ANANTRAJ,20191121,33.8,35.3,33.8,34.35,232672
ANDHRABANK,20191121,19.5,19.85,18.7,19,1315825
ANDHRACEMT,20191121,2.5,2.6,2.5,2.5,47972
ANDHRSUGAR,20191121,292.3,293.9,289,289.15,6617
ANIKINDS,20191121,8.25,8.6,8.25,8.6,4695
ANKITMETAL,20191121,0.8,0.8,0.75,0.8,39902
ANSALAPI,20191121,5.05,5.1,4.85,4.95,107209
ANSALHSG,20191121,6.3,6.3,6.3,6.3,28241
ANTGRAPHIC,20191121,0.55,0.6,0.55,0.6,27072
ANUP,20191121,474.9,474.9,445.1,456.65,19206
APARINDS,20191121,440.65,489,440.65,466.05,25905
APCL,20191121,148.1,151.6,143.15,145.8,2858
APCOTEXIND,20191121,163.25,171.95,163,163.6,33016
APEX,20191121,294,303,291,292.15,130985
APLAPOLLO,20191121,1525,1569.9,1525,1551.5,17138
APLLTD,20191121,545,559,543.2,547.8,183394
APOLLO,20191121,72,75.8,72,72.55,80973
APOLLOHOSP,20191121,1428,1462.95,1425,1455.45,1123652
APOLLOPIPE,20191121,358,365.45,356.05,358.6,2041
APOLLOTYRE,20191121,167.6,169.5,164.8,165.45,1679699
APOLSINHOT,20191121,725.2,725.2,641.1,699.55,6603
APTECHT,20191121,163.05,165.55,159.25,160.05,114866
ARCHIDPLY,20191121,26.15,26.4,25.25,25.5,12251
ARCHIES,20191121,19.6,19.6,19.15,19.2,21473
ARCOTECH,20191121,2.9,2.9,2.9,2.9,29073
ARENTERP,20191121,9.3,9.3,9.3,9.3,100
ARIES,20191121,65.2,67.05,65.2,66.75,21685
ARIHANT,20191121,23.65,24.4,23.35,23.75,5607
ARIHANTSUP,20191121,25.55,26.4,24.6,25.05,218
ARMANFIN,20191121,545,559.95,534.05,538.3,3056
AROGRANITE,20191121,36.25,38.95,36.25,37.15,5103
ARROWGREEN,20191121,54.2,54.2,50.8,52,5061
ARROWTEX,20191121,9.55,11.35,9.3,9.55,8560
ARSHIYA,20191121,15.35,16.6,15.35,16,31233
ARSSINFRA,20191121,24.8,24.85,22.65,22.75,28026
ARVIND,20191121,49,49.7,47.8,48.35,964024
ARVINDFASN,20191121,352.2,375.6,352.2,365.8,194540
ARVSMART,20191121,89,89.6,87.3,88.15,5817
ASAHIINDIA,20191121,199,201.95,198.85,199.95,42787
ASAHISONG,20191121,148.8,148.8,142.2,142.4,1054
ASAL,20191121,31.95,33,31.25,31.4,9324
ASHAPURMIN,20191121,25,26.2,24.4,24.4,14421
ASHIANA,20191121,97,97.55,95.15,95.55,29785
ASHIMASYN,20191121,7.1,7.2,6.75,6.8,35799
ASHOKA,20191121,100,102.4,93.5,93.95,1844176
ASHOKLEY,20191121,83,84.2,82.15,82.5,18297529
ASIANHOTNR,20191121,96.15,104.05,96.15,98.5,1502
ASIANPAINT,20191121,1727.9,1734.85,1711,1720.35,913095
ASIANTILES,20191121,236,239,232.15,235.7,31702
ASPINWALL,20191121,135.05,142.45,125.65,141.4,455
ASTEC,20191121,373,405,370,397.9,15404
ASTERDM,20191121,149,151.7,145,145.3,44346
ASTRAL,20191121,1087,1087,1060,1063.05,45087
ASTRAMICRO,20191121,86.5,92,86.5,89.65,1149620
ASTRAZEN,20191121,2675.55,2770,2666,2689.8,22038
ASTRON,20191121,39.9,40.2,37.6,39.85,417773
ATFL,20191121,604.4,612.95,578.45,584.2,8786
ATLANTA,20191121,7.15,7.35,6.8,7,6293
ATLASCYCLE,20191121,54.15,54.15,51.3,51.8,965
ATUL,20191121,4155.8,4183.85,4135.05,4159.25,35139
ATULAUTO,20191121,225.5,229.8,222.4,223.5,22463
AUBANK,20191121,812.9,827.7,810,817,107421
AURIONPRO,20191121,75.35,76.35,71.6,72.45,8194
AUROPHARMA,20191121,444,448.7,426.6,429.7,5784219
AUSOMENT,20191121,42,44.95,40,43.6,26992
AUTOAXLES,20191121,793,830,793,807.85,17561
AUTOIND,20191121,25.05,25.95,25,25.65,6077
AUTOLITIND,20191121,20.25,21.3,20.1,20.4,5407
AVADHSUGAR,20191121,241.35,251.65,241.35,245.4,33704
AVANTIFEED,20191121,524.75,535,516.25,523.95,416725
AVTNPL,20191121,30.9,31.3,29.9,30.15,85039
AXISBANK,20191121,749,749,734.3,737.4,5529542
AXISCADES,20191121,68.25,68.25,61.45,64.1,119117
AXISGOLD,20191121,3360,3377,3350,3358,64
AXISNIFTY,20191121,1242.41,1242.41,1230.82,1238.91,95
AYMSYNTEX,20191121,30.6,31,29.7,30.15,8653
BAGFILMS,20191121,1.95,2,1.9,2,46184
BAJAJ-AUTO,20191121,3152.4,3209,3144,3188.35,347577
BAJAJCON,20191121,240.9,241.4,234,235.55,220650
BAJAJELEC,20191121,311,318.9,307,309.8,135105
BAJAJFINSV,20191121,9085,9117,9032,9055.1,173328
BAJAJHIND,20191121,6.85,6.85,6.35,6.65,1938474
BAJAJHLDNG,20191121,3713.95,3718,3680,3687.8,6206
BAJFINANCE,20191121,4140,4160,4112,4123.65,702853
BALAJITELE,20191121,54.05,60.7,54.05,59,298787
BALAMINES,20191121,324,373.3,324,340.75,80299
BALAXI,20191121,71,71.2,69.95,69.95,109
BALKRISHNA,20191121,16.2,17,16.15,16.25,3723
BALKRISIND,20191121,840.6,855,840.6,843.9,407939
BALLARPUR,20191121,0.55,0.55,0.45,0.5,3058368
BALMLAWRIE,20191121,198,198,194,194.25,73558
BALPHARMA,20191121,39.5,41.45,39.5,40.75,6412
BALRAMCHIN,20191121,143.1,147.15,143.1,146.05,405505
BANARBEADS,20191121,29.7,30.75,29,30.5,6316
BANARISUG,20191121,1231.5,1231.5,1166.25,1192.4,195
BANCOINDIA,20191121,95,96.25,94.1,95,41266
BANDHANBNK,20191121,530,537.5,521,533.95,2343477
BANG,20191121,16.2,17,16.2,16.6,2306
BANKBARODA,20191121,99.35,100.5,98.35,98.6,23420705
BANKBEES,20191121,3180,3203,3180,3192.48,20394
BANKINDIA,20191121,74.45,74.85,72.85,73.15,7478130
BANSWRAS,20191121,91.2,91.2,88,89,29084
BARTRONICS,20191121,1.55,1.6,1.5,1.55,2733
BASF,20191121,940.7,965,936.5,945.7,111121
BASML,20191121,125,125,122.55,123.9,16404
BATAINDIA,20191121,1685,1691.45,1632.45,1638.55,753920
BAYERCROP,20191121,3780,3851,3743.65,3794.2,4975
BBL,20191121,831.3,842.45,830.55,831.95,8368
BBTC,20191121,1111,1118.7,1092.6,1098.7,36855
BCG,20191121,4,4,4,4,244777
BCP,20191121,9.6,9.65,9.55,9.65,154112
BDL,20191121,344.35,361.8,340.2,349.65,255677
BEARDSELL,20191121,10.5,10.5,9.2,9.95,3021
BEDMUTHA,20191121,11.75,13.45,11.75,13.3,10938
BEL,20191121,110.6,111.35,109.7,110.4,4077761
BEML,20191121,960,973.3,950,952.3,576154
BEPL,20191121,47.6,48.3,46.35,46.8,282657
BERGEPAINT,20191121,485.5,487.45,478.05,481.55,1346672
BFINVEST,20191121,336.85,341.9,322.2,326.65,66659
BFUTILITIE,20191121,280,283.75,272.05,273.2,183899
BGLOBAL,20191121,1.9,1.9,1.85,1.85,1314
BGRENERGY,20191121,29.4,30.5,28.4,29.6,137894
BHAGERIA,20191121,98,99.4,95.45,98.35,66259
BHAGYANGR,20191121,18.95,19.8,18.05,18.8,4539
BHAGYAPROP,20191121,19.5,19.6,19.5,19.5,1843
BHANDARI,20191121,1.15,1.2,1.1,1.2,120231
BHARATFORG,20191121,457.65,457.65,445.5,450.05,1419393
BHARATGEAR,20191121,67.65,68.1,66,66.35,8751
BHARATRAS,20191121,6301,6420,6250,6280.7,1092
BHARATWIRE,20191121,30.55,30.55,29.1,29.45,1451
BHARTIARTL,20191121,442.5,442.5,422.2,426.3,22178883
BHEL,20191121,55.85,57.1,54.45,55.45,15782183
BIGBLOC,20191121,24.5,24.5,23.3,23.8,620
BIL,20191121,166.1,171,160.15,165.1,8334
BILENERGY,20191121,1.2,1.2,1.2,1.2,14657
BINDALAGRO,20191121,9.8,10.3,9.65,9.75,13677
BIOCON,20191121,263.75,263.95,253.35,254.35,2416856
BIOFILCHEM,20191121,6.25,6.45,6.25,6.45,5888
BIRLACABLE,20191121,62,62.4,60.35,60.85,66489
BIRLACORPN,20191121,640.05,644.85,620.3,639.85,105615
BIRLAMONEY,20191121,33,36.8,32.3,34.95,568156
BKMINDST,20191121,0.65,0.65,0.6,0.65,104378
BLBLIMITED,20191121,3.35,3.7,3.35,3.4,2474
BLISSGVS,20191121,137.75,138.8,134.75,138.1,102331
BLKASHYAP,20191121,11.25,11.3,10.3,10.3,88287
BLS,20191121,66,66.45,64.6,65.1,24491
BLUECOAST,20191121,1.9,1.9,1.9,1.9,500
BLUEDART,20191121,2111,2160.1,2104,2122.7,5123
BLUESTARCO,20191121,797,799.7,789.05,790.4,31619
BODALCHEM,20191121,66.25,67.75,65.2,65.95,87965
BOMDYEING,20191121,78.85,79.3,76.2,76.75,1253229
BOROSIL,20191121,179,188,175.6,185.35,96202
BOSCHLTD,20191121,15060,15895,15060,15782.5,59979
BPCL,20191121,549,549,511,514.1,22312660
BPL,20191121,18.4,18.8,18.2,18.25,38977
BRFL,20191121,4,4.2,3.8,4,73965
BRIGADE,20191121,208.8,210.1,206.3,207.9,150549
BRITANNIA,20191121,3113,3113,3061.65,3072.65,295648
BRNL,20191121,62.15,69.85,61.2,65.65,38099
BROOKS,20191121,30.5,31.9,30.05,30.25,14824
BSE,20191121,499.35,508.75,497,502.95,51620
BSELINFRA,20191121,1.05,1.1,1,1,40936
BSL,20191121,30.4,30.4,28.05,29.1,18852
BSLGOLDETF,20191121,3514,3549,3514,3514,44
BSLNIFTY,20191121,130.53,130.53,130.4,130.4,20
BSOFT,20191121,69.25,72,67.15,70.65,560430
BURNPUR,20191121,1.15,1.2,1.1,1.2,24612
BUTTERFLY,20191121,190.2,190.8,187.95,189.9,34958
BVCL,20191121,11.9,12.05,10.95,11.15,2738
BYKE,20191121,19.85,19.9,18.05,18.6,34756
CADILAHC,20191121,249,255.9,247.7,254.4,2441075
CALSOFT,20191121,16,17,16,16.7,5971
CAMLINFINE,20191121,60.6,61.7,59,59.3,88062
CANBK,20191121,225,226.55,220.85,221.85,8721292
CANFINHOME,20191121,394.2,401.9,393.1,396.75,150312
CANTABIL,20191121,220.35,235.95,220.35,233.15,18362
CAPACITE,20191121,215.1,216.7,213,214.95,34410
CAPLIPOINT,20191121,340.15,349.55,295,306.6,535487
CAPTRUST,20191121,77.65,85.5,77.65,77.65,382
CARBORUNIV,20191121,306.8,314.45,305,305.65,22344
CAREERP,20191121,119.9,120.9,117.4,118.2,21301
CARERATING,20191121,485.5,485.5,474.55,476.45,145982
CASTEXTECH,20191121,0.55,0.55,0.5,0.5,19667
CASTROLIND,20191121,152.65,160.8,151,152,10080391
CCHHL,20191121,3.45,3.45,3.3,3.4,10117
CCL,20191121,209.6,212,207.5,211.1,23628
CDSL,20191121,230,236.1,227.5,233,460521
CEATLTD,20191121,963,974,940,948.55,84976
CEBBCO,20191121,16.8,17.1,16.5,16.8,64121
CELEBRITY,20191121,6.55,6.75,6.55,6.55,3415
CELESTIAL,20191121,3.4,3.4,3.25,3.4,12423
CENTENKA,20191121,178,181.75,176.55,177.1,46759
CENTEXT,20191121,2.65,2.85,2.6,2.8,55076
CENTRALBK,20191121,21.85,22.8,21.55,21.85,1337366
CENTRUM,20191121,23.55,23.6,21.8,22.85,268300
CENTUM,20191121,382,397,382,391.5,241
CENTURYPLY,20191121,170.65,172.85,168.75,169.8,135836
CENTURYTEX,20191121,453.7,456.7,443.05,453.35,760623
CERA,20191121,2410,2484.8,2410,2454.45,3711
CEREBRAINT,20191121,25.75,27,25.05,25.65,739868
CESC,20191121,753.4,753.4,737,739.25,231683
CESCVENT,20191121,312.6,312.6,298.4,306.35,13771
CGCL,20191121,197.2,199.45,192,194.9,365655
CGPOWER,20191121,14.2,14.5,13.8,13.85,771811
CHALET,20191121,351.05,374.4,344.55,372.65,14307
CHAMBLFERT,20191121,159,159,151.5,152.45,407807
CHEMBOND,20191121,218,218,200.95,204.8,963
CHEMFAB,20191121,165.05,166.6,161.5,164.45,2544
CHENNPETRO,20191121,136.6,137.3,133.75,136.9,119659
CHOLAFIN,20191121,319,321,315.7,317.05,715748
CHOLAHLDNG,20191121,499.9,503,483.75,487.2,14744
CHROMATIC,20191121,0.45,0.45,0.4,0.4,42227
CIGNITITEC,20191121,339.8,339.8,325.1,330.2,30603
CIMMCO,20191121,21,21.55,20.45,21.25,30295
CINELINE,20191121,30.75,31.25,28.85,29.1,26205
CINEVISTA,20191121,9.1,9.1,8.4,8.9,2990
CIPLA,20191121,482.6,492.3,476.6,485.5,5600894
CKFSL,20191121,0.6,0.6,0.5,0.5,1145158
CLEDUCATE,20191121,75.05,79.35,74.65,76.95,3975
CLNINDIA,20191121,337.45,341.05,332.5,333.65,38158
CMICABLES,20191121,58.9,61.7,57,57.65,23642
CNOVAPETRO,20191121,8,8.5,7.85,8.45,901
COALINDIA,20191121,203,203.65,195.8,196.6,4650473
COCHINSHIP,20191121,411.1,424.55,411.1,414,415839
COFFEEDAY,20191121,55.4,55.4,51.2,55.4,2594258
COLPAL,20191121,1539.4,1545.5,1508.1,1512.05,591075
COMPINFO,20191121,9,9.7,8.6,9.1,154917
COMPUSOFT,20191121,8.1,8.2,7.85,8.05,21121
CONCOR,20191121,603,603,573.25,577.15,4868875
CONFIPET,20191121,26.65,26.85,26.2,26.35,99888
CONSOFINVT,20191121,36.55,37,36.5,36.9,1287
CONTROLPR,20191121,225.05,248.45,225,246,11450
CORALFINAC,20191121,11.9,11.9,10.5,10.7,4110
CORDSCABLE,20191121,42.15,45.5,42.15,43.65,24225
COROMANDEL,20191121,469,471.95,461,464.8,141900
CORPBANK,20191121,26.8,26.8,24.9,24.9,4260087
COSMOFILMS,20191121,240.8,240.8,227.5,234.65,19455
COUNCODOS,20191121,1.6,1.6,1.6,1.6,6890
COX&KINGS,20191121,1.65,1.65,1.65,1.65,742290
CPSEETF,20191121,23.99,23.99,23.31,23.4,2768137
CREATIVE,20191121,72,73.25,71.55,72.1,12779
CREDITACC,20191121,794.9,794.9,766.55,776.3,60767
CREST,20191121,94.15,99.45,93.15,94.65,4072
CRISIL,20191121,1515,1520,1500,1515.05,12368
CROMPTON,20191121,256.3,257.15,250,251.55,409406
CTE,20191121,26.6,27.65,25.3,26.9,4238
CUB,20191121,215.65,216,212.7,215,553053
CUBEXTUB,20191121,11.5,12.15,11.5,11.75,721
CUMMINSIND,20191121,569,574.75,557.6,562.9,509317
CUPID,20191121,199.75,199.9,192,193.05,47531
CYBERMEDIA,20191121,3.5,3.65,3.35,3.65,133
CYBERTECH,20191121,49.4,50.4,48.2,48.75,28721
CYIENT,20191121,397,400,394.1,398.25,49657
DAAWAT,20191121,21.35,22.7,21.25,22.5,753357
DABUR,20191121,470,473.9,462.4,464.25,2168444
DALBHARAT,20191121,836,855,836,852.2,122039
DALMIASUG,20191121,87.5,88.5,86,86.7,100485
DAMODARIND,20191121,26.05,28.75,25.15,26.8,2658
DATAMATICS,20191121,72.3,72.45,68.6,69.95,42412
DBCORP,20191121,141.5,143,140,140.35,10073
DBL,20191121,421,436.9,411.6,414.5,585802
DBREALTY,20191121,8.7,8.7,8.7,8.7,324502
DBSTOCKBRO,20191121,9.55,9.55,9.55,9.55,2950
DCAL,20191121,121.5,123.75,118.5,120.25,1983374
DCBBANK,20191121,177,181.55,176,178.75,658239
DCM,20191121,19.4,20.85,19.4,19.9,1698
DCMNVL,20191121,26.5,31.35,26.5,28.95,4513
DCMSHRIRAM,20191121,317,317.05,310.65,313.1,39957
DCW,20191121,15,15.1,14.25,14.3,484635
DECCANCE,20191121,323.95,329.8,315.5,323,6492
DEEPAKFERT,20191121,97.45,98.6,96,96.95,163332
DEEPAKNTR,20191121,349,355.1,345.45,350.45,172882
DEEPIND,20191121,101.5,106.65,101.05,103.95,35873
DELTACORP,20191121,198.2,201,193.25,194.45,756916
DELTAMAGNT,20191121,39,39.9,39,39.8,38
DEN,20191121,38,38.35,36.25,38.35,48646
DENORA,20191121,223.15,234.7,220.5,222.15,3700
DFMFOODS,20191121,245.05,246.5,245,245.5,30050
DGCONTENT,20191121,3.2,3.2,3.2,3.2,216186
DHAMPURSUG,20191121,177.5,180,176,177.5,261386
DHANBANK,20191121,15.05,15.3,14.85,15.05,226825
DHANUKA,20191121,319,319,302.25,304.75,24355
DHARSUGAR,20191121,7.85,8,7.5,7.7,9266
DHFL,20191121,21.15,21.15,19.25,21.15,12284051
DHUNINV,20191121,216.95,216.95,210,211,880
DIAMONDYD,20191121,906.05,911.95,876,897.2,4665
DICIND,20191121,319.6,332.95,318.15,324.1,670
DIGISPICE,20191121,6.45,7,6.45,6.45,9853
DISHTV,20191121,18.5,19.5,14.9,15.85,147604238
DIVISLAB,20191121,1763.55,1779.95,1740.1,1747.05,429107
DIXON,20191121,3096.7,3175,3050,3139.85,128632
DLF,20191121,213.4,218.9,209,216.85,11285129
DLINKINDIA,20191121,88.2,90.9,88.1,89.6,51718
DMART,20191121,1829.8,1849.9,1810,1818.75,325924
DNAMEDIA,20191121,0.55,0.55,0.5,0.55,29930
DOLAT,20191121,70.05,71,67.55,68,131675
DOLLAR,20191121,155.05,156.8,152,152.85,7189
DONEAR,20191121,29.1,29.65,28.75,28.9,3403
DPSCLTD,20191121,8.75,8.85,8.75,8.85,13051
DQE,20191121,2.4,2.4,2.4,2.4,1
DREDGECORP,20191121,410.6,413.7,345.5,348.55,1833830
DRREDDY,20191121,2828,2890,2810.2,2879.25,958939
DSSL,20191121,27.9,27.9,27.2,27.3,6075
DTIL,20191121,173,173,169.25,170.4,3162
DUCON,20191121,5.85,6.05,5.6,5.75,37864
DVL,20191121,69.25,70.7,68.7,68.95,6400
DWARKESH,20191121,24.4,24.9,24.15,24.25,249493
DYNAMATECH,20191121,1100.6,1115,1090.9,1098.15,743
DYNPRO,20191121,149.95,151.75,143.5,144.25,13601
EASTSILK,20191121,0.75,0.85,0.75,0.85,7030
ECLERX,20191121,425,425.1,415,419.75,50485
EDELWEISS,20191121,126.7,131.35,124,124.7,1398590
EICHERMOT,20191121,21550,21998,21450,21954.6,130374
EIDPARRY,20191121,191.55,191.55,184.2,185.45,75444
EIHAHOTELS,20191121,295.1,309,293,307.1,2879
EIHOTEL,20191121,149.6,149.6,147.05,147.9,104868
EIMCOELECO,20191121,295.05,303.75,295.05,298.4,190
EKC,20191121,23.35,24.3,22.75,22.95,95832
ELECON,20191121,33.45,34,32.8,33.15,22016
ELECTCAST,20191121,10.85,11.6,10.75,10.8,254982
ELECTHERM,20191121,127.5,132,127.05,129.75,4507
ELGIEQUIP,20191121,255.1,256.05,252,253.85,8690
ELGIRUBCO,20191121,16.45,16.75,16,16.25,12197
EMAMILTD,20191121,320.7,322.95,312.25,313.05,55340
EMAMIPAP,20191121,68.05,72.9,67.8,68.6,3694
EMAMIREAL,20191121,44.5,46.3,42.65,44.5,3425
EMCO,20191121,0.7,0.8,0.7,0.8,7528
EMKAY,20191121,68.2,68.3,65.3,65.65,11218
EMMBI,20191121,98,101.5,95.55,100.4,27655
ENDURANCE,20191121,1083.85,1113.25,1083.85,1092.35,10785
ENERGYDEV,20191121,5.1,5.6,5.1,5.6,14712
ENGINERSIN,20191121,104.15,104.8,103.1,104,505730
ENIL,20191121,243.2,250.05,225.2,229.55,26029
EON,20191121,15.9,16.4,15.1,15.7,7802
EQ30,20191121,325,341,324,341,21
EQUITAS,20191121,89.4,90.1,87.9,88.25,1455916
ERIS,20191121,411.4,419.7,411,417.7,539401
EROSMEDIA,20191121,14.95,15.1,14.25,14.9,141588
ESABINDIA,20191121,1226.95,1248,1222.35,1233.25,1344
ESCORTS,20191121,672,676.3,650.1,652.25,1334686
ESSARSHPNG,20191121,7.65,7.8,7.35,7.75,7604
ESSELPACK,20191121,150,154.9,147.9,153.3,244436
ESTER,20191121,36.4,36.4,35.25,35.75,35699
EUROMULTI,20191121,0.35,0.45,0.35,0.45,18730
EUROTEXIND,20191121,12.15,12.15,12.15,12.15,100
EVEREADY,20191121,54.1,54.8,52.55,53.75,105051
EVERESTIND,20191121,271,282,267.8,271.35,26927
EXCEL,20191121,0.95,1,0.9,1,21934
EXCELINDUS,20191121,825,847.25,825,835.95,8770
EXIDEIND,20191121,189,191.35,186.8,187.75,1627019
EXPLEOSOL,20191121,271.35,276.9,271.3,272.3,1700
FACT,20191121,39.8,39.9,39.1,39.3,47680
FAIRCHEM,20191121,473.4,478.85,457.05,459.95,6214
FCL,20191121,28,28.25,27.2,27.45,70988
FCONSUMER,20191121,22.85,23.1,22.3,22.75,1133996
FCSSOFT,20191121,0.2,0.25,0.2,0.2,397379
FDC,20191121,201.8,202.3,191.1,193.85,129654
FEDERALBNK,20191121,88.5,89.4,87.4,87.85,9720943
FEL,20191121,21.7,22.5,21.5,21.75,154672
FELDVR,20191121,20.7,21.85,20.5,21.15,3942
FIEMIND,20191121,408.55,415.5,395.25,398.45,25818
FILATEX,20191121,36.8,37.35,36.45,36.5,36585
FINCABLES,20191121,359,360,354.05,356.15,21078
FINEORG,20191121,2050,2112.35,2040,2042.9,18536
FINPIPE,20191121,565.25,578,565.25,566.25,17098
FLEXITUFF,20191121,3.4,3.4,3.3,3.4,17561
FLFL,20191121,409.9,415.85,399,415,376563
FLUOROCHEM,20191121,510.35,530.35,510.3,522.5,5239
FMGOETZE,20191121,599.9,601,582.1,583.55,2739
FMNL,20191121,29.05,29.85,27.15,27.3,15530
FORCEMOT,20191121,1014,1020.1,998.1,1012.8,26319
FORTIS,20191121,142,142.95,139.05,140.1,991684
FOSECOIND,20191121,1323.4,1324,1288,1291,1338
FRETAIL,20191121,329,334.7,327.4,333.2,206167
FSC,20191121,495,496.55,489.95,493.7,3554
FSL,20191121,41,41.65,40.1,40.2,1406123
GABRIEL,20191121,121.3,122.85,117.2,118.85,129655
GAEL,20191121,152.6,161.65,148.4,159.85,76154
GAIL,20191121,124.5,124.5,121.4,121.95,9596989
GAL,20191121,1.85,1.85,1.8,1.8,11699
GALAXYSURF,20191121,1531.5,1569.9,1524,1535.75,14401
GALLANTT,20191121,27.45,27.45,26.2,27.1,3204
GALLISPAT,20191121,20.05,20.5,20.05,20.45,1314
GAMMNINFRA,20191121,0.3,0.3,0.25,0.3,2400278
GANDHITUBE,20191121,286.4,294.9,286.05,288.6,982
GANECOS,20191121,244,246,244,244,961
GANESHHOUC,20191121,31.5,32.4,30.8,30.95,30210
GANGESSECU,20191121,37.55,37.55,37.55,37.55,35
GARDENSILK,20191121,10.15,10.35,9.7,9.75,16563
GARFIBRES,20191121,1145.65,1174.1,1138,1168.9,4446
GATI,20191121,57,57.9,56.75,57.55,182757
GAYAHWS,20191121,0.3,0.3,0.25,0.3,102981
GAYAPROJ,20191121,88.95,91.15,69.55,69.55,1704944
GDL,20191121,91.3,92.05,90.1,90.5,225813
GEECEE,20191121,81.75,81.75,79.25,80.2,2433
GENESYS,20191121,73.2,74.9,68.55,69.1,3867
GENUSPAPER,20191121,4.9,4.9,4.7,4.85,99505
GENUSPOWER,20191121,24.05,24.9,24,24.1,46021
GEOJITFSL,20191121,30.5,30.5,29.35,29.5,75671
GEPIL,20191121,710.15,711.3,685.95,693.1,31169
GESHIP,20191121,301.2,310,297,297.85,107191
GET&D,20191121,174.1,175,170,170.4,17939
GFLLIMITED,20191121,70.5,70.5,65.15,65.15,91599
GHCL,20191121,204.8,207.9,204.25,206.1,39884
GICHSGFIN,20191121,152,157.45,149.25,155.45,286986
GICRE,20191121,248.3,275,242.15,269.1,2477847
GILLANDERS,20191121,29,32,28.6,29.35,2229
GILLETTE,20191121,7016.5,7035.35,6925,6952.6,6710
GINNIFILA,20191121,8.7,8.9,8.2,8.3,29898
GIPCL,20191121,67.95,68.55,67.6,68.05,41092
GKWLIMITED,20191121,757.1,757.1,691.1,707.8,628
GLAXO,20191121,1665,1680,1646,1658.15,38206
GLENMARK,20191121,358,358.65,348.3,349.55,3932196
GLFL,20191121,0.85,0.85,0.8,0.8,256
GLOBALVECT,20191121,46.05,49,46.05,47.2,2089
GLOBOFFS,20191121,6.05,6.1,5.9,6,4794
GLOBUSSPR,20191121,143,143.7,136.25,142,165971
GMBREW,20191121,404.95,414,402.95,406.8,34115
GMDCLTD,20191121,59.45,59.45,58.1,58.3,58267
GMMPFAUDLR,20191121,1625,1710.95,1623,1674.45,22555
GMRINFRA,20191121,21.05,21.35,20.55,20.7,14415493
GNA,20191121,269.45,273,263.35,266.15,22123
GNFC,20191121,193.95,194.3,190.3,190.8,156325
GOACARBON,20191121,209.9,213,200,208.9,12480
GOCLCORP,20191121,270.4,293.45,270.4,291.35,7664
GODFRYPHLP,20191121,1154,1180,1150,1154.25,67638
GODREJAGRO,20191121,466.1,478.85,465,475.25,52126
GODREJCP,20191121,714,732,706.75,726.3,988623
GODREJIND,20191121,445.7,451.4,435,435.65,70945
GODREJPROP,20191121,866.35,874.8,844.5,859.5,286024
GOKEX,20191121,74.3,79.4,73.55,78.1,74422
GOKUL,20191121,13,13.65,12.5,12.55,4645
GOKULAGRO,20191121,13.75,13.75,12.6,13.15,3748
GOLDBEES,20191121,3395,3395,3367.15,3370.3,16666
GOLDENTOBC,20191121,32.35,34,32.3,32.3,735
GOLDIAM,20191121,135.2,135.5,133.75,134.7,21464
GOLDSHARE,20191121,3385.05,3395.5,3376.65,3378.8,1390
GOLDTECH,20191121,9.3,9.3,8.15,8.85,21269
GOODLUCK,20191121,46.7,46.7,42.2,43.7,17528
GPIL,20191121,143.15,146.45,142.7,144.35,13848
GPPL,20191121,86.35,86.35,84.5,85.15,313897
GPTINFRA,20191121,44.9,44.9,40.5,40.8,1675
GRANULES,20191121,129.2,132.3,128.6,130.7,1432125
GRAPHITE,20191121,304.75,306.4,298.3,302.3,673603
GRASIM,20191121,795.3,797,775.3,778.95,1794807
GRAVITA,20191121,40.5,41,40.05,40.4,21615
GREAVESCOT,20191121,137.95,138.1,132.4,133.1,215251
GREENLAM,20191121,946,963.25,890,908.65,3095
GREENPANEL,20191121,48.5,48.7,47,47.5,249446
GREENPLY,20191121,158.05,162,158.05,160.15,51114
GREENPOWER,20191121,1.95,1.95,1.95,1.95,7044
GRINDWELL,20191121,598,602,589.05,591.6,19023
GROBTEA,20191121,284.1,299.75,273.05,285,78
GRPLTD,20191121,896,896,832.05,861.5,881
GRSE,20191121,227.25,231.6,223.05,224.35,197669
GSCLCEMENT,20191121,19.5,19.7,18.9,19.15,34827
GSFC,20191121,70.55,71.9,70.4,71.05,191430
GSKCONS,20191121,8693.9,8870.7,8658.2,8812.55,11770
GSPL,20191121,219.65,219.65,214,215.2,297135
GSS,20191121,33.7,34.25,32.6,33.3,6845
GTL,20191121,1.4,1.4,1.3,1.4,370914
GTLINFRA,20191121,0.4,0.5,0.4,0.5,9587861
GTNIND,20191121,5.8,6,5.8,6,1148
GTNTEX,20191121,6.5,6.5,6.45,6.45,1201
GTPL,20191121,67,67,65.55,65.85,145523
GUFICBIO,20191121,68.4,68.4,66.25,67.2,32329
GUJALKALI,20191121,406.55,418,403,407.1,22665
GUJAPOLLO,20191121,129,136.9,123.75,132.15,1626
GUJGASLTD,20191121,193.8,197.9,193.05,193.9,447972
GUJRAFFIA,20191121,8,8,7.6,7.6,290
GULFOILLUB,20191121,866,880,860,860.7,816
GULFPETRO,20191121,39.8,39.8,37.5,38,4194
GULPOLY,20191121,37.45,39.1,37.45,37.95,5134
GVKPIL,20191121,4.35,4.45,4.35,4.45,1712735
HAL,20191121,799.6,827,793.3,803.55,50901
HARITASEAT,20191121,429.05,440,427,432.35,15901
HARRMALAYA,20191121,48.2,49.25,47.95,48.35,24603
HATHWAY,20191121,20,20.5,19.7,20.1,151020
HATSUN,20191121,581.95,586.95,570,577.45,13417
HAVELLS,20191121,671.65,675.7,651,653.7,1467627
HAVISHA,20191121,0.65,0.7,0.6,0.6,8841
HBLPOWER,20191121,15.6,16.15,15.55,15.65,169086
HCC,20191121,9.9,9.9,9.5,9.9,17668245
HCG,20191121,113,113.5,110,110.4,311683
HCL-INSYS,20191121,9.55,10,8.65,8.65,2034064
HCLTECH,20191121,1138.6,1148.5,1131.55,1136.6,1938092
HDFC,20191121,2202,2216,2186.2,2210.35,2679074
HDFCAMC,20191121,3646.6,3796.5,3646.6,3769.75,1163257
HDFCBANK,20191121,1270.25,1287,1268.35,1283.35,6009763
HDFCLIFE,20191121,576.4,592.35,573,589.25,3752775
HDFCMFGETF,20191121,3469,3469,3437.1,3441.55,2018
HDFCNIFETF,20191121,1262.4,1263.46,1254.56,1255.54,121
HDFCSENETF,20191121,4262.65,4294.97,4262.65,4292,53
HDIL,20191121,2.7,2.7,2.7,2.7,130801
HEG,20191121,1018.7,1022.7,996.3,1008,200135
HEIDELBERG,20191121,188,188.95,186.55,187.25,129829
HERCULES,20191121,97,98,93.25,95.15,43469
HERITGFOOD,20191121,324,324,311,314.15,67412
HEROMOTOCO,20191121,2477,2499.9,2436.55,2443.45,677663
HESTERBIO,20191121,1580.05,1580.05,1552,1571.5,1641
HEXATRADEX,20191121,11.05,11.05,10.15,10.5,1475
HEXAWARE,20191121,338.05,347.8,338,338.95,893633
HFCL,20191121,17.35,17.4,17.1,17.2,1170982
HGINFRA,20191121,258.3,264.9,257.5,262.65,62225
HGS,20191121,604,628.5,604,620.7,13806
HIKAL,20191121,111.6,111.65,108.3,109.05,141889
HIL,20191121,1242.35,1257.55,1210,1213.4,8890
HILTON,20191121,15.45,15.45,15.45,15.45,3308
HIMATSEIDE,20191121,127.8,138.15,126.4,135.05,165552
HINDALCO,20191121,190.2,192.9,188.05,188.6,6342754
HINDCOMPOS,20191121,169,171,165.65,167.65,1911
HINDCOPPER,20191121,41.5,41.55,38.5,38.95,1583708
HINDMOTORS,20191121,5.55,5.8,5.55,5.65,80009
HINDNATGLS,20191121,29.4,29.75,27.95,27.95,1962
HINDOILEXP,20191121,92.75,93.4,92.1,92.75,107962
HINDPETRO,20191121,302,302,284.85,286.8,7726635
HINDSYNTEX,20191121,2.6,2.6,2.5,2.5,3210
HINDUNILVR,20191121,2027,2059.95,2017,2048.65,1397175
HINDZINC,20191121,214.25,215.8,210,214.7,464816
HIRECT,20191121,221,224.4,218,220.5,43480
HISARMETAL,20191121,50.8,50.8,48,48.25,379
HITECH,20191121,139.6,139.6,132,134.95,5272
HITECHCORP,20191121,88,89.95,86.3,89.4,3877
HITECHGEAR,20191121,173.05,174,167,167.25,3305
HMVL,20191121,74.1,74.1,71.4,71.7,8315
HNDFDS,20191121,611,639.8,611,625.6,1400
HNGSNGBEES,20191121,3399.98,3399.98,3260.05,3260.05,12
HONAUT,20191121,27691.8,27900,27289.9,27779.2,473
HONDAPOWER,20191121,1332.75,1352,1300,1303.1,2616
HOTELEELA,20191121,7.4,7.4,7.2,7.3,90775
HOVS,20191121,47.5,49.25,45.3,46.05,7289
HPL,20191121,40.7,41,39.1,40.2,45145
HSCL,20191121,61.2,65.85,59.35,65.1,1305177
HSIL,20191121,48.4,49.45,47.75,48,226243
HTMEDIA,20191121,16.3,16.8,15.8,15.95,276811
HUBTOWN,20191121,12.75,13.4,12.7,13,25647
HUDCO,20191121,43.3,43.4,42.1,42.25,931556
IBMFNIFTY,20191121,120,120,117.06,117.07,72
IBREALEST,20191121,67.05,70.6,63.9,70.3,3001875
IBULHSGFIN,20191121,209.5,235.3,204.55,231.55,53888172
IBULISL,20191121,63.1,69.7,63.1,66.35,1794851
IBVENTURES,20191121,142.9,150.7,141.5,149.8,1410482
ICICI500,20191121,157.44,158.13,157.09,157.61,723
ICICIB22,20191121,35.64,35.64,34.87,34.98,235848
ICICIBANK,20191121,498.1,503.8,491.25,498.25,25745594
ICICIBANKN,20191121,316,316,312.2,312.97,1685
ICICIBANKP,20191121,173.9,173.9,172.6,172.83,635
ICICIGI,20191121,1350.5,1380,1335.1,1374.1,662162
ICICIGOLD,20191121,34.05,34.85,34.05,34.55,15806
ICICILIQ,20191121,999.99,1000,999.99,999.99,49708
ICICILOVOL,20191121,94,94,90.3,91.99,1379
ICICIMCAP,20191121,67,67,64.62,64.88,7825
ICICINF100,20191121,130,130.08,129,129.72,1920
ICICINIFTY,20191121,125,126.35,125,125.78,34384
ICICINV20,20191121,58.4,58.4,56.81,56.92,9669
ICICINXT50,20191121,28.99,28.99,28.37,28.43,28089
ICICIPRULI,20191121,503.3,504.9,497.3,499.55,2326321
ICICISENSX,20191121,433.8,434.32,430.49,431,119
ICIL,20191121,50.5,50.5,47.1,47.3,61728
ICRA,20191121,2710,2712.45,2672.95,2693.5,5505
IDBI,20191121,33.9,34.15,33.15,33.45,1803584
IDBIGOLD,20191121,3525,3525,3488,3488,165
IDEA,20191121,7.75,7.95,6.15,6.65,879935477
IDFC,20191121,33.95,34.35,33.35,33.5,4664109
IDFCFIRSTB,20191121,43,43.7,42.75,43.1,15294734
IDFNIFTYET,20191121,118.7,121.6,116.7,116.7,82
IEX,20191121,143.7,145,142.65,144.8,153001
IFBAGRO,20191121,396,408.05,396,400.05,6740
IFBIND,20191121,673.65,684.2,661.3,668.85,11417
IFCI,20191121,7.8,7.85,7.3,7.35,2669785
IFGLEXPOR,20191121,150.2,152.75,141,143.4,1461
IGARASHI,20191121,241,263.8,238.4,252.6,195158
IGL,20191121,423,438.7,412.2,417.05,4521078
IGPL,20191121,140.15,145.45,140.1,142.95,7861
IIFL,20191121,152,152,143.6,145.05,131151
IIFLSEC,20191121,24.7,24.7,23.4,23.45,164199
IIFLWAM,20191121,1240,1267.45,1212.25,1246.9,14217
IITL,20191121,60,63,60,63,10
IMFA,20191121,194,198.4,190.55,191.25,13352
IMPAL,20191121,600,607,586,586.8,1494
IMPEXFERRO,20191121,0.35,0.4,0.35,0.4,11812
INDBANK,20191121,7.25,7.4,7.1,7.15,39685
INDHOTEL,20191121,151.2,153.95,150.9,151.8,574226
INDIACEM,20191121,78,80.5,77.35,77.95,1503714
INDIAGLYCO,20191121,221,221,215,216.9,39198
INDIAMART,20191121,2073.35,2083,2052,2060.3,37995
INDIANB,20191121,123.4,123.4,119.85,120.65,1413757
INDIANCARD,20191121,105.1,105.1,105.1,105.1,1
INDIANHUME,20191121,215,215,206.85,208.5,20467
INDIGO,20191121,1426.65,1443.05,1385,1400.2,1363237
INDLMETER,20191121,22.8,23.75,21.7,22,3352
INDNIPPON,20191121,336.95,339.95,325.1,326.9,3161
INDOCO,20191121,151.65,155.7,149.6,154.25,26625
INDORAMA,20191121,25.45,26.9,25.05,26,4301
INDOSTAR,20191121,193.2,208.05,190.45,196,277205
INDOTECH,20191121,113,121,111.05,111.2,6901
INDOTHAI,20191121,21.7,23.85,21.45,22.95,5117
INDOWIND,20191121,2.85,2.95,2.75,2.8,31141
INDRAMEDCO,20191121,44.3,44.3,42.35,42.7,115016
INDSWFTLAB,20191121,27.7,27.7,26.5,27.15,3732
INDSWFTLTD,20191121,3.65,3.75,3.45,3.5,16326
INDTERRAIN,20191121,68.15,70,68.1,68.5,794
INDUSINDBK,20191121,1480.1,1502.05,1437.6,1446.15,6229283
INEOSSTYRO,20191121,700.2,714.4,700,711.45,6391
INFIBEAM,20191121,44,50.5,44,49.05,9103177
INFOBEAN,20191121,67.2,68,67,67.45,2027
INFRABEES,20191121,343.98,344.9,340,342.45,2105
INFRATEL,20191121,243.95,245.65,231.3,241.9,14777175
INFY,20191121,715.5,721.45,710.5,713.25,9692973
INGERRAND,20191121,690,695.85,650,652.3,106964
INOXLEISUR,20191121,362.4,365,357.05,360.75,81646
INOXWIND,20191121,32.3,32.7,31.95,32.05,45229
INSECTICID,20191121,532.4,535.45,525,526.25,1727
INSPIRISYS,20191121,38.95,41.9,38.05,40.05,2691
INTEGRA,20191121,0.3,0.35,0.25,0.35,731
INTELLECT,20191121,158,159.8,152.5,153.7,316993
INTENTECH,20191121,29.15,31,29.15,30.55,19893
INVENTURE,20191121,13.25,13.25,12.6,12.6,27092
IOB,20191121,10.85,11.35,10.55,10.95,1470497
IOC,20191121,131.4,131.8,128.4,128.9,9151096
IOLCP,20191121,180.8,182,176.6,177.3,191546
IPAPPM,20191121,290,296.25,287.05,290.75,9118
IPCALAB,20191121,1145.75,1152.9,1114.35,1121.4,139599
IRB,20191121,80,89.4,80,85.25,10428446
IRCON,20191121,428,443.95,427.3,432.4,279506
IRCTC,20191121,898,906,880.1,884.8,1297118
ISEC,20191121,306.55,307.4,300,300.8,127758
ISFT,20191121,67.7,74.5,67.7,74.15,15748
ISMTLTD,20191121,3.85,4.1,3.85,4,6166
ITC,20191121,251.4,251.4,245.05,245.7,10393219
ITDC,20191121,385.25,385.25,374.15,374.15,452850
ITDCEM,20191121,60.9,60.9,58.05,60,367261
ITI,20191121,89.4,89.5,86.5,86.85,693962
IVC,20191121,3.6,4,3.6,3.85,103944
IVP,20191121,58.25,61.15,56.5,61,4689
IVZINGOLD,20191121,3436.6,3470,3436.6,3469,21
IZMO,20191121,27.9,28.05,25.5,25.5,25504
J&KBANK,20191121,33.6,33.7,32.95,33.05,462045
JAGRAN,20191121,47.65,53.35,47.6,50.95,3100491
JAGSNPHARM,20191121,26.05,26.65,25.5,26,3285
JAIBALAJI,20191121,20.95,21.5,20.5,21.45,10276
JAICORPLTD,20191121,99.5,101.6,98.2,99,2298099
JAINSTUDIO,20191121,1.75,1.75,1.75,1.75,1100
JAMNAAUTO,20191121,45.35,46.2,43.6,43.95,429803
JASH,20191121,122.1,135.9,122.1,130,1428
JAYAGROGN,20191121,127,127.75,125.9,126.1,1868
JAYBARMARU,20191121,220.05,224.8,216.1,217.95,240819
JAYNECOIND,20191121,3.35,3.5,3.25,3.5,44451
JAYSREETEA,20191121,46.55,48.25,46.5,47.05,51783
JBCHEPHARM,20191121,375,391.9,315.05,387.55,100014
JBFIND,20191121,6.9,6.9,6.75,6.9,9539
JBMA,20191121,227.25,228.35,222.85,224.05,23828
JCHAC,20191121,1993.5,2008,1951,1978.1,1893
JHS,20191121,16,16.25,15.6,16,21828
JIKIND,20191121,0.35,0.45,0.35,0.4,10492
JINDALPHOT,20191121,12.1,13.3,12.1,13.1,1186
JINDALPOLY,20191121,225.55,232.35,224,225.7,8735
JINDALSAW,20191121,80.8,81.8,79.25,79.6,240241
JINDALSTEL,20191121,139.3,140.5,135.2,136.1,11728699
JINDCOT,20191121,1.7,1.75,1.65,1.75,2320
JINDRILL,20191121,73.05,74.95,70.5,71.85,13570
JINDWORLD,20191121,63.25,63.8,60.15,62.2,125308
JISLDVREQS,20191121,9.3,9.7,9.2,9.6,17352
JISLJALEQS,20191121,11.3,11.5,11,11.25,5099324
JITFINFRA,20191121,6.35,6.35,6.05,6.35,209
JIYAECO,20191121,35.2,37.25,34.3,35.3,175216
JKCEMENT,20191121,1178.55,1180.45,1165,1166.6,33305
JKIL,20191121,170.2,179.5,170.05,170.75,927125
JKLAKSHMI,20191121,283.8,285.35,280,281.5,101355
JKPAPER,20191121,113.95,114.9,113.45,113.85,410753
JKTYRE,20191121,67.5,68.4,66.75,67.75,432941
JMA,20191121,23.8,24,23.4,23.75,2396
JMCPROJECT,20191121,103.9,107.95,103.15,104,47168
JMFINANCIL,20191121,93.2,93.75,92.15,92.6,152850
JMTAUTOLTD,20191121,1.35,1.4,1.3,1.35,60934
JOCIL,20191121,108,112.9,104.6,105.4,3326
JPASSOCIAT,20191121,2.1,2.15,2.05,2.1,5194698
JPINFRATEC,20191121,1.2,1.25,1.15,1.15,1858998
JPOLYINVST,20191121,11.2,11.2,10.8,10.8,261
JPPOWER,20191121,1.05,1.05,1,1.05,1427737
JSL,20191121,39.2,39.5,38.4,38.6,313464
JSLHISAR,20191121,72.25,73.65,70.55,71.1,56032
JSWENERGY,20191121,71.75,72.5,70.1,70.15,368822
JSWHL,20191121,2224.45,2260,2210,2256.2,919
JSWSTEEL,20191121,248,248.95,244.15,245.25,3840421
JTEKTINDIA,20191121,86,86.95,84.75,85.05,50460
JUBILANT,20191121,544.8,544.8,518,524.4,710310
JUBLFOOD,20191121,1580.1,1614.8,1559.1,1591.15,947763
JUBLINDS,20191121,104.45,107.1,104.45,104.95,4422
JUMPNET,20191121,71.9,72.9,68.5,69.25,792361
JUNIORBEES,20191121,295.8,295.8,290.51,291.38,134152
JUSTDIAL,20191121,561.9,562,544.1,547.85,2368822
JYOTHYLAB,20191121,180,181.1,177,177.75,66798
KABRAEXTRU,20191121,65.95,65.95,63.35,64,6567
KAJARIACER,20191121,521,523.6,514.1,520.1,142399
KAKATCEM,20191121,154,154,149.05,150.15,3600
KALPATPOWR,20191121,451,464.7,446.05,459.2,60962
KALYANIFRG,20191121,157.85,160,157.05,160,232
KAMATHOTEL,20191121,35.2,35.2,33.95,34.05,53400
KAMDHENU,20191121,98.7,99.65,97,98.15,3471
KANANIIND,20191121,2.85,3.2,2.85,2.9,4651
KANORICHEM,20191121,39,39.65,38.95,39.1,10337
KANSAINER,20191121,540,542.2,533,533.95,146746
KARDA,20191121,149,164.7,148.45,150.35,76825
KARMAENG,20191121,10.75,10.75,10.25,10.25,212
KARURVYSYA,20191121,57.4,57.9,56.25,57.65,871986
KAUSHALYA,20191121,0.45,0.45,0.4,0.45,4592
KAVVERITEL,20191121,2.45,2.5,2.45,2.5,125
KAYA,20191121,363.95,367.9,351.2,354.15,9080
KCP,20191121,64,65.05,61.9,62.2,73827
KCPSUGIND,20191121,13.35,13.35,13.05,13.2,64343
KDDL,20191121,338.4,339.9,328,335.2,1230
KEC,20191121,279.15,294.5,276,278.5,1074702
KECL,20191121,11,11.15,10.45,10.65,6984
KEI,20191121,535,535,515,520.1,105742
KELLTONTEC,20191121,16.55,16.9,15.8,16.1,89916
KENNAMET,20191121,990.95,1010,964.25,1002.45,20611
KERNEX,20191121,22,22.9,21.25,22.7,4239
KESARENT,20191121,30,30,28.15,28.45,2179
KESORAMIND,20191121,59.35,61.35,58.65,60.55,211936
KGL,20191121,0.35,0.35,0.3,0.3,188132
KHADIM,20191121,185.1,195,184.55,189.4,78957
KHAITANLTD,20191121,19.35,19.35,19.35,19.35,1
KICL,20191121,1596.05,1596.05,1551,1554,415
KILITCH,20191121,118.55,121.7,116.35,117.3,16433
KINGFA,20191121,618,622.55,608,614.95,3505
KIOCL,20191121,122.9,128,119.05,120.45,225148
KIRIINDUS,20191121,382,384.9,380,380.05,58874
KIRLFER,20191121,60.2,62.5,60.2,61.05,2318
KIRLOSBROS,20191121,136.5,143,136.25,142.2,26330
KIRLOSENG,20191121,162.05,164.5,161,161.95,14049
KIRLOSIND,20191121,640,653.5,625.7,631.4,544
KITEX,20191121,100.1,100.75,97.4,97.95,60256
KKCL,20191121,970,970,959.95,970,757
KMSUGAR,20191121,6.4,6.7,6.25,6.35,142345
KNRCON,20191121,256.5,288,248,250.3,1444638
KOHINOOR,20191121,10.9,11.05,10.1,10.55,12016
KOKUYOCMLN,20191121,73.5,74.95,72.1,72.35,15011
KOLTEPATIL,20191121,234.7,239.95,228.1,229.4,38132
KOPRAN,20191121,32.15,34.8,30.65,33.6,360425
KOTAKBANK,20191121,1603.45,1604.9,1587.5,1595.25,1673814
KOTAKBKETF,20191121,328.2,328.2,319.26,320.32,81786
KOTAKGOLD,20191121,339.9,339.9,336,336.25,8981
KOTAKNIFTY,20191121,124,124.4,122.15,123.9,43621
KOTAKNV20,20191121,58.96,59,58.05,58.06,15758
KOTAKPSUBK,20191121,257.9,259.5,255.45,255.87,4947
KOTARISUG,20191121,10.55,10.55,10.2,10.35,8813
KOTHARIPET,20191121,16.15,16.5,16,16.3,391
KOTHARIPRO,20191121,59,60.95,58.65,59.55,3131
KPITTECH,20191121,97.05,100,96,98.7,370101
KPRMILL,20191121,679,679,661.05,662.75,8674
KRBL,20191121,190.65,204.4,187,200.3,247052
KREBSBIO,20191121,88,88,86.6,86.6,474
KRIDHANINF,20191121,4.7,4.7,4.7,4.7,62107
KRISHANA,20191121,56.9,56.9,47.65,48.15,1261
KSB,20191121,681,687,675,678.25,5207
KSCL,20191121,516.3,516.3,492.75,496.8,159759
KSERASERA,20191121,0.1,0.1,0.05,0.1,1090285
KSK,20191121,0.65,0.65,0.6,0.6,637864
KSL,20191121,217,217.5,210.1,212.05,33639
KTIL,20191121,30.9,30.9,30,30.1,9668
KTKBANK,20191121,74.65,74.9,73.55,73.75,652868
KUANTUM,20191121,446,495,446,457.85,353
KWALITY,20191121,2.85,2.85,2.85,2.85,179732
L&TFH,20191121,99.2,99.4,95.6,95.9,6967796
LAKSHVILAS,20191121,19.7,20.15,19.25,20.15,1189044
LALPATHLAB,20191121,1598,1617,1575,1581.2,63271
LAMBODHARA,20191121,31.75,32.8,31.35,32.35,3340
LAOPALA,20191121,142.95,144.85,139.05,141.5,613079
LASA,20191121,17.55,18.3,17.55,17.75,13173
LAURUSLABS,20191121,338.4,341.25,326.6,332.95,204826
LAXMIMACH,20191121,3355.05,3368.05,3312.05,3320.65,4706
LEMONTREE,20191121,59.5,59.7,58.55,58.85,367686
LFIC,20191121,54.5,55,54.5,55,100
LGBBROSLTD,20191121,271.1,280,266.1,271.5,4358
LGBFORGE,20191121,2.25,2.35,2.25,2.3,24548
LIBAS,20191121,55,55,48.85,49.9,6901
LIBERTSHOE,20191121,127.4,128.6,124.5,125.05,91772
LICHSGFIN,20191121,417.6,422.25,412,412.75,1518878
LICNETFGSC,20191121,20.6,21,20.59,20.7,2044
LICNETFN50,20191121,124.99,124.99,122.32,122.32,14
LICNFNHGP,20191121,127,127,127,127,4
LINCOLN,20191121,184.8,186,177.15,178.85,45812
LINCPEN,20191121,188.75,202,180,195.5,5052
LINDEINDIA,20191121,653,658.95,624,628.2,135274
LIQUIDBEES,20191121,1000,1000.01,999.7,999.99,1175366
LIQUIDETF,20191121,999.99,1000.01,999.99,1000,6039
LOKESHMACH,20191121,34.55,36,34.45,35.3,7342
LOTUSEYE,20191121,21.4,21.9,21,21.55,2694
LOVABLE,20191121,62.9,63.85,62.2,62.8,4734
LPDC,20191121,1.7,1.75,1.7,1.75,1122
LSIL,20191121,0.5,0.5,0.45,0.5,1462052
LT,20191121,1405,1417.9,1385,1392.7,5719318
LTI,20191121,1728,1732.4,1688.6,1691.8,168057
LTTS,20191121,1447.5,1450,1421.5,1441,133262
LUMAXIND,20191121,1231,1241.55,1201.65,1224.4,4378
LUMAXTECH,20191121,97.85,101,97.65,100.1,35774
LUPIN,20191121,783.95,787.95,768.7,771,1846584
LUXIND,20191121,1337.6,1339,1301.3,1312.4,44203
LYKALABS,20191121,17.9,18,17.1,17.4,4476
LYPSAGEMS,20191121,4.3,4.3,3.75,3.9,3165
M&M,20191121,560.5,562.65,550.2,551.8,3346254
M&MFIN,20191121,330.75,333.3,326.1,328.6,1001649
M100,20191121,17.8,17.9,17.57,17.81,16802
M50,20191121,117.53,117.69,117.49,117.49,94
MAANALU,20191121,60.5,61.5,60.25,60.45,2032
MADHAV,20191121,24.65,24.65,23.1,23.3,1603
MADHUCON,20191121,4.2,4.5,4.1,4.25,49228
MADRASFERT,20191121,19.75,19.95,19.5,19.6,87823
MAGADSUGAR,20191121,99,100.5,98.2,98.4,10631
MAGMA,20191121,38.4,39.1,35.75,39.05,1229087
MAGNUM,20191121,4,4,3.75,3.9,1077
MAHABANK,20191121,12.9,13,12.3,12.65,624784
MAHAPEXLTD,20191121,89.3,89.3,89.3,89.3,50
MAHASTEEL,20191121,156.6,156.6,144.15,151.2,7603
MAHESHWARI,20191121,238.5,238.5,228,234.9,14413
MAHINDCIE,20191121,144.25,147.4,142.65,146.8,57638
MAHLIFE,20191121,385.75,390,380,386.15,74253
MAHLOG,20191121,394.55,397.7,392.1,394.7,8806
MAHSCOOTER,20191121,4848.3,4850,4753,4771.7,3341
MAHSEAMLES,20191121,379.85,379.85,375.1,377.35,8936
MAITHANALL,20191121,458.25,474,454.95,463.55,42598
MAJESCO,20191121,413.95,451.95,412.5,436.6,134727
MALUPAPER,20191121,23.8,23.8,21.9,22.1,17526
MAN50ETF,20191121,121.55,121.55,121.55,121.55,7
MANAKALUCO,20191121,4.45,4.8,4.1,4.65,8896
MANAKCOAT,20191121,3.85,3.85,3.85,3.85,410
MANAKSIA,20191121,34.4,36.1,33.8,34.3,22609
MANAKSTEEL,20191121,9.8,9.8,9.25,9.4,4122
MANALIPETC,20191121,16.3,16.6,16.3,16.35,130259
MANAPPURAM,20191121,167.2,168.8,161,161.85,2805624
MANGALAM,20191121,32.3,32.3,29.5,30.3,7779
MANGCHEFER,20191121,29,29,27.75,27.85,41871
MANGLMCEM,20191121,297,297,281.55,284.35,18426
MANGTIMBER,20191121,5.6,5.6,5.45,5.45,1240
MANINDS,20191121,43.8,45.3,42.75,43.15,72097
MANINFRA,20191121,26.85,26.85,25.05,25.35,748050
MANUGRAPH,20191121,13.5,13.5,12.65,13.35,7586
MARALOVER,20191121,14.75,15.2,14.25,14.55,27881
MARATHON,20191121,73.95,75.35,73,73.15,2802
MARICO,20191121,356.9,359.25,353.05,356.85,1219942
MARKSANS,20191121,15.15,15.4,14.9,15,1063731
MARUTI,20191121,7150,7200,7004.8,7019.05,763454
MASFIN,20191121,729.3,729.5,715.9,721.65,5103
MASTEK,20191121,322,387,322,361.2,1267439
MATRIMONY,20191121,478,478.95,466,466.8,1033
MAWANASUG,20191121,33.45,34.25,32.3,33,78231
MAXINDIA,20191121,79.95,82,78.9,79.9,211882
MAXVIL,20191121,38.2,42.6,37.35,41.75,352760
MAYURUNIQ,20191121,224.15,226,220.35,221.5,5100
MAZDA,20191121,394.5,397.6,380,383.75,10068
MBAPL,20191121,70,70,65,68.9,7186
MBECL,20191121,5.1,5.15,5.1,5.15,8237
MBLINFRA,20191121,4.7,4.7,4.5,4.7,7035
MCDHOLDING,20191121,17.6,18.05,17.45,17.6,8588
MCDOWELL-N,20191121,612.1,617.55,607.05,610.6,837443
MCLEODRUSS,20191121,7.15,7.35,7.05,7.05,569744
MCX,20191121,1159,1168.75,1135,1145.7,242481
MEGASOFT,20191121,7,7.1,6.85,6.9,9912
MEGH,20191121,52.05,53.45,51.85,52.15,307959
MELSTAR,20191121,0.8,0.8,0.8,0.8,1050
MENONBE,20191121,55.4,56.95,54.15,54.85,6272
MEP,20191121,36.95,40,35.75,38.75,1710379
MERCATOR,20191121,1,1,1,1,112611
METALFORGE,20191121,7.4,7.4,7.4,7.4,2168
METROPOLIS,20191121,1445.25,1447.9,1425,1438.9,25655
MFSL,20191121,509.1,521.1,500.25,507.1,2729272
MGL,20191121,1037.95,1052.25,1025.5,1042.2,558371
MHRIL,20191121,219.8,222.2,215.05,216.3,43255
MIC,20191121,0.95,0.95,0.9,0.9,86306
MIDHANI,20191121,171.5,173.4,166.15,167.9,285317
MINDACORP,20191121,95.25,95.25,93,93.3,51160
MINDAIND,20191121,345,359.8,343.75,351.9,325802
MINDTECK,20191121,32,32,29.1,29.5,4204
MINDTREE,20191121,717,722.25,708,710.15,245066
MIRCELECTR,20191121,7.45,7.7,7.25,7.4,54245
MIRZAINT,20191121,56.35,56.5,55.25,55.45,92752
MMFL,20191121,394.8,394.85,376,376.7,442
MMTC,20191121,19,19,18.15,18.2,852881
MOHITIND,20191121,5.15,5.4,5,5.4,780
MOHOTAIND,20191121,7,7,6.55,7,11459
MOIL,20191121,142.8,143.6,142.3,143.05,195698
MOLDTECH,20191121,50.6,53.6,48.3,51.85,38299
MOLDTKPAC,20191121,285.95,288.8,282.05,283.95,14966
MONTECARLO,20191121,256.05,258.95,253.1,257,7408
MORARJEE,20191121,13.25,14.25,13.25,13.4,508
MOREPENLAB,20191121,16.5,17.4,16.1,16.95,1208008
MOTHERSUMI,20191121,132.2,132.2,121.4,122.3,16054009
MOTILALOFS,20191121,735.1,763.7,729.4,745.45,359449
MOTOGENFIN,20191121,35.6,35.6,33.9,34.25,4732
MPHASIS,20191121,906,910,881.7,890.15,114983
MPSLTD,20191121,485,489.85,460.5,464.2,16095
MRF,20191121,63100,63430.2,62446.2,62546.5,3752
MRO-TEK,20191121,29.4,29.95,27.95,29.95,4666
MRPL,20191121,48.3,48.5,47.4,47.55,139644
MSPL,20191121,5.05,5.5,5.05,5.2,2320
MSTCLTD,20191121,158.1,159.8,151.75,152.9,179027
MTEDUCARE,20191121,18.25,18.65,16.95,17.05,117842
MTNL,20191121,8.35,9.1,8.35,9.1,1074339
MUKANDENGG,20191121,13.55,13.55,13.4,13.55,73419
MUKANDLTD,20191121,31,31.85,28.75,29.1,83056
MUKTAARTS,20191121,37.65,38.35,37.5,37.75,7698
MUNJALAU,20191121,45.05,46,44.35,44.7,126832
MUNJALSHOW,20191121,126.5,127.55,125.55,125.9,4042
MURUDCERA,20191121,16.35,16.75,16.05,16.35,22678
MUTHOOTCAP,20191121,450.6,459.9,445,451.35,5658
MUTHOOTFIN,20191121,696.15,704.2,685.2,687.1,1183967
MVL,20191121,0.1,0.1,0.05,0.1,165941
N100,20191121,599.1,599.99,570,584.32,6739
NACLIND,20191121,27.05,27.3,26.5,26.9,26973
NAGAFERT,20191121,4.2,4.2,4,4.05,103950
NAGAROIL,20191121,0.4,0.4,0.35,0.35,453041
NAGREEKCAP,20191121,7.5,8,7.35,7.65,1190
NAGREEKEXP,20191121,13.8,14.45,12.7,13.3,2981
NAHARCAP,20191121,73,74,72.45,73.1,4128
NAHARINDUS,20191121,22.15,23,22.15,22.65,4293
NAHARPOLY,20191121,33.55,34.75,33.55,33.8,6572
NAHARSPING,20191121,43.95,44,42.85,43.25,7093
NATCOPHARM,20191121,557.2,573,552.5,555.8,502286
NATHBIOGEN,20191121,321.8,325.15,309,313.55,14113
NATIONALUM,20191121,42.2,42.25,41.1,41.25,5152377
NATNLSTEEL,20191121,2.15,2.15,2.05,2.15,2007
NAUKRI,20191121,2607.3,2619.95,2553,2576.5,343752
NAVINFLUOR,20191121,910.6,920.15,901.15,905,31411
NAVKARCORP,20191121,32.5,33.45,32.25,32.6,105616
NAVNETEDUL,20191121,100.05,102.45,100.05,100.95,50166
NBCC,20191121,37.95,38.2,36.7,37.3,18253857
NBIFIN,20191121,1451,1490,1451,1484,135
NBVENTURES,20191121,65.05,65.3,63,63.55,56994
NCC,20191121,67.3,69.45,61.5,61.95,82113420
NCLIND,20191121,79.9,80.85,77.5,77.9,216624
NDL,20191121,29.5,29.9,28.45,28.6,17436
NDTV,20191121,29.9,29.9,28,28.65,27301
NECCLTD,20191121,5.35,5.5,5.3,5.4,49749
NECLIFE,20191121,12.15,12.85,12.15,12.65,110496
NELCAST,20191121,43.05,44.3,42.3,43.05,47176
NELCO,20191121,240.45,240.5,230.65,231.75,29249
NEOGEN,20191121,377.35,377.35,363,367.65,13736
NESCO,20191121,635.85,635.85,615,616.25,23386
NESTLEIND,20191121,14240,14280.15,14121.1,14179.45,40484
NETFCONSUM,20191121,53.69,53.69,52.87,52.88,1814
NETFDIVOPP,20191121,29.68,29.71,29.34,29.47,30
NETFLTGILT,20191121,20.2,20.28,20.2,20.28,86429
NETFMID150,20191121,62.5,62.66,61.8,61.8,324178
NETFNIF100,20191121,125,125.21,124.13,124.13,46
NETFNV20,20191121,580,586.06,579.01,579.62,453
NETWORK18,20191121,25.5,30.5,25.5,27.75,6368790
NEULANDLAB,20191121,475,475,462.2,467.1,12709
NEWGEN,20191121,178.9,184.75,172.05,182.85,75475
NEXTMEDIA,20191121,10.5,10.5,10.05,10.5,2317
NFL,20191121,26.65,26.95,26.25,26.45,227384
NH,20191121,295,304.45,295,300.05,87071
NHPC,20191121,23.65,23.75,23.3,23.4,1272204
NIACL,20191121,148.5,155.45,146.95,153.5,853592
NIBL,20191121,7.3,7.3,6.95,7,3118
NIFTYBEES,20191121,1277,1277,1264.96,1266.04,26955
NIFTYEES,20191121,15000,15000,15000,15000,1
NIITLTD,20191121,101.5,103.2,100.5,102.7,458726
NIITTECH,20191121,1518,1525,1490,1498.7,82586
NILAINFRA,20191121,5.05,5.1,4.85,4.9,187837
NILASPACES,20191121,1.3,1.4,1.3,1.4,72608
NILKAMAL,20191121,1295,1342,1291.1,1317.25,12887
NIPPOBATRY,20191121,527.55,535,510.5,517.4,1732
NITCO,20191121,27.55,27.55,27.55,27.55,28117
NITINSPIN,20191121,46.05,47.3,45,46.15,20776
NLCINDIA,20191121,54.05,54.5,53.1,53.7,384718
NMDC,20191121,102.3,102.3,99.15,99.7,3127691
NOCIL,20191121,103.25,105.5,102.5,103.35,630289
NOIDATOLL,20191121,4.05,4.05,3.9,4.05,11676
NPBET,20191121,173.85,175.74,173.85,174.56,137
NRAIL,20191121,205.05,212,204,206.4,5523
NRBBEARING,20191121,97,98.35,96.55,96.9,22155
NSIL,20191121,810,825,779,800,134
NTPC,20191121,117.4,117.4,114.8,115.3,15099980
NUCLEUS,20191121,302.1,307.95,300.6,304.6,4248
NXTDIGITAL,20191121,387,401.8,377.3,400.15,4340
OAL,20191121,196.2,197.9,194,195,1835
OBEROIRLTY,20191121,516.7,519.5,502,506.55,308816
OCCL,20191121,964.95,964.95,941.35,954.75,4449
OFSS,20191121,3065,3065,2926.2,2965.2,34951
OIL,20191121,159.95,159.95,154.2,155.1,940039
OILCOUNTUB,20191121,6,6.25,6,6.1,7437
OISL,20191121,3.8,3.9,3.65,3.75,22336
OLECTRA,20191121,178.3,191.5,178.3,184.1,53757
OMAXAUTO,20191121,52.7,53,50,52.15,11010
OMAXE,20191121,183,183,181.25,181.35,55713
OMKARCHEM,20191121,4.65,4.65,4.35,4.4,7676
OMMETALS,20191121,21.15,21.9,20.5,20.8,57388
ONELIFECAP,20191121,7.4,7.4,7.1,7.35,880
ONEPOINT,20191121,11.2,11.55,11,11.55,3054
ONGC,20191121,133.7,134.5,130.6,131.15,7946555
ONMOBILE,20191121,34.75,36.7,33.5,35,323857
ONWARDTEC,20191121,68.8,69.5,64,68.05,11832
OPTIEMUS,20191121,45.55,45.55,45.55,45.55,5083
OPTOCIRCUI,20191121,3.9,3.9,3.7,3.8,375229
ORBTEXP,20191121,83,94.8,83,84,4536
ORICONENT,20191121,18.25,18.85,17.9,18.55,53668
ORIENTABRA,20191121,18.35,18.35,17.2,17.35,8160
ORIENTALTL,20191121,11.85,11.85,11.45,11.5,10428
ORIENTBANK,20191121,59.5,60,57.7,58.25,1931121
ORIENTBELL,20191121,121,125.55,120.2,124.3,19637
ORIENTCEM,20191121,75,77.4,74,75.85,74208
ORIENTELEC,20191121,187.8,189.9,185.2,188.05,165612
ORIENTHOT,20191121,34.15,35.5,34.15,35.05,9053
ORIENTLTD,20191121,97.55,102.5,91.1,94.25,235
ORIENTPPR,20191121,24.5,24.5,23.95,24.1,91446
ORIENTREF,20191121,210.05,213.35,210,210.8,12778
ORISSAMINE,20191121,1382,1382,1310,1319.8,10897
ORTINLABSS,20191121,8.95,9.3,8.8,9.1,2223
OSWALAGRO,20191121,5.4,5.7,5.2,5.35,10678
PAEL,20191121,2.95,3.05,2.85,2.85,3520
PAGEIND,20191121,23004,23004,22050,22180.2,31616
PAISALO,20191121,447.1,449,432.3,435.25,11087
PALASHSECU,20191121,27.1,31.3,26.2,27.5,3469
PALREDTEC,20191121,19.55,20.05,19.05,19.95,3734
PANACEABIO,20191121,129.35,131.5,127,127.5,15524
PANAMAPET,20191121,63.5,69,62.8,64.9,97132
PAPERPROD,20191121,233,238.1,228.95,236,10403
PARABDRUGS,20191121,1.75,1.75,1.75,1.75,2827
PARACABLES,20191121,8.55,8.7,8.3,8.35,56556
PARAGMILK,20191121,148.1,150.5,145,147.1,158607
PARSVNATH,20191121,1.95,2,1.9,1.95,716211
PATELENG,20191121,16,16,15.5,16,286357
PATINTLOG,20191121,22.75,22.75,21.85,21.9,7452
PATSPINLTD,20191121,5.15,5.55,5.05,5.25,5859
PCJEWELLER,20191121,31.2,31.45,30.4,30.6,4103124
PDMJEPAPER,20191121,14.25,14.4,13.7,14.2,29322
PDPL,20191121,2.55,2.55,2.55,2.55,265
PDSMFL,20191121,318.2,318.2,313,315,9468
PEARLPOLY,20191121,14.35,14.4,14.35,14.4,27260
PEL,20191121,1774.3,1795,1753.75,1764.4,585692
PENIND,20191121,28.15,28.35,27.8,27.95,68407
PENINLAND,20191121,4.1,4.25,4,4.2,300863
PERSISTENT,20191121,665,690,665,687.4,257443
PETRONENGG,20191121,8.2,8.2,8.2,8.2,971
PETRONET,20191121,277,284.35,270.95,272.6,3088117
PFC,20191121,117.5,117.7,113.8,114.9,3941839
PFIZER,20191121,4087.5,4140,4043,4128.35,44625
PFOCUS,20191121,48.2,51,44.85,45.75,176784
PFS,20191121,13.6,13.85,13.2,13.35,482646
PGEL,20191121,38.9,39.15,37.5,37.8,42723
PGHH,20191121,11020,11097.25,10850,10925.15,2035
PGHL,20191121,4256,4359,4250.45,4265.5,10987
PGIL,20191121,169.95,170,160.2,161.1,8997
PHILIPCARB,20191121,124.55,124.8,122.5,122.8,341542
PHOENIXLTD,20191121,712.3,727.75,708.6,721.15,14414
PIDILITIND,20191121,1330.55,1334.5,1296,1299.75,494379
PIIND,20191121,1454,1454,1414.45,1428.65,116213
PILANIINVS,20191121,1794,1795,1762,1768.75,3292
PILITA,20191121,5.85,5.9,5.6,5.7,96647
PIONDIST,20191121,128,131.8,125.3,129.4,2456
PIONEEREMB,20191121,23.25,23.95,22.2,23.1,2498
PIRPHYTO,20191121,23.3,23.5,23.3,23.35,758
PITTIENG,20191121,43.85,44.5,42.75,43.8,15992
PKTEA,20191121,131.85,131.85,120.65,125,564
PLASTIBLEN,20191121,173,174.05,172,173,2180
PNB,20191121,64,64.75,63.1,63.25,13725241
PNBGILTS,20191121,28.25,28.6,27.65,27.75,100264
PNBHOUSING,20191121,572.65,576.05,550,557.15,346638
PNC,20191121,14.7,14.7,13.75,14.05,3622
PNCINFRA,20191121,199.05,202,189.05,192.3,654006
PODDARHOUS,20191121,350.95,354.95,345,354.3,75
PODDARMENT,20191121,175.4,179.15,174.95,176,474
POKARNA,20191121,87.7,101,84.2,95.1,396279
POLYCAB,20191121,943,951,933,949.45,233927
POLYMED,20191121,210.1,215,209,209.85,16008
POLYPLEX,20191121,495,497,477,481.4,52868
PONNIERODE,20191121,134,135.4,128.55,130.05,6685
POWERGRID,20191121,195.8,196.95,194,196.3,6810693
POWERMECH,20191121,646,658.6,625.5,636.55,10959
PPAP,20191121,173.3,175,169.1,169.7,3608
PPL,20191121,74.1,78.95,74.1,74.8,19688
PRABHAT,20191121,88.5,88.5,86.95,87.65,63392
PRADIP,20191121,0.55,0.55,0.55,0.55,20
PRAENG,20191121,6.6,6.85,6.4,6.45,2123
PRAJIND,20191121,109.45,111.15,108.3,108.75,479753
PRAKASH,20191121,45.1,46.8,45.1,45.45,268014
PRAKASHSTL,20191121,0.25,0.25,0.15,0.2,19740
PRAXIS,20191121,60,61.9,59,60.5,15108
PRECAM,20191121,37.05,40.8,36.7,39.45,226612
PRECOT,20191121,26,29,24,25.85,1945
PRECWIRE,20191121,158,158,150.05,151.4,3551
PREMEXPLN,20191121,154.9,154.9,150.05,152,2354
PREMIER,20191121,2.15,2.15,2,2,6428
PREMIERPOL,20191121,19.15,19.4,17.55,17.85,210
PRESSMN,20191121,20.15,20.75,20.1,20.15,3515
PRESTIGE,20191121,297,300,290.1,292.4,65149
PRICOLLTD,20191121,34.2,35.25,33.9,35.05,67509
PRIMESECU,20191121,46.6,47,45.4,45.75,6084
PROSEED,20191121,0.3,0.3,0.25,0.3,174972
PROZONINTU,20191121,20.1,20.1,18.35,19.25,8072
PRSMJOHNSN,20191121,67.4,68.65,66,66.75,145303
PSB,20191121,20.95,21.3,19.4,19.65,147042
PSL,20191121,0.6,0.65,0.6,0.6,4238
PSPPROJECT,20191121,525,534,516.2,531.05,18366
PSUBNKBEES,20191121,286,290.6,281.4,282.31,34461
PTC,20191121,56.35,56.4,55.15,55.75,473172
PTL,20191121,36.95,36.95,35.8,35.9,9779
PUNJABCHEM,20191121,489.7,520,486,503.7,4500
PURVA,20191121,60.8,63.5,59.8,60.1,148062
PVR,20191121,1778.35,1810,1762.5,1797,569621
QGOLDHALF,20191121,1683,1683,1679,1681,740
QUESS,20191121,530.8,533,515.55,520.5,69811
QUICKHEAL,20191121,129.45,129.9,126,126.5,147676
RADAAN,20191121,1.15,1.2,1.15,1.2,10020
RADICO,20191121,309.05,312,304,307.2,253667
RADIOCITY,20191121,28.6,30,28.35,29.4,185734
RAIN,20191121,102.9,105.5,101.1,102.3,630006
RAJESHEXPO,20191121,698.5,712,697.5,707.7,244931
RAJSREESUG,20191121,16.1,17.15,16.1,17.1,5053
RAJTV,20191121,44.4,44.4,41.15,43.15,10054
RAJVIR,20191121,16.3,16.3,16.3,16.3,1
RALLIS,20191121,177.15,186.8,176.05,181.65,649278
RAMANEWS,20191121,14.9,14.9,14.55,14.65,1634
RAMASTEEL,20191121,43.1,45.55,43.05,45.1,14694
RAMCOCEM,20191121,808.45,808.45,788,791.35,152771
RAMCOIND,20191121,190,195,189.95,190.45,27276
RAMCOSYS,20191121,144.2,144.5,138.65,141.7,44676
RAMKY,20191121,41.85,42.25,41.5,42.25,87025
RANASUG,20191121,3.55,3.6,3.4,3.4,61266
RANEENGINE,20191121,214.2,218.8,212.6,214.5,2621
RANEHOLDIN,20191121,778.6,786.45,765.1,770,709
RATNAMANI,20191121,958.15,961.65,949.05,960.05,5868
RAYMOND,20191121,713.25,716.2,687.55,692.3,531958
RBL,20191121,496.3,501,487.05,491.05,18204
RBLBANK,20191121,348.5,359.4,333.3,334.9,21150686
RCF,20191121,50.55,50.8,48.9,49.05,770828
RCOM,20191121,0.65,0.7,0.6,0.7,51514774
RECLTD,20191121,144.7,144.7,137.9,138.45,4595307
REDINGTON,20191121,116,116,111.65,112.2,152116
REFEX,20191121,71.95,71.95,65.25,65.25,738842
RELAXO,20191121,574.85,577.8,562.25,571,89547
RELCAPITAL,20191121,17.15,18.05,17.15,17.15,4476519
RELIANCE,20191121,1545,1556,1528.55,1537.6,6810577
RELIGARE,20191121,53.5,55.5,52.25,53.6,151778
RELINFRA,20191121,31.35,33.65,31.35,31.35,4406859
REMSONSIND,20191121,80.9,83.6,72.5,76.9,36138
RENUKA,20191121,9.5,9.6,9.25,9.35,702112
REPCOHOME,20191121,292.85,294.05,284.35,288.15,41441
REPRO,20191121,626.95,629.8,613.55,621.25,1651
RESPONIND,20191121,91.6,92.4,91,91.3,146454
REVATHI,20191121,355.05,358,351,353.05,205
RGL,20191121,236.3,239,236.05,236.4,1068
RHFL,20191121,4.3,4.7,4.3,4.3,2005144
RICOAUTO,20191121,44.7,45.75,44.6,44.8,251320
RIIL,20191121,314.9,320.95,309.5,312.05,366215
RITES,20191121,304.6,311,302.15,305.7,427073
RKDL,20191121,6.15,6.65,6.15,6.3,443
RKFORGE,20191121,307,309.9,294.1,295.3,14573
RMCL,20191121,3.3,3.45,3.25,3.3,73402
RML,20191121,247.15,259,242,243.45,7369
RNAM,20191121,362,385.7,360.05,380.75,6886606
RNAVAL,20191121,6.35,6.35,6.35,6.35,111766
ROHITFERRO,20191121,0.9,0.9,0.9,0.9,10000
ROHLTD,20191121,69.95,70,68.55,69.1,6484
ROLLT,20191121,1.8,1.8,1.75,1.8,11618
ROLTA,20191121,5.05,5.1,4.9,5.1,240763
ROSSELLIND,20191121,65.95,66.6,64.5,65.8,3920
RPGLIFE,20191121,275,284,273.25,277.95,30619
RPOWER,20191121,3.35,3.65,3.35,3.65,30587413
RPPINFRA,20191121,88,89.55,81.05,81.8,35790
RSSOFTWARE,20191121,20.75,21.5,20,20.6,6201
RSWM,20191121,105.75,106,101.5,103.8,15599
RSYSTEMS,20191121,50.05,51.7,50,50.35,9522
RTNINFRA,20191121,1.55,1.6,1.5,1.5,286745
RTNPOWER,20191121,1.8,1.8,1.7,1.75,462885
RUBYMILLS,20191121,225,227,212,219,1164
RUCHINFRA,20191121,2.05,2.15,2.05,2.15,8647
RUCHIRA,20191121,74.05,76.15,73.55,73.7,37721
RUPA,20191121,188.9,195.9,187,194.25,65309
RUSHIL,20191121,146.85,155.6,145.05,152.6,45949
RVNL,20191121,24.15,24.4,23.9,23.95,5332834
SABEVENTS,20191121,0.65,0.65,0.65,0.65,17
SABTN,20191121,1.65,1.7,1.65,1.65,15183
SADBHAV,20191121,136.4,141.5,119,120.65,750555
SADBHIN,20191121,43.95,47.5,41,41.85,57662
SAFARI,20191121,570.1,588.7,570.1,579.55,3935
SAGARDEEP,20191121,81,81,77.5,79,7635
SAGCEM,20191121,547,555.05,535,540.15,2633
SAIL,20191121,37.8,37.9,36.1,36.25,28884217
SAKAR,20191121,50.5,53.8,49.4,49.45,4575
SAKHTISUG,20191121,9.25,9.25,8.5,8.95,39248
SAKSOFT,20191121,224,227,220.5,222.1,3869
SAKUMA,20191121,6.9,6.9,6.6,6.6,216658
SALASAR,20191121,123.4,123.4,113.05,114.7,6251
SALONA,20191121,68,70,64.5,64.75,1076
SALSTEEL,20191121,2.65,2.85,2.65,2.85,12532
SALZERELEC,20191121,112,112.4,108,110.6,5227
SAMBHAAV,20191121,3.6,3.6,3.2,3.4,43478
SANCO,20191121,15.9,15.95,15.3,15.6,39644
SANDESH,20191121,580.1,590,580.1,587,673
SANDHAR,20191121,237.25,248.9,237.25,245.45,81076
SANGAMIND,20191121,47.25,50,46.1,47.3,8604
SANGHIIND,20191121,38.45,39.7,36.7,36.9,99602
SANGHVIMOV,20191121,85.7,87.6,83.45,84.8,62595
SANGINITA,20191121,150.7,150.85,145.1,149.05,86539
SANOFI,20191121,6941,6998.45,6860,6910,10399
SANWARIA,20191121,2.05,2.05,2.05,2.05,340518
SARDAEN,20191121,179.65,180.3,173.65,175.3,14085
SAREGAMA,20191121,424.7,424.7,406.5,415.65,21743
SARLAPOLY,20191121,20.1,21,20.1,20.9,29136
SASKEN,20191121,634.25,652.05,634,640.85,6122
SASTASUNDR,20191121,83.85,83.85,77.2,79.85,1551
SATHAISPAT,20191121,2.45,2.65,2.45,2.5,92215
SATIA,20191121,90.95,92.5,86.7,87.5,87510
SATIN,20191121,211.05,216.8,208.1,209.85,34306
SBIETFQLTY,20191121,101,101,97.61,99.13,3729
SBILIFE,20191121,942.45,945.45,916,929.6,2642185
SBIN,20191121,329.25,332.85,326.55,331.35,34116162
SCAPDVR,20191121,0.45,0.45,0.35,0.45,16574
SCHAEFFLER,20191121,4362.65,4375,4316.15,4341.6,6051
SCHAND,20191121,99,102.4,88.3,96.55,319060
SCHNEIDER,20191121,66.95,67.35,65.45,66.15,34618
SCI,20191121,69.5,69.5,63.5,64.05,13342261
SDBL,20191121,109.95,112.4,103.05,107,15047
SEAMECLTD,20191121,489.1,496.05,480,483.75,4495
SELAN,20191121,142,142.25,138.75,140.2,17938
SELMCL,20191121,0.65,0.65,0.65,0.65,57183
SEPOWER,20191121,2.9,3,2.85,3,3313
SEQUENT,20191121,66,67,64.8,65.4,80035
SESHAPAPER,20191121,176.9,176.9,168.1,171.25,18785
SETCO,20191121,14.5,14.65,14.35,14.45,75334
SETF10GILT,20191121,188.01,190.49,188,188.49,20
SETFGOLD,20191121,3453.95,3453.95,3430.5,3432.25,1302
SETFNIF50,20191121,125,125,123.2,123.37,23096
SETFNIFBK,20191121,322.9,329.3,316,317.23,65469
SETFNN50,20191121,292,292.8,288.76,290.17,2267
SETUINFRA,20191121,1.3,1.4,1.3,1.35,33835
SEYAIND,20191121,116.9,116.9,116.9,116.9,34715
SFL,20191121,1322,1322,1303,1310.15,3602
SGL,20191121,5.55,5.8,5.55,5.75,29853
SHAHALLOYS,20191121,8.9,8.95,8.4,8.5,1717
SHAKTIPUMP,20191121,214.95,224.5,214.95,218.35,33458
SHALBY,20191121,106.1,107.25,103.95,105.3,18836
SHALPAINTS,20191121,88.4,91,88.4,89.2,23615
SHANKARA,20191121,313,324,308.05,309.9,31321
SHANTIGEAR,20191121,99.25,99.85,98,98.05,3715
SHARDACROP,20191121,240,240,230,231.1,16529
SHARDAMOTR,20191121,1073.05,1077,1042.55,1060.7,2829
SHARIABEES,20191121,256.7,256.7,256.7,256.7,10
SHEMAROO,20191121,141.7,146.9,141.1,143.4,11605
SHILPAMED,20191121,297.1,312.6,296,304.15,10201
SHIRPUR-G,20191121,6.55,6.7,6.3,6.3,10713
SHIVAMAUTO,20191121,25.5,26,25,25.1,77999
SHIVAMILLS,20191121,31.7,32,30.1,31.7,1913
SHIVATEX,20191121,100,103,98.1,99.95,1844
SHK,20191121,114.25,115.55,112,112.5,26394
SHOPERSTOP,20191121,364.9,364.9,347,347.4,28229
SHREDIGCEM,20191121,24.9,24.95,23.55,23.85,637097
SHREECEM,20191121,20290,20574.95,20216.6,20294.7,23206
SHREEPUSHK,20191121,94.85,99.15,91.5,98.1,41323
SHREERAMA,20191121,4.35,4.35,4.15,4.2,11264
SHRENIK,20191121,51.5,51.5,47.9,48.7,29379
SHREYANIND,20191121,109.9,109.9,108,108.9,4142
SHREYAS,20191121,90.5,91.2,86.15,90.05,7852
SHRIPISTON,20191121,735,759,722.05,749.95,232
SHRIRAMCIT,20191121,1348.65,1348.65,1330,1333.35,19586
SHRIRAMEPC,20191121,6,6.15,6,6.05,94111
SHYAMCENT,20191121,2.95,3,2.85,2.95,12604
SHYAMTEL,20191121,6.9,6.9,6.9,6.9,100
SICAGEN,20191121,18.4,18.4,17.2,18.4,13892
SICAL,20191121,20.8,22.8,20.7,21.95,198639
SIEMENS,20191121,1548,1551.6,1524.1,1543.15,864546
SIGIND,20191121,21,21,20,20.4,3768
SIL,20191121,9.9,10.25,9.9,9.9,2857
SILINV,20191121,146,147.9,141.3,145.05,1748
SIMBHALS,20191121,6.3,6.45,6.05,6.35,16968
SIMPLEXINF,20191121,51.5,52.6,48,48.3,277520
SINTEX,20191121,1.05,1.05,1.05,1.05,663124
SIRCA,20191121,235.95,247.4,225.55,242.9,13009
SIS,20191121,948.75,950,930.35,942.55,4520
SITINET,20191121,1.9,1.9,1.9,1.9,1575
SIYSIL,20191121,235,235,230,232.4,5527
SJVN,20191121,24.65,24.95,24.55,24.65,1006722
SKFINDIA,20191121,2201.3,2201.3,2171.15,2187.15,1510
SKIL,20191121,5.4,5.4,4.95,5,3091
SKIPPER,20191121,56.25,58.9,54.65,55.55,21111
SKMEGGPROD,20191121,37.5,38.65,37.5,37.5,19992
SMARTLINK,20191121,74.65,75,71.15,74.05,6409
SMLISUZU,20191121,502.1,523.8,502.1,506.7,11585
SMSLIFE,20191121,285.6,285.6,271.05,285.6,5744
SMSPHARMA,20191121,40,40.75,39.8,40.15,19823
SNOWMAN,20191121,42.1,42.4,39.85,40.05,392766
SOBHA,20191121,399.45,401.7,392.65,397.05,104546
SOLARA,20191121,462.85,464.85,455.1,461.3,10962
SOLARINDS,20191121,1056,1056,1040,1045.75,1514
SOMANYCERA,20191121,172,183.05,170.4,181.1,64443
SOMATEX,20191121,2.85,2.85,2.85,2.85,8744
SOMICONVEY,20191121,12.35,12.35,12.05,12.35,787
SONATSOFTW,20191121,303.3,303.55,298.95,302.7,62487
SORILINFRA,20191121,89.6,99,89.6,99,81887
SOTL,20191121,899,899,890,890.2,358
SOUTHBANK,20191121,11.15,11.25,10.85,11,4150289
SOUTHWEST,20191121,17.05,18.5,17,18.35,49452
SPAL,20191121,204.15,208.5,195.05,196.7,20878
SPANDANA,20191121,1282,1335,1282,1324.35,53596
SPARC,20191121,158.8,165,157.35,160.1,1271541
SPCENET,20191121,0.95,0.95,0.9,0.9,11457
SPECIALITY,20191121,66,68.2,65.8,67.1,22904
SPENCERS,20191121,63.05,69.35,63.05,65.8,306278
SPENTEX,20191121,0.3,0.35,0.3,0.35,2267
SPIC,20191121,19.15,19.55,19.1,19.15,28497
SPICEJET,20191121,111.55,111.55,107.25,107.7,556704
SPLIL,20191121,37.95,39,34.1,37.45,86064
SPMLINFRA,20191121,9.8,10.6,9.6,10.5,48946
SPTL,20191121,1.35,1.35,1.35,1.35,501369
SPYL,20191121,0.3,0.3,0.3,0.3,110
SREEL,20191121,167.65,167.7,163,163.7,5216
SREINFRA,20191121,9,9.25,8.6,8.9,1082738
SRF,20191121,3228,3230.35,3133.9,3143.75,221528
SRHHYPOLTD,20191121,104.8,112.4,99.15,100.2,4705
SRIPIPES,20191121,165.9,167,164.85,165.7,41726
SRTRANSFIN,20191121,1133.5,1144.5,1120.05,1128.85,685740
SSWL,20191121,767.8,770.25,765.1,768.9,6059
STAMPEDE,20191121,0.65,0.65,0.6,0.6,1362378
STAR,20191121,398.05,403.9,395.3,400.6,474634
STARCEMENT,20191121,98,98,96.35,96.95,142060
STARPAPER,20191121,98.65,98.65,95.1,95.25,31618
STCINDIA,20191121,57,59,55.65,56,10109
STEELCITY,20191121,35,35,29.55,30.05,886
STEELXIND,20191121,22,22,21.15,21.15,10986
STEL,20191121,70,72,68.15,69.95,4275
STERTOOLS,20191121,171,178,169.2,174.6,3493
STRTECH,20191121,123.45,124.25,120,120.3,877610
SUBCAPCITY,20191121,7.4,7.4,7.4,7.4,5
SUBEX,20191121,5.55,5.7,5.5,5.55,314179
SUBROS,20191121,252.5,252.5,242.05,244.85,17766
SUDARSCHEM,20191121,390.8,394.8,385.35,388.55,53071
SUJANAUNI,20191121,0.15,0.2,0.15,0.15,116541
SUMEETINDS,20191121,2.1,2.2,2,2.15,58628
SUMIT,20191121,19.8,21.35,19,20.5,7379
SUMMITSEC,20191121,460,460,451.3,451.35,1243
SUNCLAYLTD,20191121,2143.1,2151,2125,2138.8,319
SUNDARAM,20191121,1.35,1.4,1.3,1.3,163139
SUNDARMFIN,20191121,1641.95,1653.25,1615,1623.15,24418
SUNDARMHLD,20191121,66.25,67.95,66,67.05,18681
SUNDRMBRAK,20191121,230,235.35,226,227.2,1041
SUNDRMFAST,20191121,466.7,471.3,463.5,468.6,17080
SUNFLAG,20191121,33.15,33.9,31.5,32.6,207755
SUNPHARMA,20191121,450,454.45,443.6,447.15,7480460
SUNTECK,20191121,387.95,388.45,376,380.25,111495
SUNTV,20191121,502.5,516.9,473.8,479.75,3948062
SUPERHOUSE,20191121,86.1,87,84.7,84.9,4927
SUPERSPIN,20191121,4.75,4.75,4.45,4.7,2135
SUPPETRO,20191121,169.2,171.25,168.05,168.4,5764
SUPRAJIT,20191121,174.95,179,171.1,177.05,33942
SUPREMEIND,20191121,1138,1144.95,1122.2,1135.05,14586
SUPREMEINF,20191121,10.4,10.7,10.4,10.6,2094
SURANASOL,20191121,6.15,6.15,5.55,5.6,15848
SURANAT&P,20191121,3.5,3.5,3.5,3.5,1864
SURYALAXMI,20191121,18.35,18.35,17.8,17.8,2093
SURYAROSNI,20191121,176.7,179.95,173,176.7,55679
SUTLEJTEX,20191121,31.85,34.45,31.85,33.6,37498
SUVEN,20191121,305.7,307.4,293.15,294.8,362814
SUZLON,20191121,2.4,2.45,2.35,2.4,9263240
SWANENERGY,20191121,101.75,102.55,100.5,101.3,83224
SWARAJENG,20191121,1075,1115.95,1052.05,1093.4,32287
SWELECTES,20191121,124.75,125.9,119.1,124.75,5030
SWSOLAR,20191121,292.4,314.1,292.4,314.1,808386
SYMPHONY,20191121,1186,1199,1175.1,1184.25,26251
SYNCOM,20191121,0.8,0.9,0.8,0.9,26959
SYNDIBANK,20191121,29.55,29.8,28.35,28.8,1278847
SYNGENE,20191121,328.9,329.85,321.3,327.45,45189
TAINWALCHM,20191121,48.05,50.95,46.35,47.4,950
TAJGVK,20191121,161,164.9,158.5,159.7,37732
TAKE,20191121,98.5,98.5,95.5,95.95,119628
TALBROAUTO,20191121,122.95,122.95,112.7,114.4,34200
TALWALKARS,20191121,4.4,4.7,4.3,4.4,116317
TALWGYM,20191121,3.95,4.25,3.95,3.95,264557
TANLA,20191121,59.7,60.5,58,58.7,184475
TANTIACONS,20191121,1.1,1.1,1.1,1.1,260
TARAPUR,20191121,3.85,3.85,3.75,3.8,2551
TARMAT,20191121,27,27.75,26.55,27,412
TASTYBITE,20191121,8737.45,8980,8605,8727.95,552
TATACHEM,20191121,649,650.35,637.05,638.85,443315
TATACOFFEE,20191121,79.9,83.5,79.4,82.7,494505
TATACOMM,20191121,352.5,359,348.55,352.8,135782
TATAELXSI,20191121,815.9,822.75,795.4,799.85,492751
TATAGLOBAL,20191121,306.8,311.95,300.35,301.8,2983373
TATAINVEST,20191121,829,848,818.05,830.75,9101
TATAMETALI,20191121,577,581.85,570.5,571.7,20950
TATAMOTORS,20191121,166.95,170.1,163,164.15,21609120
TATAMTRDVR,20191121,77.25,78.25,74.55,75.35,4103928
TATAPOWER,20191121,55.35,56.2,54.55,54.85,7025549
TATASTEEL,20191121,399,399.15,383.25,385.1,10208554
TATASTLBSL,20191121,25.1,25.4,24.25,24.5,988687
TATASTLLP,20191121,385.5,385.5,378.5,379.35,14237
TBZ,20191121,38.95,39.9,37.1,37.6,152730
TCI,20191121,278.85,281.7,272.3,273.35,10493
TCIDEVELOP,20191121,336,358,336,355,440
TCIEXP,20191121,766.55,783.85,755.4,782.15,21448
TCIFINANCE,20191121,8.4,8.4,7.95,8,4892
TCNSBRANDS,20191121,686,702.9,685,698.85,16361
TCPLPACK,20191121,278.5,290.05,267.7,283.6,2147
TCS,20191121,2112,2126.6,2107.4,2118.1,2052574
TDPOWERSYS,20191121,147.15,149.95,145.15,147.4,82530
TEAMLEASE,20191121,2486.7,2540,2454.9,2468.55,12457
TECHIN,20191121,3.25,3.25,3.1,3.25,68
TECHM,20191121,775,780,762.8,765.15,2102137
TECHNOE,20191121,266.2,266.6,260.1,260.8,4344
TECHNOFAB,20191121,18.2,19.15,17.4,18.05,9667
TEJASNET,20191121,105,114,98.25,101.2,1830414
TERASOFT,20191121,27.25,27.25,25.2,26.2,7188
TEXINFRA,20191121,44.6,44.8,43.95,44,27037
TEXMOPIPES,20191121,14.6,15,14.35,14.5,40578
TEXRAIL,20191121,43.1,43.5,42.4,42.6,117319
TFCILTD,20191121,80.7,82.1,78.3,78.5,225260
TFL,20191121,3.95,4.3,3.9,3.95,8140
TGBHOTELS,20191121,3.65,3.65,3.5,3.55,3985
THANGAMAYL,20191121,342.6,354.8,342.55,349.5,18592
THEINVEST,20191121,117,120,117,120,210
THEMISMED,20191121,245.05,257,242.25,243.15,2270
THERMAX,20191121,1026,1029.9,1010,1012.45,17067
THOMASCOOK,20191121,150.35,150.35,143,145.9,146818
THOMASCOTT,20191121,5.3,5.3,5.3,5.3,500
THYROCARE,20191121,561,564,555,559.25,14424
TI,20191121,13,13.1,12.45,12.55,79728
TIDEWATER,20191121,4801,4820,4720,4745.35,770
TIIL,20191121,318.45,323.95,309.95,321.35,4201
TIINDIA,20191121,454,463.85,449.5,451.2,32556
TIJARIA,20191121,8.25,8.7,8,8.1,20153
TIL,20191121,192,192,187.1,189.85,3446
TIMESGTY,20191121,29.35,32.55,29.3,32.15,719
TIMETECHNO,20191121,55.85,56.2,52.5,53.4,502458
TIMKEN,20191121,855,856.3,822,828.05,24223
TINPLATE,20191121,142.4,146.75,139.5,140.4,972000
TIPSINDLTD,20191121,75,75,72.7,73.5,401
TIRUMALCHM,20191121,62.4,62.75,61.5,61.7,147772
TITAN,20191121,1163,1170,1144,1148.25,1417102
TMRVL,20191121,14.25,14.25,14.25,14.25,9422
TNPETRO,20191121,36.5,36.7,35.6,35.85,42295
TNPL,20191121,182.4,182.4,178.1,180.15,44642
TNTELE,20191121,1.2,1.2,1.2,1.2,10
TOKYOPLAST,20191121,69.55,72.5,69.55,71.8,9500
TORNTPHARM,20191121,1740,1764.1,1727.45,1738.9,145988
TORNTPOWER,20191121,288.2,292.9,285.5,286.1,666527
TPLPLASTEH,20191121,124,127.9,123,123.3,1008
TREEHOUSE,20191121,5.65,5.8,5.5,5.6,1313
TREJHARA,20191121,17.15,17.15,16.15,16.2,3050
TRENT,20191121,496.9,498.7,491,492.95,93824
TRF,20191121,103.85,105.85,102,102.25,24490
TRIDENT,20191121,59.05,61.6,58.65,61.25,741649
TRIGYN,20191121,50.85,51.8,47.85,48.25,46970
TRIL,20191121,7.2,7.4,6.95,7.3,48623
TRITURBINE,20191121,98.9,99.45,96.55,96.8,16906
TRIVENI,20191121,62.7,63.05,61.75,62.1,204938
TTKHLTCARE,20191121,489.4,559,480,545.35,27747
TTKPRESTIG,20191121,6040.9,6045.75,5970,5977.95,1307
TTL,20191121,45,45,42,42.7,2871
TTML,20191121,3,3,2.85,2.9,2053332
TV18BRDCST,20191121,22.95,24.9,22.75,23.15,16388022
TVSELECT,20191121,101.5,104.9,99.55,104,16177
TVSMOTOR,20191121,450,460.8,446.85,448.4,2749884
TVSSRICHAK,20191121,1821,1824,1785,1789.35,849
TVTODAY,20191121,291,297.5,291,294.3,17957
TVVISION,20191121,1.35,1.35,1.35,1.35,1251
TWL,20191121,48.25,48.6,46.9,47.95,486655
UBL,20191121,1229.6,1245.95,1222.5,1227.3,281811
UCALFUEL,20191121,133.05,134.55,130.5,131.3,14856
UCOBANK,20191121,20.45,22.4,18.85,21.15,22338050
UFLEX,20191121,200.1,202.2,199.05,199.65,14810
UFO,20191121,126.6,130.95,126.6,127.9,14200
UGARSUGAR,20191121,13.15,13.15,12.65,12.9,53204
UJAAS,20191121,3.2,3.45,3.2,3.25,363638
UJJIVAN,20191121,295.85,298.9,290.2,291.2,1535831
ULTRACEMCO,20191121,4110,4110,4064,4077.25,213325
UMANGDAIRY,20191121,37.8,39,37,37.2,12070
UMESLTD,20191121,1,1,0.9,0.9,5033
UNICHEMLAB,20191121,156.2,156.2,153.05,154.45,20467
UNIENTER,20191121,64.45,65.55,62.65,63.45,3305
UNIONBANK,20191121,58.3,59.1,57.35,57.55,8633849
UNIPLY,20191121,23.65,23.65,23.65,23.65,68580
UNITECH,20191121,1.05,1.05,1.05,1.05,1488678
UNITEDBNK,20191121,9.15,9.5,9,9.3,890642
UNITEDTEA,20191121,250,270,250,269.8,453
UNIVCABLES,20191121,163,168,162,165.25,14225
UPL,20191121,553.2,559.8,542,544.8,2177445
URJA,20191121,1.7,1.7,1.6,1.65,554976
USHAMART,20191121,32.3,32.4,31.2,31.5,326320
UTINEXT50,20191121,290,291,288,288,278
UTINIFTETF,20191121,1263.8,1272.5,1263.8,1272.4,116
UTISENSETF,20191121,423,429.3,423,428.5,161
UTISXN50,20191121,309.95,309.95,309.95,309.95,6
UTTAMSTL,20191121,10.95,10.95,9.95,9.95,92099
UTTAMSUGAR,20191121,98.1,98.15,95.05,95.25,76437
UVSL,20191121,0.1,0.1,0.05,0.1,2015293
V2RETAIL,20191121,112.25,114.3,111,111.8,19947
VADILALIND,20191121,725.7,727,703.85,713.8,17722
VAIBHAVGBL,20191121,840,854.5,840,853.2,2198
VAKRANGEE,20191121,39.4,39.4,37.65,37.95,4135359
VARDHACRLC,20191121,34.4,34.4,33.4,33.7,19191
VARDMNPOLY,20191121,2.3,2.3,2.1,2.3,4652
VARROC,20191121,438,443.2,436.55,439.8,6525
VASCONEQ,20191121,12.5,12.75,12.4,12.45,159161
VASWANI,20191121,4.95,5.55,4.75,5.25,7803
VBL,20191121,732.9,740,725.7,732.65,162726
VEDL,20191121,142,142.35,138.8,139.05,11986660
VENKEYS,20191121,1698.6,1711.9,1665,1672.15,62678
VENUSREM,20191121,22,23.5,22,23.15,11777
VESUVIUS,20191121,998.6,1011.35,995.85,1001.05,1833
VETO,20191121,45.25,47.15,45,45.35,7343
VGUARD,20191121,228.75,230.5,227.1,227.45,131493
VHL,20191121,1471.1,1480.95,1433.95,1450,195
VICEROY,20191121,1.45,1.55,1.45,1.5,10776
VIDHIING,20191121,61.6,63.35,60.55,60.85,20574
VIJIFIN,20191121,0.45,0.45,0.4,0.45,44929
VIKASECO,20191121,3.45,3.55,3.3,3.35,335313
VIKASMCORP,20191121,3.55,3.85,3.55,3.85,277513
VIKASPROP,20191121,4.6,4.6,4.6,4.6,10126
VIKASWSP,20191121,10.15,10.3,9.65,9.75,426047
VIMALOIL,20191121,5.3,5.3,5.3,5.3,20
VIMTALABS,20191121,112.95,116.9,102.5,103.4,301576
VINATIORGA,20191121,1894,1901.95,1886,1890.55,22193
VINDHYATEL,20191121,818.6,838.1,805.25,812.95,5168
VINYLINDIA,20191121,64.4,65.5,62.6,63.2,11864
VIPCLOTHNG,20191121,7.8,7.9,7.5,7.65,151661
VIPIND,20191121,447.5,447.7,435.75,437.8,72228
VIPULLTD,20191121,22.05,23.1,21.4,22,72580
VISAKAIND,20191121,249,253.6,245.1,246.15,18190
VISASTEEL,20191121,5.05,5.25,4.85,4.9,2011
VISESHINFO,20191121,0.05,0.1,0.05,0.05,3773501
VISHAL,20191121,314,314,314,314,20
VISHNU,20191121,123.9,124,120,121.05,1615
VISHWARAJ,20191121,69.15,70.5,67,68.9,115764
VIVIDHA,20191121,0.2,0.2,0.15,0.15,14740
VIVIMEDLAB,20191121,12.35,13.2,12.2,13,212739
VLSFINANCE,20191121,54.5,55.4,54.1,54.2,8604
VMART,20191121,1715.75,1715.75,1675.1,1699.05,46432
VOLTAMP,20191121,1090,1104.75,1090,1100.35,3857
VOLTAS,20191121,708,709.05,700.05,703.5,500782
VRLLOG,20191121,264,272.95,261.05,269.55,88833
VSSL,20191121,64.2,67.8,64.2,66.15,1573
VSTIND,20191121,4400,4493.95,4384.05,4424.75,2032
VSTTILLERS,20191121,1148.2,1165,1119,1134.6,7041
VTL,20191121,904.2,919.95,869,883.2,61930
WABAG,20191121,163.55,169.75,162.05,166.05,161252
WABCOINDIA,20191121,6227.15,6236.35,6201,6208.5,986
WALCHANNAG,20191121,65.9,66.65,64.15,64.4,232992
WANBURY,20191121,17.5,17.5,17.5,17.5,3965
WATERBASE,20191121,117.8,118.65,114,114.3,81405
WEBELSOLAR,20191121,21.8,23.4,21.8,23.35,44212
WEIZFOREX,20191121,264.05,267.65,260.2,262.2,1020
WEIZMANIND,20191121,22,22,20.3,21,13461
WELCORP,20191121,137.2,137.95,135.15,136.45,447212
WELENT,20191121,81.25,84.45,78.65,79.55,316207
WELINV,20191121,159.5,164,159.5,162.05,437
WELSPUNIND,20191121,54,55,53.3,53.95,305792
WENDT,20191121,2970,3020,2866,3005.55,275
WESTLIFE,20191121,359,359,345.2,348.3,40979
WHEELS,20191121,619,623,601,606.25,2345
WHIRLPOOL,20191121,2273,2290,2161.05,2197.35,65198
WILLAMAGOR,20191121,13.45,14.25,13.05,13.15,22388
WINDMACHIN,20191121,20.2,20.2,18.45,19.15,8107
WIPL,20191121,54.05,59.5,54.05,59,4227
WIPRO,20191121,248.4,249.5,247,247.55,1744098
WOCKPHARMA,20191121,278,280,263.2,264.85,2151983
WONDERLA,20191121,267.9,267.9,265,265.1,20200
WSTCSTPAPR,20191121,206.25,211.9,206.25,209.1,64553
XCHANGING,20191121,53.05,53.75,52.25,52.5,12978
XELPMOC,20191121,65.25,68.7,65.1,65.1,1351
XLENERGY,20191121,0.4,0.45,0.4,0.45,4722
XPROINDIA,20191121,22,22.5,21.1,22,933
YESBANK,20191121,66.9,66.9,63.8,64.25,133531524
ZEEL,20191121,337.7,364,320.2,345.15,100218862
ZEELEARN,20191121,26.8,27.65,25.6,25.8,380026
ZEEMEDIA,20191121,8.25,8.25,7.9,8.25,895491
ZENITHBIR,20191121,0.65,0.65,0.55,0.6,48198
ZENITHEXPO,20191121,40.05,42.45,40.05,40.35,129
ZENSARTECH,20191121,187.65,191.75,183.7,190.2,149211
ZENTEC,20191121,61,61.6,60,60.2,21468
ZICOM,20191121,1.8,1.8,1.8,1.8,68830
ZODIACLOTH,20191121,185.15,189.95,185.1,189.95,31
ZODJRDMKJ,20191121,29.5,32.9,29.5,31.95,930
ZOTA,20191121,185.75,188.95,184,185.8,29664
ZUARI,20191121,96.75,99.8,95.1,96.5,54086
ZUARIGLOB,20191121,50.9,53,50.55,51.4,19189
ZYDUSWELL,20191121,1489.5,1518.9,1461,1510.3,16608
NIFTYMIDCAPLIQ15,20191121,3980.25,4005.25,3937.35,3944.25,-,0
NSE100,20191121,12146.05,12148.25,12070.90,12082.70,-,0
NIFTY200,20191121,6196.20,6197.20,6155.55,6161.25,-,0
NSEMIDCAP150,20191121,6246.50,6252.90,6189.40,6193.00,-,0
MIDCAP50,20191121,4674.90,4692.15,4611.75,4616.85,-,0
NSEMIDCAP,20191121,17019.45,17050.25,16848.30,16862.35,-,0
NSESMLCAP100,20191121,5742.45,5749.65,5703.15,5705.95,-,0
NIFTYLARGEMIDCAP250,20191121,-,-,-,5937.65,-,0
NIFTYAUTO,20191121,8082.40,8121.05,7998.75,8004.65,-,0
BANKNIFTY,20191121,31413.25,31463.15,31243.00,31349.95,-,0
NIFTYFMGC,20191121,31128.75,31128.75,30839.45,30893.55,-,0
NSEIT,20191121,15353.70,15435.40,15279.40,15293.95,-,0
NIFTYMEDIA,20191121,1939.65,1996.20,1888.65,1939.15,-,0
NIFTYPSUBANK,20191121,2582.35,2605.95,2559.15,2564.65,-,0
NIFTYCOMMODITIES,20191121,3399.35,3399.35,3328.75,3332.65,-,0
NIFTYCONSUMPTION,20191121,5032.80,5039.60,4979.50,4984.60,-,0
NIFTYCPSE,20191121,1962.55,1964.05,1917.00,1922.35,-,0
NIFTYENERGY,20191121,16364.90,16364.90,16056.30,16085.45,-,0
NIFTY100ESG,20191121,-,-,-,2224.96,-,0
NIFTY100ENHESG,20191121,-,-,-,2249.75,-,0
NIFTYINFRA,20191121,3344.30,3344.65,3295.70,3301.25,-,0
NIFTYMNC,20191121,13865.00,13868.20,13721.35,13741.95,-,0
NIFTYSMEEMERGE,20191121,-,-,-,1362.71,-,0
NIFTYSERVSECTOR,20191121,16941.10,16958.80,16867.85,16916.35,-,0
NIFTY50SHARIAH,20191121,-,-,-,2468.41,-,0
NIFTY500SHARIAH,20191121,-,-,-,2949.28,-,0
NIFTYABGROUP,20191121,-,-,-,2926.44,-,0
NIFTYMAHINDRA,20191121,-,-,-,9952.81,-,0
NIFTYTATA,20191121,-,-,-,6764.75,-,0
NIFTYTATA25CAP,20191121,-,-,-,4675.38,-,0
NIFTYABGROUP,20191121,-,-,-,2926.44,-,0
NIFTYLIQ15,20191121,3761.00,3767.70,3716.65,3720.45,-,0
NIFTY500VALUE50,20191121,-,-,-,3579.01,-,0
NIFTYALPHALOWVOL30,20191121,-,-,-,11968.63,-,0
NIFTYQUALLOWVOL30,20191121,-,-,-,8445.81,-,0
NIFTYALPHAQUALLOWVOL30,20191121,-,-,-,9586.43,-,0
NIFTYALPHAQUALVALLOWVOL30,20191121,-,-,-,7272.97,-,0
NIFTY100EQUALWEIGHT,20191121,13383.45,13389.95,13249.00,13262.85,-,0
NIFTY100LOWVOL30,20191121,8942.95,8947.45,8892.75,8901.85,-,0
NIFTY50DIVPOINT,20191121,117.35,117.35,117.35,117.35,-,0
NIFTYALPHA50,20191121,12762.00,12802.20,12660.00,12668.35,-,0
NIFTYHIGHBETA50,20191121,-,-,-,1356.82,-,0
NIFTYLOWVOL50,20191121,-,-,-,10524.88,-,0
NIFTY50VALUE20,20191121,5478.25,5479.05,5435.15,5439.85,-,0
NIFTYGROWSECT15,20191121,6339.30,6347.50,6307.65,6322.35,-,0
NIFTY50TR2XLEV,20191121,6752.70,6752.95,6675.90,6688.50,-,0
NIFTY50PR1XINV,20191121,387.40,389.60,387.40,389.25,-,0
NIFTY-GS-COMPSITE,20191121,2059.76,2061.40,2056.19,2056.43,-,0
NIFTY-GS-8-13YR,20191121,2026.07,2027.93,2022.28,2022.60,-,0
NIFTY-GS-10YR,20191121,1866.76,1868.06,1862.87,1863.47,-,0
NIFTY-GS-10YR-CLN,20191121,949.96,950.62,947.96,948.27,-,0
NIFTY-GS-11-15YR,20191121,2142.72,2144.09,2138.83,2139.20,-,0
VIX,20191121,15.16,15.60,12.61,14.98,0,0
