<ticker>,<date>,<open>,<high>,<low>,<close>,<volume>,<o/i>
20MICRONS,20191111,37.45,37.6,36.3,36.65,25870
21STCENMGM,20191111,14,14,14,14,5
3IINFOTECH,20191111,2,2,1.95,2,423913
3MINDIA,20191111,22403,22649.9,22030.65,22504.2,1572
3PLAND,20191111,6.3,6.3,6.3,6.3,34
5PAISA,20191111,165.9,168.7,162.05,163.8,15030
63MOONS,20191111,116.2,119,114.95,117.45,85190
A2ZINFRA,20191111,10.3,10.3,9.75,10.05,180479
AARTIDRUGS,20191111,526.95,531,510,512.7,12945
AARTIIND,20191111,812.3,820,807.4,815.9,167913
AARVEEDEN,20191111,14.1,14.1,13.55,13.8,2900
AAVAS,20191111,1563.5,1564,1505.55,1540.45,19868
ABAN,20191111,30,31,29.5,30.25,31255
ABB,20191111,1460,1469,1445.7,1457.35,43896
ABBOTINDIA,20191111,11500,11775,11350,11698.85,11988
ABCAPITAL,20191111,87.35,88.4,85.15,86.9,2390106
ABFRL,20191111,205.1,206.9,200.35,201.25,250141
ABMINTLTD,20191111,14.1,14.1,14.1,14.1,20
ABSLBANETF,20191111,308,311,308,311,36
ABSLNN50ET,20191111,286.01,286.01,286.01,286.01,2
ACC,20191111,1501.9,1518,1490,1504.45,648957
ACCELYA,20191111,964,981,952.95,976.85,6140
ACE,20191111,84.2,86.95,84.05,86.1,54120
ADANIENT,20191111,206.95,212.25,206.05,210.85,2907157
ADANIGAS,20191111,147.3,148.5,146.6,148,616045
ADANIGREEN,20191111,86.8,95.25,85.2,93.85,4135563
ADANIPORTS,20191111,386.15,389.15,382.5,387.9,2300763
ADANIPOWER,20191111,68.45,68.5,66.6,67.3,7633861
ADANITRANS,20191111,278.25,284.65,277.7,279.4,198560
ADFFOODS,20191111,299.9,308,295.65,300.75,45366
ADHUNIKIND,20191111,115.3,116.9,110,115.65,59508
ADLABS,20191111,3.3,3.3,3.3,3.3,8506
ADORWELD,20191111,312.4,319.2,312,316.05,1154
ADROITINFO,20191111,8.35,9.15,8.35,9,1076
ADSL,20191111,15.05,16.45,14.6,15.55,115101
ADVANIHOTR,20191111,57.1,57.85,56.1,57.2,1294
ADVENZYMES,20191111,178.65,180.8,178,178.05,120252
AEGISCHEM,20191111,164.35,167.95,163,164.4,369053
AFFLE,20191111,1530,1530,1405,1482.75,748480
AGARIND,20191111,124,124.9,115.05,116.15,1534
AGCNET,20191111,120,125.9,117,124.6,3981
AGRITECH,20191111,46.35,47,44.1,45.75,5327
AGROPHOS,20191111,121,122,121,121.8,619135
AHLEAST,20191111,179,190.8,178,181.2,212
AHLUCONT,20191111,295,298.65,295,295.85,2134
AHLWEST,20191111,275,293.05,268.8,284,528
AIAENG,20191111,1682.2,1730,1665.2,1718,14257
AIONJSW,20191111,10,11.4,9.8,10.05,111874
AIRAN,20191111,11.65,11.65,10.8,11.1,32571
AJANTPHARM,20191111,985.05,1000,980.05,987.2,62272
AJMERA,20191111,129.7,129.7,125,125.45,39781
AKASH,20191111,63.2,64,61.5,64,2010
AKSHARCHEM,20191111,210.4,225,210.4,223.1,3489
AKSHOPTFBR,20191111,7.5,7.5,7.15,7.15,193178
AKZOINDIA,20191111,2088.1,2088.1,1958,1969.15,50404
ALANKIT,20191111,14.55,14.9,14.15,14.2,36559
ALBERTDAVD,20191111,402,413.5,402,405.45,2714
ALBK,20191111,25.3,26.5,25,25.95,1042575
ALCHEM,20191111,0.85,0.85,0.85,0.85,321
ALEMBICLTD,20191111,50.2,52.75,48.75,51.5,353528
ALICON,20191111,380,393.95,380,383.65,870
ALKALI,20191111,47.05,47.05,43,44.15,85345
ALKEM,20191111,2025.9,2068.75,1940.8,1972,161949
ALKYLAMINE,20191111,1021,1044.9,1012.95,1039.65,37395
ALLCARGO,20191111,98,99.45,95.15,97.55,223350
ALLSEC,20191111,285.05,287.95,276.1,282.2,1860
ALMONDZ,20191111,9.6,9.6,9.6,9.6,47
ALOKTEXT,20191111,1.85,1.85,1.85,1.85,320654
ALPA,20191111,17.5,18.2,17.15,18,29043
ALPHAGEO,20191111,185.25,191.9,184.95,186.15,9895
ALPSINDUS,20191111,0.55,0.6,0.55,0.6,11019
AMARAJABAT,20191111,678,729.75,670.1,717.4,5554593
AMBER,20191111,982,1017,982,998.8,47134
AMBIKCO,20191111,865.05,900,865.05,889.6,3933
AMBUJACEM,20191111,200,201.95,198.75,200.15,1436622
AMDIND,20191111,19,21.95,19,21.5,51051
AMJLAND,20191111,19,19.75,18.1,18.6,19012
AMRUTANJAN,20191111,491.9,522,488.4,513.15,88488
ANANTRAJ,20191111,33.35,33.35,33,33.05,79628
ANDHRABANK,20191111,18.1,18.2,17.8,17.9,534843
ANDHRACEMT,20191111,2.8,2.9,2.7,2.9,66805
ANDHRSUGAR,20191111,290.75,304,290,300.5,52396
ANIKINDS,20191111,9.45,9.85,9,9.45,1073
ANKITMETAL,20191111,0.45,0.55,0.45,0.5,25579
ANSALAPI,20191111,5.8,5.8,5.55,5.8,282626
ANSALHSG,20191111,9.05,9.15,8.5,9.15,563689
ANTGRAPHIC,20191111,0.7,0.7,0.65,0.65,16484
ANUP,20191111,512.8,534.4,500.35,508.7,18039
APARINDS,20191111,558,558,507,507.55,8170
APCL,20191111,159.95,166.7,158,158.65,12199
APCOTEXIND,20191111,171.5,171.5,165,165.65,7985
APEX,20191111,315,331.7,302.3,316.9,792404
APLAPOLLO,20191111,1450,1450,1420.95,1423.7,63892
APLLTD,20191111,580.4,582,572.5,574.25,42804
APOLLO,20191111,84.7,86.9,83.5,84.5,41049
APOLLOHOSP,20191111,1425,1445,1414.15,1419,475250
APOLLOPIPE,20191111,394.95,394.95,360.05,376.25,2459
APOLLOTYRE,20191111,165,168.2,163.65,166.25,1908437
APOLSINHOT,20191111,807,844,786.05,805.6,1381
APTECHT,20191111,171.8,174.5,170,171.1,118578
ARCHIDPLY,20191111,28.6,29.85,27.65,27.95,10571
ARCHIES,20191111,19,19.7,19,19.35,18972
ARCOTECH,20191111,2.2,2.2,2.2,2.2,3343
ARIES,20191111,64.4,65.05,63.15,63.7,13149
ARIHANT,20191111,29.95,30.5,28.25,30.5,73884
ARIHANTSUP,20191111,27.15,27.75,26.15,27.05,487
ARMANFIN,20191111,577,577,542.1,546.1,2138
AROGRANITE,20191111,39.65,40.9,39.5,39.55,1990
ARROWGREEN,20191111,53.15,54.75,51,51.85,1716
ARROWTEX,20191111,13.5,13.5,12.1,12.5,16982
ARSHIYA,20191111,18.75,18.8,17.55,18.25,42468
ARSSINFRA,20191111,25.8,25.8,24.2,24.55,2878
ARVIND,20191111,52,52.95,51.25,52,1060148
ARVINDFASN,20191111,419,425.95,410,412.8,14323
ARVSMART,20191111,100.05,101,98.2,99.2,4171
ASAHIINDIA,20191111,196.55,200.05,192,195.15,338748
ASAHISONG,20191111,154.9,154.9,147,148.25,3528
ASAL,20191111,32.1,33.5,31.8,32.3,2988
ASHAPURMIN,20191111,27,28.9,27,27.6,7108
ASHIANA,20191111,100.85,106,98.5,104.2,43216
ASHIMASYN,20191111,7.85,7.95,7.45,7.5,22904
ASHOKA,20191111,97.45,97.45,94.35,95,149937
ASHOKLEY,20191111,71,79.95,71,79.2,74700629
ASIANHOTNR,20191111,104.9,104.9,98.2,100,1627
ASIANPAINT,20191111,1789.95,1793.95,1768,1773.95,860384
ASIANTILES,20191111,225.2,228.95,222.35,225.1,31115
ASPINWALL,20191111,144,148.7,144,148.3,1157
ASTEC,20191111,354.5,361.9,350.1,355.35,8065
ASTERDM,20191111,143.1,149.7,142.65,145.05,80543
ASTRAL,20191111,1090.05,1125,1090.05,1104.85,213826
ASTRAMICRO,20191111,75.6,80.8,75.6,80.4,556128
ASTRAZEN,20191111,2510,2688.85,2450,2541.8,123190
ASTRON,20191111,37.05,39.75,37.05,37.05,1118767
ATFL,20191111,624.2,624.25,600.5,604.85,6223
ATLANTA,20191111,6.85,7.35,6.65,7.15,17448
ATNINTER,20191111,0.25,0.25,0.25,0.25,1631
ATUL,20191111,4246.45,4246.45,4105,4116.65,15099
ATULAUTO,20191111,215,223,215,220.3,10610
AUBANK,20191111,688.7,720.8,685,718.4,1405855
AURIONPRO,20191111,76.1,78.6,75.2,75.6,3592
AUROPHARMA,20191111,437,443.9,431.3,437.7,4784575
AUSOMENT,20191111,29.9,29.9,27.15,27.25,1801
AUTOAXLES,20191111,820.5,835,813,817.65,8798
AUTOIND,20191111,22.65,23.6,22.65,23.05,2737
AUTOLITIND,20191111,21.8,22.1,21.2,21.45,7097
AVADHSUGAR,20191111,258.9,274,254.8,263.35,171877
AVANTIFEED,20191111,554.9,571.9,502,508.3,1705266
AVTNPL,20191111,29,30.8,28.1,28.75,323642
AXISBANK,20191111,723.4,735.5,721.2,733.7,6355142
AXISCADES,20191111,69.35,73,69.35,72.8,169909
AXISGOLD,20191111,3340.05,3345,3333.65,3339.1,106
AXISNIFTY,20191111,1229,1232.17,1220.89,1223.23,179
AYMSYNTEX,20191111,30.7,31.4,29.1,30.15,3529
BAGFILMS,20191111,2.1,2.1,2,2.1,168424
BAJAJ-AUTO,20191111,3238,3254,3221,3237.35,278347
BAJAJCON,20191111,249,251.5,245,248.35,117592
BAJAJELEC,20191111,321.25,327,319.9,320.5,167245
BAJAJFINSV,20191111,8799,8925,8775,8903.3,174978
BAJAJHIND,20191111,7.2,8.3,7.1,8.2,10506378
BAJAJHLDNG,20191111,3792,3792,3705.1,3710.85,55191
BAJFINANCE,20191111,4160,4188,4142.9,4169.05,769302
BALAJITELE,20191111,56.35,57.6,53.85,55.8,43731
BALAMINES,20191111,379.8,384,355.4,373.8,44786
BALAXI,20191111,72.05,78.95,72.05,77.35,814
BALKRISHNA,20191111,18.3,18.65,17.8,17.95,9108
BALKRISIND,20191111,853.25,853.25,816.3,829.05,657759
BALLARPUR,20191111,0.5,0.55,0.45,0.5,2449961
BALMLAWRIE,20191111,205,208.4,200.2,201.45,260540
BALPHARMA,20191111,47.9,47.9,45.05,45.65,7468
BALRAMCHIN,20191111,148.8,152.6,148.25,149.85,1868310
BANARBEADS,20191111,33.25,33.25,33.2,33.2,203
BANARISUG,20191111,1210,1210,1140,1156.85,437
BANCOINDIA,20191111,107.45,110.4,105,107.65,49748
BANDHANBNK,20191111,551.95,564.8,534.05,549.85,2396741
BANG,20191111,18.2,18.25,17,17.1,3854
BANKBARODA,20191111,94,98.9,94,96.5,42257119
BANKBEES,20191111,3135,3175,3130,3164.96,5731
BANKINDIA,20191111,66.1,67.65,66,67.15,5110559
BANSWRAS,20191111,76.9,78.8,73.8,76.1,11508
BARTRONICS,20191111,1.65,1.65,1.65,1.65,1435
BASF,20191111,988,995,964.05,990.35,10186
BASML,20191111,138.95,141,135,136.9,13480
BATAINDIA,20191111,1693.1,1723.95,1683.5,1703.75,413019
BAYERCROP,20191111,3419.1,3499.15,3379.75,3398.55,4589
BBL,20191111,889.8,909,875.8,881.4,5683
BBTC,20191111,1206.65,1219,1190,1198.3,95037
BCG,20191111,3.2,3.25,3.1,3.2,404579
BCP,20191111,8.7,8.7,8.65,8.7,548485
BDL,20191111,323.1,336.2,323.1,333.95,54067
BEARDSELL,20191111,11.6,11.6,10.8,11.1,1349
BEDMUTHA,20191111,11.1,11.9,11.1,11.9,29036
BEL,20191111,109.15,110.15,107.75,108.85,7434237
BEML,20191111,963.9,983.6,958,979.8,470498
BEPL,20191111,49.05,50.5,49.05,49.65,335792
BERGEPAINT,20191111,485.4,488.35,478.85,483.65,1774394
BFINVEST,20191111,325.4,341.4,324,332.1,157410
BFUTILITIE,20191111,290.2,303.75,290.2,299.35,310843
BGLOBAL,20191111,1.95,1.95,1.95,1.95,365
BGRENERGY,20191111,32.25,32.8,31.8,31.9,45577
BHAGERIA,20191111,107,109,104.1,104.65,21212
BHAGYANGR,20191111,19,19.45,18.75,18.85,5975
BHAGYAPROP,20191111,20.5,22.35,20.2,21.5,3489
BHANDARI,20191111,1.35,1.35,1.25,1.25,77492
BHARATFORG,20191111,422,444.65,420.05,436,4433185
BHARATGEAR,20191111,78.65,79.9,76.05,78.9,8819
BHARATRAS,20191111,6450,6700,6411.95,6600.9,3860
BHARATWIRE,20191111,31.9,31.95,29.2,30.85,10573
BHARTIARTL,20191111,371.25,373.95,368.25,371.5,2774571
BHEL,20191111,54.15,57.5,53.1,56.8,26122637
BIGBLOC,20191111,23.5,24.45,23.5,24.1,807
BIL,20191111,156.25,156.8,148.45,156.2,3720
BILENERGY,20191111,1.45,1.45,1.45,1.45,41191
BINDALAGRO,20191111,10.7,11.2,10.05,10.6,17129
BIOCON,20191111,262.1,267.5,262.1,263.5,2187838
BIOFILCHEM,20191111,4.55,4.75,4.55,4.75,2030
BIRLACABLE,20191111,83,83.95,72.6,72.6,502124
BIRLACORPN,20191111,629.95,654.45,629,643,133487
BIRLAMONEY,20191111,35.4,35.65,35.05,35.15,39513
BKMINDST,20191111,0.8,0.8,0.7,0.75,336919
BLBLIMITED,20191111,3.8,3.8,3.55,3.75,7318
BLISSGVS,20191111,139.05,140.5,137.9,138.25,117328
BLKASHYAP,20191111,11.2,11.2,10.2,10.85,222780
BLS,20191111,65.6,67.4,65.6,66.9,19913
BLUEBLENDS,20191111,0.65,0.65,0.65,0.65,2016
BLUECOAST,20191111,1.65,1.65,1.65,1.65,1
BLUEDART,20191111,2262.1,2291.9,2222.2,2244.95,2145
BLUESTARCO,20191111,802.7,803.55,783.05,795.1,118004
BODALCHEM,20191111,76.9,76.9,75,75.35,51991
BOMDYEING,20191111,91.2,94.1,89.85,91,3453520
BOROSIL,20191111,175.1,194.7,175.1,188.75,504603
BOSCHLTD,20191111,15299.95,15391.9,15069.25,15331.65,10472
BPCL,20191111,506.65,519.5,499,517.6,8765071
BPL,20191111,19,21,19,19.85,171231
BRFL,20191111,4.85,4.85,4.5,4.5,16915
BRIGADE,20191111,212.9,219.4,211.5,217.05,128049
BRITANNIA,20191111,3157,3195,3110,3119.55,464906
BRNL,20191111,63.9,63.9,60.85,61.9,25768
BROOKS,20191111,32.55,33.5,32.55,32.8,7561
BSE,20191111,525,531.1,517.95,520.95,57691
BSELINFRA,20191111,1.1,1.1,1.05,1.05,23257
BSL,20191111,27.9,28.9,27.25,28.9,14402
BSLGOLDETF,20191111,3561,3561,3500,3500,224
BSLNIFTY,20191111,129.86,130.02,128.94,128.94,385
BSOFT,20191111,63.4,65.5,63.25,64.95,282365
BURNPUR,20191111,1.2,1.3,1.2,1.25,70774
BUTTERFLY,20191111,193,196.5,188,189.95,30468
BVCL,20191111,10.15,10.4,10.15,10.4,175
BYKE,20191111,21,23.05,20.05,22.6,34617
CADILAHC,20191111,232.95,234.8,229.5,230.45,753824
CALSOFT,20191111,16.8,17.6,16.15,17.6,5844
CAMLINFINE,20191111,61,63,60.95,60.95,576624
CANBK,20191111,200.85,204.1,199,203.4,6452868
CANFINHOME,20191111,402,405.75,391.8,394.6,172570
CANTABIL,20191111,203,208.8,201.55,206.55,25732
CAPACITE,20191111,224,224,214.85,217.65,32882
CAPLIPOINT,20191111,376,390,375.5,383.8,53833
CAPTRUST,20191111,82.95,82.95,80,80,185
CARBORUNIV,20191111,307,311.7,305.3,309.5,20331
CAREERP,20191111,128.1,133,127,130.4,31453
CARERATING,20191111,535,535.05,528,528.95,188053
CASTEXTECH,20191111,0.8,0.8,0.7,0.7,97705
CASTROLIND,20191111,145.4,148.7,144.9,146.9,842746
CCHHL,20191111,3.55,3.7,3.5,3.6,21743
CCL,20191111,205.95,206,202,202.5,39415
CDSL,20191111,228,232.4,225.1,230.4,280870
CEATLTD,20191111,976.5,984.9,960,969.85,69803
CEBBCO,20191111,13.6,14.2,13.55,14.05,25724
CELEBRITY,20191111,5.85,6.1,5.6,5.9,2953
CELESTIAL,20191111,3.4,3.55,3.3,3.45,9812
CENTENKA,20191111,186,186.5,184.8,186.05,17308
CENTEXT,20191111,2.85,2.95,2.8,2.9,53907
CENTRALBK,20191111,20.35,20.6,19.75,20.4,637314
CENTRUM,20191111,20.05,20.65,19.75,20.25,161659
CENTUM,20191111,370.55,383.9,367.75,374.55,1768
CENTURYPLY,20191111,165.5,170,164,167.05,187583
CENTURYTEX,20191111,393,398,385.1,388.8,626622
CERA,20191111,2637,2637,2550,2608.95,4734
CEREBRAINT,20191111,21,21.3,20.75,21.15,29287
CESC,20191111,766,771.6,758.8,768.35,150596
CESCVENT,20191111,340.05,349,340,341.7,15055
CGCL,20191111,211.65,217.15,210,213.8,271612
CGPOWER,20191111,16,16.3,15.6,15.95,1004309
CHALET,20191111,335,340,320,325.65,2132
CHAMBLFERT,20191111,169.4,176.2,164.65,172.45,1597483
CHEMFAB,20191111,176,176,170.05,170.25,272
CHENNPETRO,20191111,152.5,152.95,150.5,151.3,61987
CHOLAFIN,20191111,297.6,298,292.85,296.75,763258
CHOLAHLDNG,20191111,481.6,492.55,466.65,472.25,34643
CHROMATIC,20191111,0.45,0.5,0.45,0.5,14356
CIGNITITEC,20191111,297.95,300,291,297.4,45568
CIMMCO,20191111,19.95,20.35,18.9,19.45,7470
CINELINE,20191111,33.45,33.5,32.05,32.75,4082
CINEVISTA,20191111,10.5,11,10.35,10.35,2957
CIPLA,20191111,459.4,459.4,451.75,454.85,4109355
CKFSL,20191111,0.6,0.6,0.6,0.6,200575
CLEDUCATE,20191111,81.95,85,74,79.05,18985
CLNINDIA,20191111,292.05,298.7,292,295.45,29056
CMICABLES,20191111,68,71.95,65.15,71,36718
CNOVAPETRO,20191111,8.15,8.5,8.15,8.5,245
COALINDIA,20191111,208.95,210.8,205.75,209.85,3485203
COCHINSHIP,20191111,397.45,408,395,407.05,138017
COFFEEDAY,20191111,41.5,41.7,38.8,41.2,3236673
COLPAL,20191111,1575.65,1611.75,1575.65,1589.85,697289
COMPINFO,20191111,8.15,8.9,8.15,8.75,74927
COMPUSOFT,20191111,8.3,8.7,8.05,8.4,44219
CONCOR,20191111,573.6,586.6,562.85,582.35,1452164
CONFIPET,20191111,27,29.5,27,29,291894
CONSOFINVT,20191111,36.2,36.25,36.2,36.25,165
CONTROLPR,20191111,266.05,274.45,262,270.2,3553
CORALFINAC,20191111,13.45,13.45,12.3,12.5,4380
CORDSCABLE,20191111,44.3,46.25,42.35,43.3,16897
COROMANDEL,20191111,471.5,480.95,470.05,475.95,293578
CORPBANK,20191111,17,17.25,16.45,16.65,260316
COSMOFILMS,20191111,227.5,237,227.5,233.25,19380
COUNCODOS,20191111,1.7,1.75,1.65,1.7,13201
COX&KINGS,20191111,1.6,1.6,1.6,1.6,267279
CPSEETF,20191111,24.25,24.37,24.02,24.27,1729782
CREATIVE,20191111,69,69.3,68.3,69.15,13946
CREDITACC,20191111,677,727.9,677,710.1,175739
CREST,20191111,99.85,106.95,92.7,103.85,159029
CRISIL,20191111,1440,1440.85,1402.3,1424.4,10158
CROMPTON,20191111,257.1,266.9,257.1,259.75,507438
CTE,20191111,28.05,28.95,27.45,27.65,610
CUB,20191111,214.2,216,213.05,214.7,726913
CUBEXTUB,20191111,12.7,13.7,12.7,13.1,1131
CUMMINSIND,20191111,555.3,564.5,552.85,559.7,555723
CUPID,20191111,224,240,200.1,206.95,713072
CURATECH,20191111,1.6,1.6,1.6,1.6,70
CYBERMEDIA,20191111,3,3,3,3,401
CYBERTECH,20191111,48,51.9,47.55,50.05,12613
CYIENT,20191111,392,399.9,392,398.4,55334
DAAWAT,20191111,24.95,25.35,24.6,24.9,512274
DABUR,20191111,474.4,480.6,472.1,477.45,1100336
DALBHARAT,20191111,825,830,815.5,822.9,64098
DALMIASUG,20191111,90.95,93.3,90.4,91.55,140810
DAMODARIND,20191111,27,28.25,25.25,26.85,378
DATAMATICS,20191111,74.95,75.25,74,74.2,11992
DBCORP,20191111,146.5,146.5,144.3,144.9,29759
DBL,20191111,406,427,405,419.1,270516
DBREALTY,20191111,9.25,9.25,8.7,9.2,596101
DCAL,20191111,122.8,123.65,118.55,120.05,216713
DCBBANK,20191111,183.85,183.85,181.85,182.8,410710
DCM,20191111,21.15,21.15,20,20.85,1018
DCMFINSERV,20191111,0.9,0.9,0.85,0.85,540
DCMNVL,20191111,27.5,29.5,27.5,28,3627
DCMSHRIRAM,20191111,336,342.5,330.05,332.65,97599
DCW,20191111,15.2,15.2,14.9,15,62502
DECCANCE,20191111,343.05,355,343,354,1857
DEEPAKFERT,20191111,100.6,101.55,96,97.9,220911
DEEPAKNTR,20191111,351.9,368,349.25,358.9,972522
DEEPIND,20191111,103.95,106.2,102.1,105.8,4765
DELTACORP,20191111,194,201.85,193.1,199.65,645610
DELTAMAGNT,20191111,34.65,38.25,34.65,37.95,273
DEN,20191111,45,45.5,42.35,44.65,25340
DENORA,20191111,240,258.4,226.15,232.15,13255
DFMFOODS,20191111,245,248.45,245,246.05,14096
DGCONTENT,20191111,4.5,4.5,4.3,4.4,7586
DHAMPURSUG,20191111,206,216.25,205.05,209.55,717262
DHANBANK,20191111,15.35,15.85,15.15,15.6,645035
DHANUKA,20191111,301,315.4,301,309.85,31957
DHARSUGAR,20191111,7.7,8.3,7.6,8.05,12732
DHFL,20191111,24.45,24.45,22.9,24.45,5855083
DHUNINV,20191111,193.05,231.2,193.05,218,1007
DIAMONDYD,20191111,922.3,949.9,916.35,931.2,611
DICIND,20191111,320.95,324.05,320,322.05,197
DIGISPICE,20191111,6.75,7.05,6.45,6.55,3177
DISHTV,20191111,13.75,15.25,13.35,15,63674919
DIVISLAB,20191111,1700,1719,1691.95,1710.55,207500
DIXON,20191111,2750,3049.9,2742.15,2989.4,58960
DLF,20191111,200,208.65,199.05,207.65,14939800
DLINKINDIA,20191111,98,98,94.4,94.55,12769
DMART,20191111,1965,1983.95,1951,1966.2,200518
DNAMEDIA,20191111,0.35,0.4,0.35,0.35,5073
DOLAT,20191111,72.5,73.9,65,69,322463
DOLLAR,20191111,180,182.25,174.1,175.8,4394
DONEAR,20191111,31.75,31.85,31,31,5469
DPSCLTD,20191111,9.1,9.8,9.1,9.4,1175
DQE,20191111,2.4,2.4,2.35,2.35,6267
DREDGECORP,20191111,338.5,344,334,339.85,130062
DRREDDY,20191111,2812.35,2827.35,2795,2815.75,306664
DSSL,20191111,25.5,26,25.3,25.75,1116
DTIL,20191111,166,174,162.3,170,14171
DUCON,20191111,5.85,5.85,5.85,5.85,27709
DVL,20191111,73,73.05,70.6,71.2,2671
DWARKESH,20191111,25.15,26.85,25,26.1,600783
DYNAMATECH,20191111,1155.65,1192,1140,1153.6,1182
DYNPRO,20191111,139.95,141.1,130.35,139.15,20080
EASTSILK,20191111,0.55,0.6,0.55,0.6,9405
EBANK,20191111,3666,3666,3399.99,3632.99,8
ECLERX,20191111,437,445.7,434,442.8,13478
EDELWEISS,20191111,116.35,116.35,111.4,116.35,7710477
EICHERMOT,20191111,21640,21817.65,21310.05,21376.9,94416
EIDPARRY,20191111,168.9,168.9,161.1,163,138157
EIHAHOTELS,20191111,316.7,316.7,305.1,306.25,1792
EIHOTEL,20191111,157.5,159.4,152,154.45,157830
EIMCOELECO,20191111,305,305,292.4,296.6,1193
EKC,20191111,25.9,26.7,25.25,26.05,36334
ELECON,20191111,36.25,37.45,35.2,35.35,62585
ELECTCAST,20191111,13.4,13.4,13.25,13.3,122931
ELECTHERM,20191111,136.05,142.55,134.25,140.65,2581
ELGIEQUIP,20191111,280.2,280.2,261,266.1,309917
ELGIRUBCO,20191111,18.6,18.6,17.05,17.5,3519
EMAMILTD,20191111,325,326.8,321.3,324.1,88772
EMAMIPAP,20191111,78,78,71.6,73.5,1674
EMAMIREAL,20191111,51.05,51.05,48.3,49.35,19776
EMCO,20191111,0.7,0.75,0.65,0.7,3612
EMKAY,20191111,79,79,74.1,75.15,11964
EMMBI,20191111,106.2,115.4,102,109.1,16711
ENDURANCE,20191111,1088.7,1109.15,1085.25,1099.45,10542
ENERGYDEV,20191111,5.15,5.25,4.95,5.1,20877
ENGINERSIN,20191111,105.9,108.6,105.75,107.7,1129971
ENIL,20191111,252.4,252.4,249,249.7,2555
EON,20191111,21.4,21.4,19.6,19.6,19805
EQ30,20191111,350,352,314.5,314.5,45
EQUITAS,20191111,95.9,95.9,88.05,90.8,17024423
ERIS,20191111,414,424.5,401,420.45,40382
EROSMEDIA,20191111,15.6,15.75,15.3,15.65,120858
ESABINDIA,20191111,1271.05,1271.05,1214,1230.35,3791
ESCORTS,20191111,653,673.8,646.7,671.55,2150609
ESSARSHPNG,20191111,7.2,7.5,7.15,7.15,2700
ESSELPACK,20191111,124.8,129.65,120,129.15,389701
ESTER,20191111,35.45,35.45,33.5,35.15,37995
EUROMULTI,20191111,0.4,0.4,0.35,0.35,4708
EUROTEXIND,20191111,12.25,12.25,12.25,12.25,10
EVEREADY,20191111,54.5,55.8,52.75,53.05,86774
EVERESTIND,20191111,287.85,297.95,285.5,287.55,22608
EXCEL,20191111,1.1,1.1,1.05,1.05,1279
EXCELINDUS,20191111,950,950,885,898.75,40760
EXIDEIND,20191111,187.5,191.3,186.55,190.6,2885129
EXPLEOSOL,20191111,271.1,277.95,271,271.05,1486
FACT,20191111,38.9,40,38.55,39.4,78908
FAIRCHEM,20191111,499.7,499.7,472.4,475.95,13196
FCL,20191111,29,29.8,28.2,28.6,104218
FCONSUMER,20191111,25.25,25.85,24.8,25.2,552086
FCSSOFT,20191111,0.25,0.25,0.2,0.25,423204
FDC,20191111,188,193.8,178.25,180.5,346486
FEDERALBNK,20191111,82,83.65,81.4,83.15,9092063
FEL,20191111,24.75,25.45,24.2,24.55,157002
FELDVR,20191111,23.95,24,23.35,23.5,3317
FIEMIND,20191111,370.15,370.15,363,363.6,1652
FILATEX,20191111,37.6,40.25,37.6,39.95,210912
FINCABLES,20191111,372.7,372.7,364.15,367.1,48218
FINEORG,20191111,1899.35,1998,1899.35,1956.25,12942
FINPIPE,20191111,592.15,602.85,590.5,596.8,15743
FLEXITUFF,20191111,4.3,4.3,3.9,4,35432
FLFL,20191111,400.75,400.75,390.25,392.55,24396
FLUOROCHEM,20191111,611,667.5,601,635,49732
FMGOETZE,20191111,585.25,598.9,578,584.9,7778
FMNL,20191111,31.05,33,31.05,31.9,6264
FORCEMOT,20191111,1089.9,1095,1074.35,1083.95,15925
FORTIS,20191111,153.15,159.95,152.25,158.6,7887743
FOSECOIND,20191111,1369.45,1369.45,1325,1352.1,521
FRETAIL,20191111,359.5,363,356.5,359.95,426015
FSC,20191111,475.5,487.75,455.25,480.8,60145
FSL,20191111,44.95,45,43.8,43.85,1354788
GABRIEL,20191111,120,120,118.5,119,97682
GAEL,20191111,128,132.6,126.35,129.55,37948
GAIL,20191111,126.9,130.8,125,130.35,12800817
GAL,20191111,1.95,1.95,1.9,1.95,9118
GALAXYSURF,20191111,1561.95,1621,1544.95,1600,41974
GALLANTT,20191111,25.6,27.5,25.6,27,6433
GALLISPAT,20191111,18.9,19.8,18,19,178449
GAMMNINFRA,20191111,0.25,0.3,0.25,0.3,341055
GANDHITUBE,20191111,295,299.8,290.5,296.7,94
GANECOS,20191111,265.4,274.85,260.6,270.9,7996
GANESHHOUC,20191111,34.55,35.8,34.25,35.3,21661
GANGESSECU,20191111,40,41.8,40,40,329
GARDENSILK,20191111,11.25,11.45,11,11.1,13592
GARFIBRES,20191111,1215,1300,1202,1284.2,11645
GATI,20191111,63,64.25,60.5,60.5,708956
GAYAHWS,20191111,0.3,0.3,0.2,0.25,1098487
GAYAPROJ,20191111,111,111,100.6,103.85,213383
GBGLOBAL,20191111,12,12,12,12,617
GDL,20191111,88.75,89.3,86.7,87.2,97715
GEECEE,20191111,92.05,93.9,89,89.85,4294
GENESYS,20191111,80.8,81.9,78.7,79.7,7260
GENUSPAPER,20191111,5.15,5.2,5,5.15,118677
GENUSPOWER,20191111,24.4,25.3,24.4,24.9,79443
GEOJITFSL,20191111,28.85,29.25,28.55,28.9,179216
GEPIL,20191111,706,706,685.9,694.5,28386
GESHIP,20191111,299.9,305.85,296,302.15,106910
GET&D,20191111,167.1,170.6,164,166.2,31318
GFLLIMITED,20191111,82.6,82.6,80.5,81.05,59588
GFSTEELS,20191111,4.55,4.55,4.55,4.55,270
GHCL,20191111,208.95,210.7,207.05,208.6,43846
GICHSGFIN,20191111,161.5,163.6,159.2,160.15,122182
GICRE,20191111,274,291,270.45,281.05,755514
GILLANDERS,20191111,31.8,32.7,30.05,32,2468
GILLETTE,20191111,7330,7395,7219.05,7242.05,4178
GINNIFILA,20191111,9.3,9.3,8.85,8.85,11063
GIPCL,20191111,71.9,73.4,67,69,620412
GKWLIMITED,20191111,725.4,725.4,725,725,10
GLAXO,20191111,1623.95,1638.85,1598.6,1620,38813
GLENMARK,20191111,283.05,292.5,281.45,290.65,1224610
GLFL,20191111,0.95,1,0.95,1,624
GLOBALVECT,20191111,55.4,59.4,55,57.6,5176
GLOBOFFS,20191111,6.2,6.3,6.05,6.25,2909
GLOBUSSPR,20191111,142.3,144.95,136.1,139.1,93311
GMBREW,20191111,415,429.45,413.35,418.35,25452
GMDCLTD,20191111,62.3,63.5,62.1,62.55,59507
GMMPFAUDLR,20191111,1460,1490,1445.75,1454.3,15233
GMRINFRA,20191111,21.25,22,21.25,21.85,12017290
GNA,20191111,275.65,276.05,266.25,269.9,31331
GNFC,20191111,202.4,204.75,200.05,201.75,193997
GOACARBON,20191111,223,229,217,218.6,11503
GOCLCORP,20191111,289.95,290,282.55,285.45,2764
GODFRYPHLP,20191111,1149.9,1178,1128,1165.1,64688
GODREJAGRO,20191111,491,497.45,485.1,487.4,66666
GODREJCP,20191111,736.35,744.85,721.3,732.6,626373
GODREJIND,20191111,425.4,433.9,425.3,431.3,77071
GODREJPROP,20191111,958,973.5,945,947,142602
GOKEX,20191111,85,85.8,83.4,83.7,45334
GOKUL,20191111,11.9,12.45,11.9,12.45,8270
GOKULAGRO,20191111,13.05,13.45,13,13.1,8048
GOLDBEES,20191111,3284.4,3364.9,3284.35,3355.3,11006
GOLDENTOBC,20191111,34.25,34.25,28.5,32.5,8363
GOLDIAM,20191111,145.6,145.6,117.5,129.4,347697
GOLDSHARE,20191111,3380,3395,3362.5,3366.05,1176
GOLDTECH,20191111,9.6,9.95,8.7,9.5,16608
GOODLUCK,20191111,54,55,53.15,54.05,8071
GPIL,20191111,147.3,150.25,145.5,147.05,24442
GPPL,20191111,85.95,85.95,83.1,83.45,77712
GPTINFRA,20191111,43,44.25,39.2,41.05,52214
GRANULES,20191111,120.1,123.3,120,121.1,1149196
GRAPHITE,20191111,301.7,305.5,298,301.25,882491
GRASIM,20191111,770,771.75,755.25,767.1,1627591
GRAVITA,20191111,41.75,47.8,41.75,46.15,178356
GREAVESCOT,20191111,133.5,138.15,130.3,136.1,150444
GREENLAM,20191111,962,1049,950.95,1036.5,6149
GREENPANEL,20191111,44,48.4,44,48.4,602224
GREENPLY,20191111,163,163.95,158,160,47553
GREENPOWER,20191111,1.65,1.65,1.65,1.65,34132
GRINDWELL,20191111,592,599,588.1,594.9,3929
GROBTEA,20191111,315,315,315,315,10
GRPLTD,20191111,852,879,835,850,215
GRSE,20191111,225,227.9,221.05,222.95,156615
GSCLCEMENT,20191111,20.4,20.6,19.5,19.95,14832
GSFC,20191111,77.95,77.95,73.6,75.65,380006
GSKCONS,20191111,8940,9028.75,8800,8875.25,32033
GSPL,20191111,219,224,212.7,215.05,534267
GSS,20191111,35.95,36.1,34,36.05,38515
GTL,20191111,1.45,1.45,1.4,1.4,62883
GTLINFRA,20191111,0.4,0.45,0.4,0.45,1536725
GTNIND,20191111,5.85,6.2,5.8,6.05,1825
GTNTEX,20191111,6.35,6.35,6.35,6.35,1000
GTPL,20191111,70.75,70.9,70.1,70.2,7154
GUFICBIO,20191111,70.9,70.9,68.1,68.2,25094
GUJALKALI,20191111,416.9,420.5,410.2,412.4,28303
GUJAPOLLO,20191111,129,132.05,127.05,128.4,484
GUJGASLTD,20191111,195,200.8,194.85,199,415011
GUJRAFFIA,20191111,7.55,7.55,7.55,7.55,210
GULFOILLUB,20191111,852.6,863.45,830,848,2666
GULFPETRO,20191111,38.05,40.9,38.05,39.1,8131
GULPOLY,20191111,42,44.2,40.6,41.05,9714
GVKPIL,20191111,4.85,4.9,4.65,4.65,1210560
HAL,20191111,755.5,776,755.5,766.4,12169
HARITASEAT,20191111,441,451.15,441,442.6,1116
HARRMALAYA,20191111,48.35,49,47.9,48.3,29951
HATHWAY,20191111,20.35,21.25,20.1,20.35,189376
HATSUN,20191111,595.3,601.45,572.85,583,6788
HAVELLS,20191111,703.5,708.7,690.1,692.65,791314
HAVISHA,20191111,0.6,0.6,0.55,0.6,529
HBLPOWER,20191111,16.75,17.25,16.65,17.05,98870
HCC,20191111,8.5,8.55,8.05,8.2,1589812
HCG,20191111,119.95,119.95,112.5,113.95,30762
HCL-INSYS,20191111,7.75,7.95,7.65,7.7,251385
HCLTECH,20191111,1150,1153.7,1130.2,1145.95,953320
HDFC,20191111,2228,2239.8,2216,2234.55,1834680
HDFCAMC,20191111,3205,3360,3199.95,3346.8,1413551
HDFCBANK,20191111,1252.55,1268.5,1250.5,1264.75,7143305
HDFCLIFE,20191111,569.95,584,565,571,3419720
HDFCMFGETF,20191111,3428,3447.9,3425,3440.15,2528
HDFCNIFETF,20191111,1249.15,1251,1245.01,1249.61,2766
HDFCSENETF,20191111,4261.93,4261.93,4211.64,4256.05,51
HDIL,20191111,2,2,2,2,155097
HEG,20191111,1022,1034.1,1005.55,1012.5,254241
HEIDELBERG,20191111,192.9,195,189.4,194.25,237461
HERCULES,20191111,95,95,92.55,93.95,6215
HERITGFOOD,20191111,337.9,339.3,324.5,326.85,28191
HEROMOTOCO,20191111,2635,2656.95,2585.65,2594,570373
HESTERBIO,20191111,1601,1645.8,1591.05,1625.5,5226
HEXATRADEX,20191111,12.4,12.4,12.4,12.4,5221
HEXAWARE,20191111,338.8,341.6,336.4,339.35,285713
HFCL,20191111,17,17.25,17,17,844006
HGINFRA,20191111,186.85,196.9,185.1,193.9,43450
HGS,20191111,585,589.7,576.05,585.1,1272
HIKAL,20191111,113,115.8,111.2,112.55,192124
HIL,20191111,1109.05,1129.25,1100,1113.15,3682
HILTON,20191111,14.85,14.85,14.85,14.85,9238
HIMATSEIDE,20191111,142.05,142.05,135,135.5,145882
HINDALCO,20191111,203.95,203.95,199.5,200.15,6851401
HINDCOMPOS,20191111,175,185,172,181.55,2838
HINDCOPPER,20191111,40.55,41.25,40.15,40.65,698785
HINDMOTORS,20191111,5.7,5.75,5.55,5.65,49433
HINDNATGLS,20191111,36.1,36.6,34.6,35.3,3330
HINDOILEXP,20191111,97.55,98.75,96.3,97.55,129732
HINDPETRO,20191111,293.4,300.85,292.2,298.7,3282758
HINDSYNTEX,20191111,2.9,2.9,2.8,2.8,21
HINDUNILVR,20191111,2081.3,2100.05,2068.05,2081.35,1050170
HINDZINC,20191111,211.5,211.5,208,210.3,346673
HIRECT,20191111,185,190.7,180,188.15,39826
HISARMETAL,20191111,56.9,56.9,52.1,54.65,7170
HITECH,20191111,153.8,169.1,152,153.3,26369
HITECHCORP,20191111,92,93.6,88,90.3,1437
HITECHGEAR,20191111,175.35,189.85,175.35,179.15,3121
HMVL,20191111,78.2,81.8,78.2,80.05,4947
HNDFDS,20191111,639.95,655,610.25,640.2,3722
HNGSNGBEES,20191111,3555,3602.02,3261,3337.55,71
HONAUT,20191111,27805,27985.3,27707.05,27761.85,779
HONDAPOWER,20191111,1320,1330,1279.25,1324.55,15748
HOTELEELA,20191111,7.7,7.7,7.25,7.4,201692
HOTELRUGBY,20191111,1.15,1.15,1.15,1.15,1
HOVS,20191111,61,63.7,59.3,59.85,6713
HPL,20191111,46.85,46.85,44.15,44.5,34567
HSCL,20191111,72,74.1,71.8,72.1,312659
HSIL,20191111,50,50.05,48.05,48.45,297412
HTMEDIA,20191111,16.3,16.8,15.8,16.6,349122
HUBTOWN,20191111,15.45,15.5,14.05,14.25,26138
HUDCO,20191111,40.75,42.2,39.8,41.8,1763960
IBMFNIFTY,20191111,127.99,127.99,117.25,124.08,910
IBREALEST,20191111,75.8,76.65,70.05,75.95,5307876
IBULHSGFIN,20191111,243,255.6,236.35,238.55,59535881
IBULISL,20191111,89.05,89.05,89.05,89.05,20969
IBVENTURES,20191111,139.8,141.65,136,141.65,1025276
ICICI500,20191111,156.75,157.36,156.03,157.23,1119
ICICIB22,20191111,35.55,35.79,35.35,35.67,366297
ICICIBANK,20191111,488,499,484.6,496.8,24766065
ICICIBANKN,20191111,315,315,307.75,312.03,99596
ICICIBANKP,20191111,171,173,170.19,172.48,2046
ICICIGI,20191111,1320,1348,1320,1338.8,523849
ICICIGOLD,20191111,34.05,34.5,34.05,34.35,12788
ICICILIQ,20191111,1000,1000,999.99,999.99,32759
ICICILOVOL,20191111,95,95,91.3,92.84,702
ICICIMCAP,20191111,64,65.06,64,64.86,5850
ICICINF100,20191111,129.5,129.5,128.5,128.75,2022
ICICINIFTY,20191111,125.8,125.8,124.01,125.31,591267
ICICINV20,20191111,58.4,58.4,56.76,57.02,3264
ICICINXT50,20191111,28.2,29.19,27.95,28.69,18723
ICICIPRULI,20191111,520,527,519.3,524.95,1891144
ICICISENSX,20191111,429,431.17,427.07,429.1,531
ICIL,20191111,58.95,61.4,53.6,57.25,758356
ICRA,20191111,2700.05,2744.85,2700,2712.7,127
IDBI,20191111,33.95,34.45,33.15,33.4,3836081
IDBIGOLD,20191111,3504.95,3505,3487.05,3487.2,119
IDEA,20191111,3.8,4.05,3.75,4,106625599
IDFC,20191111,33.35,34.3,33.3,33.65,1315020
IDFCFIRSTB,20191111,42.3,42.85,42,42.55,7469139
IDFNIFTYET,20191111,122.8,122.8,116.15,120.35,5
IEX,20191111,144.95,144.95,140.15,143.85,116664
IFBAGRO,20191111,415.6,426.05,415.6,419.25,5491
IFBIND,20191111,726.1,751.9,726.1,735.25,12898
IFCI,20191111,7.8,8.05,7.7,8,963697
IFGLEXPOR,20191111,150.7,153.25,148,150.85,584
IGARASHI,20191111,238.45,245,228.95,235,70209
IGL,20191111,420.75,429.3,418.45,426.85,5279638
IGPL,20191111,153.25,154.5,146,147.45,22568
IIFL,20191111,138.8,141.8,134.05,135.5,152187
IIFLSEC,20191111,26,26.95,25.55,25.95,167390
IIFLWAM,20191111,1243.9,1280,1227.6,1259.3,5757
IITL,20191111,63,65.95,63,65.95,40052
IMFA,20191111,203,203,192.65,196.55,8366
IMPAL,20191111,619,629.95,608.55,623,4335
IMPEXFERRO,20191111,0.35,0.35,0.3,0.3,2690
INDBANK,20191111,7.7,7.95,7.55,7.6,23621
INDHOTEL,20191111,149,150.5,144.6,146.55,703499
INDIACEM,20191111,85.75,86.8,83,84.35,1983806
INDIAGLYCO,20191111,230,232.45,225.7,227.9,54721
INDIAMART,20191111,1755,1989.8,1753,1947.05,223031
INDIANB,20191111,123.4,124.9,121.1,121.9,1096810
INDIANCARD,20191111,106,106.45,106,106.45,1384
INDIANHUME,20191111,248,254.15,241.6,243.4,30218
INDIGO,20191111,1524,1524.8,1470.1,1481.35,1565295
INDLMETER,20191111,23.45,23.45,22.85,23.4,22604
INDNIPPON,20191111,349.85,349.85,330,334.45,3330
INDOCO,20191111,149.7,150.7,146.7,147.15,11612
INDORAMA,20191111,26.2,26.85,25.75,25.95,25398
INDOSTAR,20191111,195.75,195.75,182.6,186.8,58994
INDOTECH,20191111,90.05,96.95,87,88.65,2423
INDOTHAI,20191111,23.9,24.15,23.2,24.05,5029
INDOWIND,20191111,3.45,3.45,3.1,3.2,33429
INDRAMEDCO,20191111,40.8,42.8,40.55,42.05,159707
INDSWFTLAB,20191111,29.7,30.4,28.6,29.05,20326
INDSWFTLTD,20191111,3.85,3.95,3.75,3.95,1272
INDTERRAIN,20191111,74.05,75,71.15,72.5,9476
INDUSINDBK,20191111,1416,1454.9,1407.4,1445.05,3521409
INEOSSTYRO,20191111,658.9,679,658.05,669.5,2964
INFIBEAM,20191111,46.05,46.55,45.15,45.55,719764
INFOBEAN,20191111,70.5,70.5,67.1,67.25,3406
INFRABEES,20191111,337.46,338.35,335.53,336.88,159
INFRATEL,20191111,218.3,222,213.5,220.55,7179974
INFY,20191111,698.9,707.2,698,704.4,6951494
INGERRAND,20191111,614.3,622,612.05,615.75,7772
INOXLEISUR,20191111,364,369.8,363.05,365.35,93364
INOXWIND,20191111,33,34.75,32.05,33.35,176926
INSECTICID,20191111,551,561,547.2,558.7,1996
INSPIRISYS,20191111,43.65,44.95,42.05,43.8,2471
INTEGRA,20191111,0.2,0.2,0.2,0.2,25
INTELLECT,20191111,148,152.2,147.8,150.1,166610
INTENTECH,20191111,30.9,31.95,30.1,30.35,3795
INVENTURE,20191111,13.9,13.9,13.6,13.7,22295
IOB,20191111,10.05,10.3,10.05,10.15,638324
IOC,20191111,134.3,135.95,133.7,135.6,6224647
IOLCP,20191111,202,211.9,201.2,210.4,640804
IPAPPM,20191111,310.05,317.65,305.85,309.1,8954
IPCALAB,20191111,1065,1119,1055,1095.6,381381
IRB,20191111,71.75,74.4,71,73.5,758230
IRCON,20191111,438.5,456.7,429,435.75,324211
IRCTC,20191111,886,943.35,884,932.9,5501875
ISEC,20191111,295,300.8,294,298.6,111160
ISFT,20191111,90.05,97.95,90.05,91.45,4731
ISMTLTD,20191111,4.05,4.25,3.75,4.2,44674
ITC,20191111,260.6,262.35,258.8,259.45,7245151
ITDC,20191111,382.1,386,375.8,380.8,170976
ITDCEM,20191111,58,60.9,56,56.15,314777
ITI,20191111,85.6,92.1,85.35,91.45,2135108
IVC,20191111,3.95,3.95,3.6,3.75,122191
IVP,20191111,61.1,61.1,59,59,843
IVZINGOLD,20191111,3495,3515,3428,3515,20
IVZINNIFTY,20191111,1283.35,1283.35,1283.35,1283.35,2
IZMO,20191111,34,34,31.65,32.35,2188
J&KBANK,20191111,31.5,31.8,31,31.55,351617
JAGRAN,20191111,55.1,55.1,53.2,54.05,154148
JAGSNPHARM,20191111,27,27.8,26.4,27.25,2816
JAIBALAJI,20191111,19.5,21.7,19.5,21,6824
JAICORPLTD,20191111,99.1,102,98.05,99.15,1427106
JAINSTUDIO,20191111,1.8,1.8,1.75,1.8,121
JAMNAAUTO,20191111,43.55,45,43.55,44.6,699993
JASH,20191111,125,144.45,125,134.85,9974
JAYAGROGN,20191111,132.3,136.55,130.35,134,3570
JAYBARMARU,20191111,212.7,220,210.3,216.4,232656
JAYNECOIND,20191111,4,4,3.85,3.85,40030
JAYSREETEA,20191111,48.4,50.8,48.4,50.15,46842
JBCHEPHARM,20191111,387.95,400,387,396.8,67210
JBFIND,20191111,7.25,7.25,6.95,7.05,211287
JBMA,20191111,224.1,230,222.25,226.5,56347
JCHAC,20191111,1990,1990.05,1934,1966.15,2451
JHS,20191111,17.3,18,17.15,17.5,23690
JIKIND,20191111,0.35,0.35,0.35,0.35,11525
JINDALPHOT,20191111,14,14,13.3,13.35,2161
JINDALPOLY,20191111,222.3,226.6,222.3,223.95,8333
JINDALSAW,20191111,85.6,86.45,83.5,84.05,456446
JINDALSTEL,20191111,145.3,151.85,144.2,150.75,28595171
JINDCOT,20191111,1.6,1.65,1.6,1.65,713
JINDRILL,20191111,84.75,84.75,81.05,81.7,8587
JINDWORLD,20191111,59.9,59.9,58.3,58.6,119221
JISLDVREQS,20191111,11.65,11.65,10.75,11.3,29741
JISLJALEQS,20191111,15,15.4,14.25,14.55,983087
JITFINFRA,20191111,6.3,6.9,6.3,6.75,5527
JIYAECO,20191111,39.8,39.8,33.6,38.7,79212
JKCEMENT,20191111,1170,1174.9,1125.15,1160.45,117034
JKIL,20191111,156,159.1,152.5,153.55,141465
JKLAKSHMI,20191111,306.25,311,304.5,309.2,66945
JKPAPER,20191111,116.95,120.4,116.4,117.8,666858
JKTYRE,20191111,70.5,70.5,68.65,68.85,435797
JMA,20191111,25.5,25.5,23,25.4,485
JMCPROJECT,20191111,113.75,115.4,112.4,113.05,34087
JMFINANCIL,20191111,88.5,91.5,86.15,90.7,404110
JMTAUTOLTD,20191111,1.45,1.45,1.45,1.45,10352
JOCIL,20191111,106.9,106.9,101.1,105.45,4846
JPASSOCIAT,20191111,2.15,2.2,2.1,2.15,4966639
JPINFRATEC,20191111,1.45,1.45,1.35,1.35,2809056
JPOLYINVST,20191111,10.6,11.7,10.6,10.7,2425
JPPOWER,20191111,1.1,1.15,1.1,1.15,1851335
JSL,20191111,35.3,37.85,35.1,37.4,480494
JSLHISAR,20191111,68.1,70.1,68.1,69.85,56830
JSWENERGY,20191111,76.7,76.9,73.55,74.05,623751
JSWHL,20191111,2574.95,2587.1,2551,2572.45,672
JSWSTEEL,20191111,249.1,253.25,248.05,251.9,5599046
JTEKTINDIA,20191111,86.05,87.55,84.95,86.05,36972
JUBILANT,20191111,536,544,532.8,538,89727
JUBLFOOD,20191111,1607,1638,1594.05,1633.1,555753
JUBLINDS,20191111,107.9,108,101.35,101.5,21404
JUMPNET,20191111,72.15,73.45,71.6,72.05,1078512
JUNIORBEES,20191111,296,296,292.89,295.62,97714
JUSTDIAL,20191111,556.4,561.75,548.5,552,1348223
JYOTHYLAB,20191111,169,180.05,169,175.65,394836
KABRAEXTRU,20191111,73.45,73.45,67.35,68.8,5427
KAJARIACER,20191111,531.75,534,527.4,531.35,318643
KAKATCEM,20191111,155.8,157.35,154.05,154.3,6352
KALPATPOWR,20191111,452,456.95,451.5,454.55,272414
KALYANIFRG,20191111,165.1,171,165.1,166,77
KAMATHOTEL,20191111,36.5,37.35,35.85,36.7,20629
KAMDHENU,20191111,109.75,109.75,105.6,107.4,2358
KANANIIND,20191111,2.75,3,2.65,2.65,2442
KANORICHEM,20191111,43.85,43.9,41.65,42.95,13643
KANSAINER,20191111,528.5,549.95,524,543,113741
KARDA,20191111,156.6,160.35,155.15,158.5,30450
KARMAENG,20191111,8.4,9.8,8.4,9,2317
KARURVYSYA,20191111,60.95,61.05,58.85,59.65,561272
KAUSHALYA,20191111,0.55,0.55,0.5,0.55,4454
KAVVERITEL,20191111,2.45,2.45,2.45,2.45,698
KAYA,20191111,399,411.3,399,400.55,3764
KCP,20191111,65.85,67.5,63.6,67.25,47586
KCPSUGIND,20191111,14,14.7,13.8,14.3,390449
KDDL,20191111,359.35,359.35,316.75,324.85,1960
KEC,20191111,271.85,278.85,270.3,274.2,551004
KECL,20191111,12,12,11.6,11.6,15233
KEI,20191111,573.85,580,546.5,551.35,312746
KELLTONTEC,20191111,17.75,17.75,16.75,16.95,56140
KENNAMET,20191111,1060,1087,1045,1075,6499
KERNEX,20191111,22.2,23.3,21.15,21.8,21624
KESARENT,20191111,32.85,32.85,32.85,32.85,619
KESORAMIND,20191111,66,67.5,61.5,62.95,911659
KGL,20191111,0.4,0.4,0.4,0.4,925429
KHADIM,20191111,231.8,231.8,221.75,223.95,72454
KHANDSE,20191111,13.95,13.95,13.55,13.95,5050
KICL,20191111,1580.05,1610.05,1580.05,1595.05,248
KILITCH,20191111,132.25,139.9,127.2,131.8,13841
KINGFA,20191111,667,680,635.15,647.55,2594
KIOCL,20191111,133.95,136.9,127.1,131.2,67721
KIRIINDUS,20191111,402,415.1,402,403.5,104050
KIRLOSBROS,20191111,147.35,149.7,145.45,146.55,5142
KIRLOSENG,20191111,168.2,174.8,166.15,172.2,11170
KIRLOSIND,20191111,632.05,653.8,632.05,639.9,545
KITEX,20191111,94.5,109.85,94,104.25,1333956
KKCL,20191111,998.5,1000,985,994,250
KMSUGAR,20191111,7,7.05,6.55,6.9,274528
KNRCON,20191111,239.05,241.35,235,235.7,28614
KOHINOOR,20191111,11.95,11.95,11.15,11.95,33918
KOKUYOCMLN,20191111,76.7,77.55,72.2,73.25,27761
KOLTEPATIL,20191111,270.1,274.95,254.6,268.55,436785
KOPRAN,20191111,29.65,29.65,28.3,28.85,24283
KOTAKBANK,20191111,1594.9,1619.4,1592,1616.9,2923574
KOTAKBKETF,20191111,314.85,318.36,313.5,317.61,134252
KOTAKGOLD,20191111,335.05,336.85,334.05,335.4,16331
KOTAKNIFTY,20191111,123.11,123.72,122.47,123.19,41667
KOTAKNV20,20191111,65,65,58.3,58.44,4618
KOTAKPSUBK,20191111,240,245,239,243.32,1729
KOTARISUG,20191111,10.25,11,10.2,10.9,55039
KOTHARIPET,20191111,16.7,16.9,16.45,16.8,12844
KOTHARIPRO,20191111,62,63.1,62,62.85,2641
KPITTECH,20191111,90.05,91.6,89.15,90.45,175102
KPRMILL,20191111,646.55,659.15,646,652.4,12434
KRBL,20191111,206.5,212.2,206.1,206.65,55677
KRIDHANINF,20191111,5.25,5.3,4.8,5.3,50760
KSB,20191111,704,718.95,704,707.05,3591
KSCL,20191111,538,539.8,530,534.05,49705
KSERASERA,20191111,0.05,0.1,0.05,0.1,347819
KSK,20191111,0.75,0.75,0.7,0.7,954015
KSL,20191111,223.15,223.15,214.85,217.1,44753
KTIL,20191111,33,34.4,31.5,31.95,4358
KTKBANK,20191111,78.1,78.2,76.55,77.05,549653
KUANTUM,20191111,421,449.95,421,437,335
KWALITY,20191111,3.3,3.3,3.3,3.3,101706
L&TFH,20191111,99.45,100.95,98.2,98.95,7549591
LAKSHVILAS,20191111,19.5,21.45,19.45,19.6,17064638
LALPATHLAB,20191111,1485,1507.75,1470,1482.2,307123
LAMBODHARA,20191111,30.7,33,30.6,32.4,10675
LAOPALA,20191111,168,168.55,153,157.15,95063
LASA,20191111,18.75,18.75,17.4,17.85,72679
LAURUSLABS,20191111,363.15,373.1,363.15,369.95,64650
LAXMIMACH,20191111,3515,3515,3385.1,3391.15,3793
LEMONTREE,20191111,59.85,59.85,57.5,57.9,205240
LFIC,20191111,53.5,53.5,50.1,50.1,136
LGBBROSLTD,20191111,290.1,295.65,281.45,284.55,3203
LGBFORGE,20191111,2.35,2.5,2.3,2.4,13664
LIBAS,20191111,53,53,53,53,5
LIBERTSHOE,20191111,128.7,140.7,128.35,138.65,1390157
LICHSGFIN,20191111,437.55,444.8,436.3,441.35,1495940
LICNETFGSC,20191111,21.49,21.49,20.51,20.7,1775
LICNETFN50,20191111,124.95,125.5,121.3,125.22,115
LICNETFSEN,20191111,479,479,470,478.7,13
LICNFNHGP,20191111,126.9,126.9,122.7,123.45,2728
LINCOLN,20191111,162.65,181,161.05,176.1,143194
LINCPEN,20191111,205.5,213.5,195.05,195.5,5288
LINDEINDIA,20191111,542,577.9,532.55,564.95,60848
LIQUIDBEES,20191111,1000,1000.01,999.73,1000,575796
LIQUIDETF,20191111,999.99,1000.01,999.99,1000.01,10592
LOKESHMACH,20191111,35.1,35.75,35.05,35.35,3293
LOTUSEYE,20191111,20.1,22,20.05,21.45,4330
LOVABLE,20191111,69.5,69.5,67.55,68.75,11384
LPDC,20191111,1.75,1.8,1.75,1.8,795
LSIL,20191111,0.45,0.55,0.45,0.55,2088260
LT,20191111,1419.2,1430.75,1408.05,1417,2097492
LTI,20191111,1651,1655.95,1624.25,1629.4,33319
LTTS,20191111,1455.1,1469,1441.05,1447.75,43105
LUMAXIND,20191111,1226.35,1257,1205.15,1244.15,1489
LUMAXTECH,20191111,100.75,100.75,98.1,99.05,10403
LUPIN,20191111,723,739.85,721.05,735.75,1502173
LUXIND,20191111,1190,1229,1182.8,1210.8,53225
LYKALABS,20191111,16.1,17.6,16.05,17.55,67555
LYPSAGEMS,20191111,4.15,4.8,4.15,4.45,7294
M&M,20191111,581.7,586.95,570,575,3492576
M&MFIN,20191111,328.9,335.25,327.25,333.15,502485
M100,20191111,17.64,17.64,17.51,17.58,9783
M50,20191111,117.5,117.5,115.8,116.9,176
MAANALU,20191111,63,66,62,62.5,2339
MADHAV,20191111,23.95,25.5,23.25,23.35,2950
MADHUCON,20191111,4.75,4.95,4.6,4.95,76736
MADRASFERT,20191111,19.95,20.25,19.55,20.05,94721
MAGADSUGAR,20191111,113.4,113.4,106,106.65,25536
MAGMA,20191111,47.45,51.35,45,47.7,297308
MAGNUM,20191111,3.75,3.75,3.6,3.6,1123
MAHABANK,20191111,11.65,11.75,11.05,11.55,319435
MAHAPEXLTD,20191111,82.05,84,82,84,1242
MAHASTEEL,20191111,155.05,157.95,152.3,155.4,4510
MAHESHWARI,20191111,247.4,247.4,237.6,242.6,40102
MAHINDCIE,20191111,148.3,150.75,147.1,149.55,101233
MAHLIFE,20191111,376,384.1,374.35,381.15,20085
MAHLOG,20191111,395,400,387.55,396.95,19066
MAHSCOOTER,20191111,4930,4949,4770,4794.8,18449
MAHSEAMLES,20191111,368.5,370.9,360,368.1,2597
MAITHANALL,20191111,446,456,438,440.15,21678
MAJESCO,20191111,425,425,411,412.35,113634
MALUPAPER,20191111,22.25,23.9,22.25,23.6,21363
MAN50ETF,20191111,120.2,120.9,120.2,120.25,76
MANAKALUCO,20191111,5.35,5.35,4.6,4.95,8822
MANAKCOAT,20191111,4.05,4.05,3.8,4.05,1479
MANAKSIA,20191111,38.95,40.8,38.45,38.85,23682
MANAKSTEEL,20191111,10.9,10.9,10.05,10.7,4242
MANALIPETC,20191111,18,18.45,17.8,18.05,121095
MANAPPURAM,20191111,165.75,167.75,165.1,167.05,1464582
MANGALAM,20191111,30.05,32.85,30,32.85,7185
MANGCHEFER,20191111,29.4,29.4,28.8,29.15,12910
MANGLMCEM,20191111,317,317,290.6,292.05,35613
MANGTIMBER,20191111,5.3,5.45,5.05,5.35,1154
MANINDS,20191111,43,44.2,43,43.7,35763
MANINFRA,20191111,26.7,26.7,22.5,24.4,309809
MANUGRAPH,20191111,14.75,15.9,14.7,14.7,3418
MARALOVER,20191111,20.35,20.4,18.65,18.65,7262
MARATHON,20191111,80.05,81.45,77.2,78,6282
MARICO,20191111,370.9,375,366.95,371.3,1330587
MARKSANS,20191111,14.65,16.1,14.45,15.2,1687522
MARUTI,20191111,7160,7237.45,7074,7137.3,864507
MASFIN,20191111,727.95,735,706.05,723.45,60896
MASTEK,20191111,324.2,336.85,321.5,326.85,69922
MATRIMONY,20191111,506.15,507.35,495,497.2,3664
MAWANASUG,20191111,35.4,35.4,34.3,34.9,113235
MAXINDIA,20191111,77,77,73.6,74.4,190956
MAXVIL,20191111,39.5,39.5,36.8,37.65,217874
MAYURUNIQ,20191111,227,227.35,220.5,222.85,298448
MAZDA,20191111,356,363.95,355.15,355.9,2597
MBAPL,20191111,71,71,70,70,250
MBECL,20191111,4.1,4.45,4.1,4.45,3808
MBLINFRA,20191111,5.5,5.5,5.1,5.1,50139
MCDHOLDING,20191111,18.3,18.4,17.7,17.95,13996
MCDOWELL-N,20191111,632,638.7,623.35,627,656830
MCLEODRUSS,20191111,6.95,7.35,6.95,7.35,566848
MCX,20191111,1110,1139.7,1092.55,1132.35,387229
MEGASOFT,20191111,6.5,7.15,6.5,6.95,3507
MEGH,20191111,59,59.5,56.65,57,1593001
MELSTAR,20191111,0.8,0.8,0.8,0.8,200
MENONBE,20191111,57.25,63,55.1,57,18204
MEP,20191111,32.1,35.85,32,35.35,414964
MERCATOR,20191111,1.3,1.3,1.2,1.3,609860
METALFORGE,20191111,10.2,10.2,9.3,9.9,52753
METROPOLIS,20191111,1385,1423.3,1384.5,1399.05,34788
MFSL,20191111,484.7,489.85,467.8,469.55,1508727
MGL,20191111,972,982,958.75,969.4,777333
MHRIL,20191111,232.95,234.9,226.75,228.25,17240
MIC,20191111,0.75,0.8,0.75,0.75,41245
MIDHANI,20191111,173.95,178.7,168,169.75,1048572
MINDACORP,20191111,95.2,96.3,92,92.6,94853
MINDAIND,20191111,344.95,344.95,331.25,335.05,209269
MINDTECK,20191111,35.45,35.6,34.2,35.05,3512
MINDTREE,20191111,693.55,695.95,683.05,689.6,387746
MIRCELECTR,20191111,8.25,8.4,8.15,8.2,75945
MIRZAINT,20191111,61.65,63.7,61,62.1,647265
MMFL,20191111,385.2,409.85,375.5,404.6,8511
MMTC,20191111,19.8,19.8,19.15,19.55,1777699
MODIRUBBER,20191111,41,41,41,41,2
MOHITIND,20191111,5.1,5.4,5.1,5.4,894
MOHOTAIND,20191111,9.3,9.3,8.5,8.5,18860
MOIL,20191111,145.5,147.8,145,145.85,256587
MOLDTECH,20191111,52.5,52.5,48.15,49.5,10367
MOLDTKPAC,20191111,291.5,298.7,285.3,287.4,32844
MONTECARLO,20191111,234,242.8,232,238.85,11434
MORARJEE,20191111,13.7,14.45,12.55,13.5,838
MOREPENLAB,20191111,17,17.4,16.95,17.25,427478
MOTHERSUMI,20191111,128.3,135.5,127,134.2,21503864
MOTILALOFS,20191111,675,690.4,669.95,672.6,74420
MOTOGENFIN,20191111,36.5,36.5,33.55,35.6,104
MPHASIS,20191111,874.2,894,874.2,890.85,81044
MPSLTD,20191111,529,529,510,510.05,13603
MRF,20191111,64001,64100,62950,63085.2,7175
MRO-TEK,20191111,28.25,28.3,28.25,28.3,261
MRPL,20191111,49,49.05,48,48.25,420340
MSPL,20191111,5.95,6.4,5.95,6.4,5478
MSTCLTD,20191111,150.05,156.5,140,154.05,1158891
MTEDUCARE,20191111,21.3,22.35,20.25,20.4,64057
MTNL,20191111,10.65,10.65,10.65,10.65,183695
MUKANDENGG,20191111,12.35,12.35,11.5,11.65,1548
MUKANDLTD,20191111,33,34.3,33,33.4,14967
MUKTAARTS,20191111,40.95,42,40.05,41.8,19272
MUNJALAU,20191111,45.5,46.75,45.05,45.55,81969
MUNJALSHOW,20191111,138,138,131,133.3,5219
MURUDCERA,20191111,16.35,16.55,15.7,16.1,13906
MUTHOOTCAP,20191111,453.7,460,445.15,451.85,5157
MUTHOOTFIN,20191111,674.65,680.05,667.9,669.3,237653
MVL,20191111,0.05,0.1,0.05,0.1,358471
N100,20191111,580.6,631.8,568,578.1,27318
NACLIND,20191111,27.2,27.95,26.8,26.95,78818
NAGAFERT,20191111,4.1,4.1,4.1,4.1,52748
NAGAROIL,20191111,0.3,0.3,0.25,0.3,1272202
NAGREEKCAP,20191111,7,7,6.75,7,1566
NAGREEKEXP,20191111,15,15.45,14.5,14.65,3151
NAHARCAP,20191111,71.9,73.45,71.05,72.65,1783
NAHARINDUS,20191111,27.9,28,26.35,27.45,4357
NAHARPOLY,20191111,35.4,36.9,34.8,35,7009
NAHARSPING,20191111,50.15,51.8,50.1,50.5,7909
NATCOPHARM,20191111,573.2,585.95,571.85,578.6,60664
NATHBIOGEN,20191111,354.45,367,352.55,358.8,12571
NATIONALUM,20191111,46.75,46.75,45.6,46,3386892
NATNLSTEEL,20191111,1.95,2,1.95,2,213
NAUKRI,20191111,2521,2639.1,2516,2563.5,586456
NAVINFLUOR,20191111,864.95,884.9,860,871.6,100681
NAVKARCORP,20191111,34.75,35.8,33.9,34.5,126130
NAVNETEDUL,20191111,99,99.75,98.25,99.3,15132
NBCC,20191111,40.8,41.35,39.85,40.9,12879667
NBIFIN,20191111,1500,1551,1390,1417.4,362
NBVENTURES,20191111,70.6,71.9,69.5,70.4,40475
NCC,20191111,58.4,59,56.3,57.7,20390711
NCLIND,20191111,90.9,91.5,88.5,89.6,92877
NDGL,20191111,569,569,569,569,10
NDL,20191111,35,35.05,33.5,33.55,9963
NDTV,20191111,32.2,32.45,31.4,32.4,21421
NECCLTD,20191111,4.6,5.5,4.6,5.3,56298
NECLIFE,20191111,13.8,14.85,13.8,14.6,107145
NELCAST,20191111,41.05,42.1,40.8,41.15,25346
NELCO,20191111,240,243.5,237.7,241.85,36479
NEOGEN,20191111,377,404.5,377,392.4,57658
NESCO,20191111,564.15,616,559,603.15,302774
NESTLEIND,20191111,14490,14599.9,14051.1,14108.45,145341
NETF,20191111,120.98,120.98,120.13,120.83,31
NETFCONSUM,20191111,55.8,55.8,53.51,53.85,1121
NETFDIVOPP,20191111,30.5,31,28.01,30.08,742
NETFLTGILT,20191111,21.37,21.37,20.01,20.05,17989
NETFMID150,20191111,62.03,62.21,61.5,61.7,502324
NETFNIF100,20191111,124.59,124.59,123.41,123.41,13
NETFNV20,20191111,581.72,585.8,558,579.23,10740
NETWORK18,20191111,23.35,23.65,23.15,23.35,51580
NEULANDLAB,20191111,502,506,498.1,504.55,46129
NEWGEN,20191111,202,203.95,196,197.75,14296
NEXTMEDIA,20191111,10.95,10.95,10.15,10.5,10973
NFL,20191111,27.1,27.2,26.65,26.8,313824
NH,20191111,287.2,305.95,281,289.05,1093564
NHPC,20191111,23.35,23.55,23.25,23.35,1701234
NIACL,20191111,146,152.3,144.2,151.85,415935
NIBL,20191111,7,7.65,7,7.65,762
NIFTYBEES,20191111,1262,1266,1255,1264.91,44586
NIFTYEES,20191111,15550,15550,15050,15060,12
NIITLTD,20191111,100,101.8,99,101,250620
NIITTECH,20191111,1530,1594.75,1530,1572.65,231176
NILAINFRA,20191111,5.4,6.1,5.4,5.9,1797192
NILASPACES,20191111,1.3,1.35,1.25,1.35,146174
NILKAMAL,20191111,1245,1245.05,1221.6,1231.8,6024
NIPPOBATRY,20191111,448.95,455.65,436,443,666
NITCO,20191111,22.6,23.35,22.6,23.1,49631
NITINSPIN,20191111,55,55,52.45,52.8,40296
NKIND,20191111,22.5,24.75,22.5,24.65,462
NLCINDIA,20191111,55.1,56.7,55.1,55.85,856451
NMDC,20191111,104.3,106.4,103,103.65,8443856
NOCIL,20191111,108.45,108.85,105.25,105.95,475761
NOIDATOLL,20191111,4.15,4.3,4.05,4.1,25391
NPBET,20191111,172.21,173.78,172.2,173.78,272
NRAIL,20191111,228,228,217,218.95,7884
NRBBEARING,20191111,105.8,109,101.4,102.75,48590
NSIL,20191111,898.9,898.9,820.05,843.8,289
NTL,20191111,0.35,0.4,0.3,0.3,3181
NTPC,20191111,118.95,121.75,117.75,118.25,22943443
NUCLEUS,20191111,308.45,308.45,301,304.15,9956
NXTDIGITAL,20191111,334.95,336,327.2,333.35,494
OAL,20191111,201,205,195.1,198.65,4391
OBEROIRLTY,20191111,511,529.65,510.9,522.95,276078
OCCL,20191111,1012,1012,988,989.5,4867
OFSS,20191111,3126.1,3187.8,3101.5,3119,10710
OIL,20191111,165,165,161.8,164.4,648617
OILCOUNTUB,20191111,6.5,6.5,6.15,6.35,14756
OISL,20191111,4.35,4.65,4.35,4.4,3671
OLECTRA,20191111,195.8,196.6,188.5,191.3,44392
OMAXAUTO,20191111,47.8,49.4,44.65,46.4,14574
OMAXE,20191111,186.8,187.8,184.65,184.85,178432
OMKARCHEM,20191111,5.3,5.35,4.85,4.9,15604
OMMETALS,20191111,24.95,29.7,24.95,26.95,347560
ONELIFECAP,20191111,6.9,6.9,6.9,6.9,124
ONEPOINT,20191111,13.65,14.4,11.75,12.05,10713
ONGC,20191111,138.4,139.75,136.65,139.1,7032172
ONMOBILE,20191111,38.55,38.55,35.4,35.75,73960
ONWARDTEC,20191111,66.15,69.5,65.5,66.9,14205
OPTIEMUS,20191111,39.85,39.85,39.85,39.85,3502
OPTOCIRCUI,20191111,4,4,3.9,3.95,173788
ORBTEXP,20191111,85,86.35,82.5,82.55,3494
ORICONENT,20191111,19.35,19.5,18.5,18.85,141045
ORIENTABRA,20191111,18.5,19,18.1,18.15,23606
ORIENTALTL,20191111,13.75,13.75,13,13,12428
ORIENTBANK,20191111,52.7,53,52.05,52.45,364991
ORIENTBELL,20191111,124.05,129.9,121.5,122.15,10510
ORIENTCEM,20191111,79,80.1,77.1,77.75,83043
ORIENTELEC,20191111,193.4,193.65,189.1,190.9,123546
ORIENTHOT,20191111,36,36.95,36,36,10716
ORIENTLTD,20191111,98,107.45,95.95,99,538
ORIENTPPR,20191111,26.5,27.45,26.5,26.75,214840
ORIENTREF,20191111,211.75,218.6,210,211.7,19639
ORISSAMINE,20191111,1449,1528.9,1431,1469.35,56711
ORTINLABSS,20191111,10,11,9.7,10.2,14852
OSWALAGRO,20191111,5.95,5.95,5.2,5.7,36626
PAEL,20191111,3.35,3.35,3.35,3.35,220
PAGEIND,20191111,24350,24399.65,23803.1,23992.75,26271
PAISALO,20191111,469,469,412.3,432.1,28817
PALASHSECU,20191111,30.5,32.5,29.1,29.65,35630
PALREDTEC,20191111,20.55,21.35,19.8,21.05,2690
PANACEABIO,20191111,136.1,137.9,136,136.25,18019
PANAMAPET,20191111,71.75,72.9,68.1,68.55,55618
PAPERPROD,20191111,254.9,254.9,248,248.55,8925
PARABDRUGS,20191111,1.4,1.4,1.4,1.4,5070
PARACABLES,20191111,8.85,9.2,8.85,8.9,85779
PARAGMILK,20191111,134.35,136,131.1,132.25,235607
PARSVNATH,20191111,2.35,2.4,2.25,2.3,287059
PATELENG,20191111,15.2,16.5,15.2,15.2,575912
PATINTLOG,20191111,22.05,22.15,21.3,21.45,5059
PATSPINLTD,20191111,6,6.3,5.4,6.15,1416
PCJEWELLER,20191111,35.35,36,33.25,34.1,8789378
PDMJEPAPER,20191111,16.45,16.45,15.6,15.7,30254
PDPL,20191111,2.45,2.45,2.45,2.45,44
PDSMFL,20191111,315,343.25,315,315.1,878
PEARLPOLY,20191111,10.05,10.4,9.95,10.4,10700
PEL,20191111,1750.05,1800,1736.2,1781.05,1186900
PENIND,20191111,27.75,28.8,27.45,27.85,125382
PENINLAND,20191111,5,5,4.7,4.85,216308
PERSISTENT,20191111,610.15,621,607.05,616.85,89285
PETRONENGG,20191111,6.55,6.55,6.55,6.55,11
PETRONET,20191111,282.6,284.45,281.8,283.05,792640
PFC,20191111,110.5,113.4,109.85,112.8,2823968
PFIZER,20191111,4000.05,4045,3952,3995.1,23726
PFOCUS,20191111,84.8,86.9,78.1,85,348201
PFS,20191111,13.15,13.2,12.85,12.9,362541
PGEL,20191111,39.35,42.3,39,41.15,80747
PGHH,20191111,11430,11450,11130,11207.9,2545
PGHL,20191111,4365,4443,4341.8,4370.05,15974
PGIL,20191111,181.8,190,180,187.95,9760
PHILIPCARB,20191111,120.5,124.25,120.5,122.25,466722
PHOENIXLTD,20191111,735,748,719,742.25,26223
PIDILITIND,20191111,1360,1361.05,1318,1321.1,540826
PIIND,20191111,1405.95,1417.7,1396.05,1414.3,117479
PILANIINVS,20191111,1844,1844,1770,1791.1,2631
PILITA,20191111,5.8,6,5.6,5.9,57396
PIONDIST,20191111,139.8,144,135,142.25,5591
PIONEEREMB,20191111,27.25,27.25,25.25,25.6,5388
PIRPHYTO,20191111,25,25,23.2,23.35,2198
PITTIENG,20191111,38.6,42.2,38.6,41.9,21287
PKTEA,20191111,136.9,136.9,131,132,197
PLASTIBLEN,20191111,177,180,173,175.85,2691
PNB,20191111,61.3,62.15,61.1,61.7,15124948
PNBGILTS,20191111,28.6,28.6,28.05,28.2,93524
PNBHOUSING,20191111,574,574,558.7,562.3,274411
PNC,20191111,14.8,14.8,14,14.7,1427
PNCINFRA,20191111,174.75,178.25,171.15,176.65,89629
PODDARHOUS,20191111,373,373,356,365,141
PODDARMENT,20191111,185,187.9,174.95,176.85,3263
POKARNA,20191111,169.4,175.65,167.95,170.65,56762
POLYCAB,20191111,891.15,894,875.05,881.45,280769
POLYMED,20191111,210,219,204,215.75,416692
POLYPLEX,20191111,490.2,506,490.2,495.3,44584
PONNIERODE,20191111,137,147.7,136.05,147.7,33888
POWERGRID,20191111,191.65,193.1,190.35,191.75,5675095
POWERMECH,20191111,704.9,714,683.5,701.3,12329
PPAP,20191111,175,179.85,173.05,176.1,6011
PPL,20191111,74.95,80.55,74.95,78.55,22224
PRABHAT,20191111,87.1,88.5,87.1,88.05,97640
PRADIP,20191111,0.55,0.6,0.5,0.5,592
PRAENG,20191111,7.95,8.1,7.05,8,19844
PRAJIND,20191111,110.5,114.2,110,111.55,912050
PRAKASH,20191111,50.55,52.95,49.3,50.75,621062
PRAKASHSTL,20191111,0.2,0.25,0.2,0.2,27999
PRAXIS,20191111,62.35,64.8,61.55,62.05,1478
PRECAM,20191111,30.1,31.45,29,31,23253
PRECOT,20191111,29,30,28.9,30,406
PRECWIRE,20191111,185.2,186,176.55,178.1,4198
PREMEXPLN,20191111,165.65,168.45,159.7,161.05,6441
PREMIER,20191111,2.05,2.05,2.05,2.05,3816
PREMIERPOL,20191111,18,19.65,17.1,18.25,348
PRESSMN,20191111,21,21,20.6,20.7,1481
PRESTIGE,20191111,310.95,312.1,302,306.9,68634
PRICOLLTD,20191111,34,34,32.8,33.15,37272
PRIMESECU,20191111,47.05,48.45,45.4,47.75,33212
PROSEED,20191111,0.35,0.35,0.25,0.3,54072
PROVOGE,20191111,0.75,0.75,0.75,0.75,25769
PROZONINTU,20191111,21.25,21.8,20.2,20.75,28559
PRSMJOHNSN,20191111,73,73.35,72.5,72.8,45205
PSB,20191111,19.85,19.95,19.15,19.4,85062
PSL,20191111,0.7,0.75,0.65,0.65,5180
PSPPROJECT,20191111,536.15,545.95,535.05,539,6608
PSUBNKBEES,20191111,268.11,271.77,268.11,271.05,4431
PTC,20191111,57.85,58.5,57.15,58.25,429228
PTL,20191111,37.15,37.15,36.1,36.35,16871
PUNJABCHEM,20191111,532,533.65,523,524.05,350
PURVA,20191111,65,65,62.15,62.65,95321
PVR,20191111,1759.5,1783,1748.85,1777,180158
QGOLDHALF,20191111,1670.8,1674,1667,1672.95,433
QNIFTY,20191111,1220,1220,1218.5,1218.5,4
QUESS,20191111,533,543.9,525,529.9,176610
QUICKHEAL,20191111,139,142.7,138,138.8,138600
QUINTEGRA,20191111,0.95,0.95,0.9,0.9,6100
RADICO,20191111,330,336.1,323,324.8,249161
RADIOCITY,20191111,29.7,30.15,28.95,30,166714
RAIN,20191111,104.5,105.4,102.5,104.05,635542
RAJESHEXPO,20191111,677.5,685.75,674.7,677.25,212680
RAJSREESUG,20191111,17.5,17.65,16.8,17.3,7782
RAJTV,20191111,43.5,44.4,41.15,42.1,4368
RALLIS,20191111,170,171,165,170.1,110037
RAMANEWS,20191111,15.65,15.75,15.15,15.35,3997
RAMASTEEL,20191111,47.05,49.5,46.1,46.4,1957
RAMCOCEM,20191111,795.7,802.95,790.95,795.9,943671
RAMCOIND,20191111,187.8,189.1,186.25,188,29280
RAMCOSYS,20191111,151.1,153,145.15,149.4,32912
RAMKY,20191111,48.3,48.3,44.5,46.15,49629
RANASUG,20191111,2.6,2.9,2.5,2.8,1054264
RANEENGINE,20191111,204.85,213.65,201.15,204.85,1690
RANEHOLDIN,20191111,878.5,887,866.4,879.4,2719
RATNAMANI,20191111,951,959.65,930,950.45,34876
RAYMOND,20191111,829,829,740.4,748.7,5087605
RBL,20191111,513,518.8,495.2,503.8,11357
RBLBANK,20191111,323.1,346.45,319.1,343.6,19685006
RCF,20191111,51.3,52.4,51,52,947441
RCOM,20191111,0.7,0.75,0.65,0.7,16265054
RECLTD,20191111,138.25,141.1,137.4,140.5,2690183
REDINGTON,20191111,113.8,117.45,113.2,116.1,70991
REFEX,20191111,51,51.9,49.45,51.9,102841
RELAXO,20191111,548.55,551.85,542,547.9,73380
RELCAPITAL,20191111,27,27,24.5,24.5,8222259
RELIANCE,20191111,1439.1,1444.25,1422.55,1427.8,5192423
RELIGARE,20191111,55.5,58.1,55.5,57.9,512068
RELINFRA,20191111,49.05,49.05,44.45,44.45,6459875
REMSONSIND,20191111,81,85.9,81,82.7,14380
RENUKA,20191111,9.2,9.7,8.9,9.65,13819372
REPCOHOME,20191111,302.1,302.2,294.35,296.45,21072
REPRO,20191111,648.85,649.95,617.55,621.8,7911
RESPONIND,20191111,91,92.95,90.6,91.65,126961
REVATHI,20191111,370,371,370,370,127
RGL,20191111,249,255,249,253.7,1762
RHFL,20191111,6.2,6.5,5.9,5.9,970719
RICOAUTO,20191111,46.85,47.5,45.7,46.5,214749
RIIL,20191111,314.4,323.75,310.1,313.95,337467
RITES,20191111,289,291.6,286.8,289.8,416019
RKDL,20191111,6.2,6.4,6,6,3096
RKFORGE,20191111,283.05,289.7,275.1,288.2,41405
RMCL,20191111,3.85,4,3.7,3.8,139784
RML,20191111,251,252,247.05,249.05,4622
RNAM,20191111,321,333.5,320.5,325.25,2651988
RNAVAL,20191111,4.65,4.65,4.65,4.65,595963
ROHITFERRO,20191111,0.75,0.75,0.7,0.75,18018
ROHLTD,20191111,77.25,78.75,76.2,77.9,9492
ROLLT,20191111,2,2.1,1.95,1.95,1022
ROLTA,20191111,5.45,5.65,5.4,5.4,224368
ROSSELLIND,20191111,65.55,65.6,56.95,61.55,3846
RPGLIFE,20191111,292,303,285.1,289.35,49108
RPOWER,20191111,5,5,4.6,4.6,31105742
RPPINFRA,20191111,95.95,95.95,88.05,90.15,10629
RSSOFTWARE,20191111,22.7,22.7,21.3,21.7,6922
RSWM,20191111,100,101.65,97,97.35,178543
RSYSTEMS,20191111,47.5,50.15,47.5,48.6,5956
RTNINFRA,20191111,1.65,1.65,1.65,1.65,33912
RTNPOWER,20191111,1.7,1.7,1.65,1.7,214678
RUBYMILLS,20191111,186,195.7,181,192,2519
RUCHINFRA,20191111,2.05,2.1,2,2.05,7516
RUCHIRA,20191111,80.95,83.35,80.95,82.05,35611
RUCHISOYA,20191111,3.7,3.7,3.45,3.5,2287395
RUPA,20191111,176.3,181.7,176,178,13081
RUSHIL,20191111,113.95,113.95,113.95,113.95,6500
RVNL,20191111,24,24.2,23.9,23.95,2364465
SABEVENTS,20191111,0.75,0.75,0.75,0.75,10
SABTN,20191111,1.55,1.6,1.55,1.6,4237
SADBHAV,20191111,125.2,127,120.7,123.3,116459
SADBHIN,20191111,41.7,41.95,39,40.5,6611
SAFARI,20191111,560,581,530.05,558.65,5948
SAGARDEEP,20191111,66,67,65.05,67,2626
SAGCEM,20191111,569.9,578,562,566.3,2121
SAIL,20191111,38.6,39.85,38.1,39.55,35349501
SAKAR,20191111,52,52,50.1,51.1,12632
SAKHTISUG,20191111,8.6,9.9,8.45,9.6,140320
SAKSOFT,20191111,240,247,240,243.1,4668
SAKUMA,20191111,7.15,7.15,7,7.05,70835
SALASAR,20191111,129.85,130.9,120.65,127.4,19720
SALONA,20191111,65.55,70,65,70,11
SALSTEEL,20191111,2.55,2.65,2.55,2.55,5601
SALZERELEC,20191111,127.45,128.05,120.25,120.65,14728
SAMBHAAV,20191111,4.1,4.1,3.6,3.9,39942
SANCO,20191111,16.05,16.2,15.6,15.85,52859
SANDESH,20191111,609,609,600,606.25,185
SANDHAR,20191111,240,243.15,239,239.9,3039
SANGAMIND,20191111,55.6,55.6,50.3,52.2,16761
SANGHIIND,20191111,41.95,44.4,41.9,42.3,813750
SANGHVIFOR,20191111,29.3,32,29.3,31.95,135
SANGHVIMOV,20191111,73.4,75.35,72.1,72.6,31586
SANGINITA,20191111,148.35,149.45,145.85,148.15,112732
SANOFI,20191111,6454.8,6649,6414.15,6613.25,7130
SANWARIA,20191111,2.35,2.35,2.2,2.35,12212527
SARDAEN,20191111,188,196,187,189.2,60658
SAREGAMA,20191111,416.55,422,395.1,401.8,46824
SARLAPOLY,20191111,24.05,25.9,23.55,24.15,164613
SASKEN,20191111,632.7,635.05,628.2,631.55,12227
SASTASUNDR,20191111,87.9,87.9,85,85.5,864
SATHAISPAT,20191111,3.2,3.2,3.05,3.1,112430
SATIA,20191111,83.25,85.85,76.2,81.3,69446
SATIN,20191111,236.7,243,230,233.1,26053
SBIETFQLTY,20191111,100,101.52,99.5,101.04,2016
SBILIFE,20191111,982,982,968.45,969.95,2078020
SBIN,20191111,314.7,319.65,313.1,318.25,20491942
SCAPDVR,20191111,0.4,0.45,0.4,0.45,2580
SCHAEFFLER,20191111,4303.15,4313.95,4247.2,4267.65,1210
SCHAND,20191111,73.65,77.7,71.7,76.4,110562
SCHNEIDER,20191111,69.2,71.7,68.4,69.25,62670
SCI,20191111,60.9,63.35,60.25,62.8,12025860
SDBL,20191111,118.65,118.65,111.4,116.5,11430
SEAMECLTD,20191111,430,462,413,423.05,8630
SELAN,20191111,159.5,166.95,157.9,160.1,134505
SELMCL,20191111,0.75,0.85,0.7,0.7,128254
SEPOWER,20191111,3.4,3.4,3.25,3.3,2065
SEQUENT,20191111,70.95,71.25,68.25,68.8,365928
SESHAPAPER,20191111,171.2,180.2,171.2,176,84087
SETCO,20191111,15.1,15.25,14.65,15.05,59707
SETF10GILT,20191111,183.25,183.25,183.25,183.25,25
SETFGOLD,20191111,3436,3450,3412,3432.65,820
SETFNIF50,20191111,123.66,123.71,121.88,122.32,451887
SETFNIFBK,20191111,315.4,360,308,313.16,73441
SETFNN50,20191111,292.35,294,290.14,291.06,103828
SETUINFRA,20191111,1.5,1.5,1.45,1.45,36506
SEYAIND,20191111,175.95,175.95,167.2,167.2,9592
SFL,20191111,1245.6,1274.8,1229.1,1238.75,5993
SGL,20191111,7.7,7.7,7.4,7.4,2553
SHAHALLOYS,20191111,9.2,9.2,8.55,8.85,1824
SHAKTIPUMP,20191111,251.9,253.5,241.1,244.25,45637
SHALBY,20191111,108.95,121.4,107.05,114.75,367565
SHALPAINTS,20191111,94,94,88.65,90.45,76114
SHANKARA,20191111,351,365,348,352.6,44830
SHANTIGEAR,20191111,100.2,103,100.2,101.45,3244
SHARDACROP,20191111,272.1,272.25,264.15,266.6,4094
SHARDAMOTR,20191111,1080.05,1100,1065.4,1092.35,515
SHARIABEES,20191111,257.9,257.9,254,254,29
SHEMAROO,20191111,178,178,169.95,170.6,8897
SHILPAMED,20191111,337.55,337.55,325.9,328.2,49401
SHIRPUR-G,20191111,6.2,6.4,5.8,6.4,120267
SHIVAMAUTO,20191111,26.2,30.6,26.2,29.45,1417284
SHIVAMILLS,20191111,33,33.9,31.4,33.65,1695
SHIVATEX,20191111,115,115,108.75,109.75,1310
SHK,20191111,126.5,126.5,122.4,122.95,11072
SHOPERSTOP,20191111,369,380,367.15,368.15,3555
SHREDIGCEM,20191111,21.15,21.25,20.65,20.9,189650
SHREECEM,20191111,19870,19967,19612.55,19784,9335
SHREEPUSHK,20191111,95.05,99.65,92.4,99.05,37941
SHREERAMA,20191111,4.05,4.1,3.9,3.9,4903
SHRENIK,20191111,55.25,55.25,52.15,52.15,26238
SHREYANIND,20191111,126.65,129.65,125.55,127.05,8116
SHREYAS,20191111,80,80.45,76.3,76.6,4587
SHRIPISTON,20191111,710,775,710,737.6,93
SHRIRAMCIT,20191111,1320.05,1337,1303,1326.7,3218
SHRIRAMEPC,20191111,7,7,6.65,6.7,208843
SHYAMCENT,20191111,3.05,3.15,2.95,3.05,1794
SICAGEN,20191111,16.95,18.55,16.95,18.25,3522
SICAL,20191111,21.9,21.9,21.9,21.9,55862
SIEMENS,20191111,1647,1684.8,1640,1675.2,587190
SIGIND,20191111,22.8,23,20.6,21.2,24023
SIL,20191111,10.75,11.7,10.75,11.7,160
SILINV,20191111,156.2,164.3,154.05,157.75,2479
SIMBHALS,20191111,6.8,6.95,6.6,6.95,5988
SIMPLEXINF,20191111,54.95,55,51.5,54.65,29665
SINTEX,20191111,0.7,0.7,0.7,0.7,2790300
SIRCA,20191111,179.45,183.95,179,182.35,15974
SIS,20191111,851,950,851,933.7,22725
SITINET,20191111,1.95,1.95,1.95,1.95,52944
SIYSIL,20191111,236.75,237.3,229.05,230.8,17179
SJVN,20191111,24.5,24.9,24.4,24.5,1730718
SKFINDIA,20191111,2142.05,2160,2127.7,2149.55,24886
SKIL,20191111,5.5,5.5,5.5,5.5,10500
SKIPPER,20191111,55.8,57.35,55.5,56.3,34270
SKMEGGPROD,20191111,42.8,42.95,41.05,41.25,18033
SMARTLINK,20191111,86.15,86.8,84,84.75,3204
SMLISUZU,20191111,551.05,556.95,533.15,539.6,11014
SMSLIFE,20191111,299.3,302.05,287.8,289.65,2628
SMSPHARMA,20191111,41.5,41.5,39.1,39.4,14329
SNOWMAN,20191111,37.7,38.45,37.05,37.8,157398
SOBHA,20191111,435,441.45,426,427.45,178801
SOLARA,20191111,415.45,425,413.7,417.95,8366
SOLARINDS,20191111,1050.9,1074.9,1035,1038.85,15343
SOMANYCERA,20191111,183.5,185.5,181.5,184.8,120700
SOMATEX,20191111,3.05,3.1,3.05,3.1,2
SOMICONVEY,20191111,13.75,13.75,12.7,13.35,649
SONATSOFTW,20191111,307.9,313,302.05,311.95,133220
SORILINFRA,20191111,126.9,128.1,122,128.1,14952
SOTL,20191111,920,943.95,910.5,919.7,433
SOUTHBANK,20191111,11,11.05,10.9,11,2069864
SOUTHWEST,20191111,16.65,18.65,16.65,17.4,22694
SPAL,20191111,223,235,222.9,231.55,7079
SPANDANA,20191111,1350,1393.85,1328,1360.3,110250
SPARC,20191111,154.9,161,154,158.65,993703
SPCENET,20191111,0.85,0.85,0.8,0.85,61906
SPECIALITY,20191111,73.6,77.25,70.8,71.85,845194
SPENCERS,20191111,72,72.9,70.55,71.2,77523
SPENTEX,20191111,0.35,0.35,0.3,0.35,49560
SPIC,20191111,20.15,20.65,20,20.15,33093
SPICEJET,20191111,112.9,116.25,112.15,115.2,678794
SPLIL,20191111,32.3,33.75,32.25,32.45,20503
SPMLINFRA,20191111,13.5,13.55,12.35,12.35,73506
SPTL,20191111,1.3,1.3,1.3,1.3,4478943
SPYL,20191111,0.25,0.3,0.25,0.25,56371
SREEL,20191111,170,173.15,168.9,171.35,3776
SREINFRA,20191111,9.2,9.7,9.05,9.3,881190
SRF,20191111,3135.3,3197.75,3129.4,3154.75,361518
SRHHYPOLTD,20191111,104.6,107.9,102.35,105.85,2610
SRIPIPES,20191111,174.9,175.5,171.55,172.9,43136
SRTRANSFIN,20191111,1114.7,1146.5,1112.2,1119.95,818559
SSWL,20191111,763.3,775.2,738.75,771.6,6134
STAMPEDE,20191111,0.7,0.7,0.65,0.7,47630
STAR,20191111,399,403.65,396.2,401.6,215734
STARCEMENT,20191111,95,95.85,94.2,94.9,16888
STARPAPER,20191111,104.3,108,103.8,104.55,65439
STCINDIA,20191111,62,63,58.15,59.05,23153
STEELCITY,20191111,32.85,32.85,31.15,31.75,2698
STEELXIND,20191111,11.3,11.8,11,11.3,48661
STEL,20191111,70.25,83,68,75.35,39336
STERTOOLS,20191111,180,198.85,175.2,194.35,38314
STRTECH,20191111,136.1,137.8,132.9,133.8,1297694
SUBEX,20191111,5.35,5.35,5.1,5.2,352845
SUBROS,20191111,242.95,247,233.25,241.4,60466
SUDARSCHEM,20191111,396.9,402.75,390.3,395.6,48095
SUJANAUNI,20191111,0.2,0.2,0.1,0.2,259644
SUMEETINDS,20191111,2.5,2.5,2.5,2.5,62726
SUMIT,20191111,20.4,21.5,17.15,20.1,11411
SUMMITSEC,20191111,441.8,462,441.8,457.7,1110
SUNCLAYLTD,20191111,2215,2244.95,2215,2230.15,932
SUNDARAM,20191111,1.4,1.45,1.35,1.4,310872
SUNDARMFIN,20191111,1575.2,1610,1568,1594.55,9867
SUNDARMHLD,20191111,67.5,68,67.1,67.6,14322
SUNDRMBRAK,20191111,237,245,237,237.85,2653
SUNDRMFAST,20191111,470.8,472.65,459.05,460.8,30784
SUNFLAG,20191111,27.55,28.25,27.55,27.85,38229
SUNPHARMA,20191111,415,423.3,407.1,421.45,10249882
SUNTECK,20191111,430.25,439.9,430,437.35,104253
SUNTV,20191111,507.8,531.85,505.4,529.15,1142981
SUPERHOUSE,20191111,92.4,93.5,90.2,90.3,3694
SUPERSPIN,20191111,4,4.65,4,4.45,48900
SUPPETRO,20191111,165.05,171.2,165.05,169.1,7532
SUPRAJIT,20191111,177.35,188.9,171,172.9,225240
SUPREMEIND,20191111,1143.5,1165,1143.5,1156.95,24798
SURANASOL,20191111,5.8,6.05,5.3,5.95,13567
SURANAT&P,20191111,3.5,3.65,3.35,3.55,11936
SURYALAXMI,20191111,17.3,18.95,17.3,18.15,5317
SURYAROSNI,20191111,173,174.9,168.2,169.4,51375
SUTLEJTEX,20191111,31.55,32.25,31.05,31.45,12058
SUVEN,20191111,286.5,290.3,286,287.1,139453
SUZLON,20191111,2.95,3,2.8,2.85,13334920
SWANENERGY,20191111,101.25,103.8,100.8,102,44137
SWARAJENG,20191111,1110,1110,1075,1089.7,11368
SWELECTES,20191111,122.45,122.45,118.05,118.25,60923
SWSOLAR,20191111,543.3,550,527,533.85,65304
SYMPHONY,20191111,1242.55,1300,1215.05,1282.25,31009
SYNCOM,20191111,0.9,1,0.9,0.95,32222
SYNDIBANK,20191111,28.2,28.25,27.2,27.4,502878
SYNGENE,20191111,328.4,332.75,327.35,330.65,55230
TAINWALCHM,20191111,57.85,57.85,51,52.7,598
TAJGVK,20191111,171.8,171.8,166,168.25,11972
TAKE,20191111,109.8,110.9,107.6,108.4,47674
TALBROAUTO,20191111,115.1,117.75,113.05,114.85,5452
TALWALKARS,20191111,5.3,5.3,4.8,5.15,373135
TALWGYM,20191111,5.25,5.35,4.85,5.05,128724
TANLA,20191111,43.3,46,43.2,46,207640
TANTIACONS,20191111,1.05,1.05,1.05,1.05,1439
TARMAT,20191111,26,28.2,26,27.85,9515
TASTYBITE,20191111,9698.95,9711,9200,9319.3,708
TATACHEM,20191111,628.9,637.55,628,634.2,450555
TATACOFFEE,20191111,84.6,85.05,83.65,84.25,188969
TATACOMM,20191111,375.8,375.9,356,369.75,82242
TATAELXSI,20191111,812,815.3,802.2,807.4,446368
TATAGLOBAL,20191111,292,297.45,292,294.95,3794293
TATAINVEST,20191111,843.8,843.8,828.05,832,9202
TATAMETALI,20191111,574.45,581.1,565.95,570.55,46145
TATAMOTORS,20191111,169.2,172.95,169.05,172,22192924
TATAMTRDVR,20191111,77.6,80.35,77.3,79.65,3911003
TATAPOWER,20191111,60.8,60.8,56.6,57.5,24360351
TATASTEEL,20191111,395.5,403.75,394,401.45,13573974
TATASTLBSL,20191111,25.1,25.45,24.9,25.3,443379
TATASTLLP,20191111,403,407,397.05,399.35,16446
TBZ,20191111,41,41.5,39.85,40.2,83020
TCI,20191111,275.05,281.25,272.25,275.65,8249
TCIDEVELOP,20191111,343.1,348.05,342.9,348,23
TCIEXP,20191111,779.15,779.45,750,764.9,30681
TCIFINANCE,20191111,8.95,9.35,8.4,9,2778
TCNSBRANDS,20191111,722.35,722.35,679.45,701.85,13264
TCPLPACK,20191111,270.05,289.5,270.05,286.5,2437
TCS,20191111,2135,2139,2091,2100.95,2983768
TDPOWERSYS,20191111,146,146.05,144,145,9155
TEAMLEASE,20191111,2749,2749.05,2563,2591.65,69968
TECHIN,20191111,3.05,3.05,2.9,3,2158
TECHM,20191111,769.95,774.5,768.05,770.4,1345883
TECHNOE,20191111,263,269,261,264.85,12947
TECHNOFAB,20191111,24,24,22.75,22.75,9803
TEJASNET,20191111,77.9,77.9,74.05,74.7,43839
TERASOFT,20191111,27.45,28.25,27,28.25,23362
TEXINFRA,20191111,45.5,45.5,43.25,43.75,98104
TEXMOPIPES,20191111,17.3,17.4,16.4,16.6,57882
TEXRAIL,20191111,43.25,43.75,42.5,42.75,73491
TFCILTD,20191111,84.65,85,82.5,83.65,79602
TFL,20191111,3.9,4.25,3.75,4.2,1148
TGBHOTELS,20191111,3.25,3.35,3.05,3.2,22482
THANGAMAYL,20191111,351.5,351.8,341,350,7432
THEINVEST,20191111,121.4,132,121.4,127.35,534
THEMISMED,20191111,268.3,296.35,268.3,296.1,2033
THERMAX,20191111,1096.85,1100,1088.95,1094,7796
THOMASCOOK,20191111,133,139.7,131.5,135.35,306498
THOMASCOTT,20191111,4.75,4.85,4.75,4.75,1012
THYROCARE,20191111,550,565,547,554.3,52121
TI,20191111,14,14.1,13.4,13.55,36479
TIDEWATER,20191111,4911,5137,4911,5018.75,533
TIIL,20191111,332.55,339.7,319,320.95,9868
TIINDIA,20191111,438.45,449.5,437.9,441.95,566806
TIJARIA,20191111,10.6,10.75,9.15,10.65,40739
TIL,20191111,198,198,190.35,191.15,5113
TIMESGTY,20191111,39.3,39.3,32.95,35,2322
TIMETECHNO,20191111,64.3,64.5,63,63.3,127067
TIMKEN,20191111,890,890,851.65,857.45,16578
TINPLATE,20191111,131.7,141.5,131.7,139.4,2151344
TIPSINDLTD,20191111,74.25,76.05,71.25,72.7,2137
TIRUMALCHM,20191111,65.45,65.65,63.6,64.05,171042
TITAN,20191111,1156.75,1163.75,1137.65,1155.7,2357413
TMRVL,20191111,20.65,20.65,19.7,20.25,44827
TNPETRO,20191111,36.15,37,35.3,35.6,88243
TNPL,20191111,186.85,186.85,178,182.1,97432
TNTELE,20191111,1.25,1.25,1.2,1.2,130
TOKYOPLAST,20191111,74,76,72.05,75.25,5461
TORNTPHARM,20191111,1815,1819.95,1789.05,1803.45,53088
TORNTPOWER,20191111,292.7,304.7,292.3,300.15,2237290
TPLPLASTEH,20191111,125.45,130.95,125.05,125.75,4287
TREEHOUSE,20191111,6.15,6.15,5.9,5.9,56625
TREJHARA,20191111,17.3,17.3,16,16.2,4896
TRENT,20191111,515,519.8,501.05,510.9,142753
TRF,20191111,111.15,114.5,111.1,112.45,21052
TRIDENT,20191111,63.6,63.6,61.4,61.9,456948
TRIGYN,20191111,54.8,55.65,53.1,55.25,36054
TRIL,20191111,7.9,7.95,7.75,7.8,46992
TRITURBINE,20191111,103.7,103.7,100.15,100.7,25074
TRIVENI,20191111,68.7,69.9,66.7,67.6,1034686
TTKHLTCARE,20191111,485.25,497,471.7,480.4,992
TTKPRESTIG,20191111,6143.9,6248.95,5980.05,6035.45,7657
TTL,20191111,42,42.95,40.5,41.5,1809
TTML,20191111,3,3.15,2.9,3.15,2059112
TV18BRDCST,20191111,23.25,23.65,23.05,23.25,942956
TVSELECT,20191111,121.65,124,117.45,120,14412
TVSMOTOR,20191111,450,454.45,438.7,446.3,2385247
TVSSRICHAK,20191111,1841,1842.15,1798,1810.25,1532
TVTODAY,20191111,294,304.95,294,302.9,24727
TVVISION,20191111,1.45,1.45,1.45,1.45,199
TWL,20191111,42.5,43.2,42.1,42.35,326469
UBL,20191111,1250,1273.3,1237.3,1246.4,548799
UCALFUEL,20191111,132.1,139.2,132.05,137.8,36033
UCOBANK,20191111,13.8,13.9,13.5,13.6,384846
UFLEX,20191111,201.5,203,195.9,198.7,67433
UFO,20191111,133.4,137,130.15,135.5,32498
UGARSUGAR,20191111,13.75,14.15,12.95,13.65,264065
UJAAS,20191111,3.15,3.3,3.1,3.2,53660
UJJIVAN,20191111,272.45,277.4,267.65,274.6,1849020
ULTRACEMCO,20191111,4133,4180,4108,4137.05,275634
UMANGDAIRY,20191111,38.35,38.4,37.75,38,1849
UMESLTD,20191111,0.95,0.95,0.95,0.95,900
UNICHEMLAB,20191111,160.5,165.45,157,160.75,45417
UNIENTER,20191111,65.9,65.9,64.6,65.5,3957
UNIONBANK,20191111,54.3,55.6,53.8,55.2,7557199
UNIPLY,20191111,28,29.05,26.6,29.05,633338
UNITECH,20191111,0.7,0.7,0.7,0.7,2917843
UNITEDBNK,20191111,8.85,9.05,8.8,8.85,401216
UNITEDTEA,20191111,298,298,257.05,273.4,118
UNIVCABLES,20191111,180,183.65,174.5,175.8,59608
UPL,20191111,555,561,541.25,548.85,3188430
URJA,20191111,1.8,1.8,1.75,1.75,648171
USHAMART,20191111,30.9,34.8,30.65,33,2157380
UTINEXT50,20191111,294.95,294.95,288,288,668
UTINIFTETF,20191111,1280,1287.91,1260,1262.75,125
UTISENSETF,20191111,429,429,422,424.99,1048
UTISXN50,20191111,308.95,308.95,308.95,308.95,111
UTTAMSTL,20191111,7.6,8.05,7.4,8.05,33458
UTTAMSUGAR,20191111,103.2,106.95,102,104.25,191572
UVSL,20191111,0.05,0.1,0.05,0.05,2232425
V2RETAIL,20191111,116,122.7,116,120,56255
VADILALIND,20191111,767,774,751.3,767.85,11114
VAIBHAVGBL,20191111,808.05,819.4,808.05,815,3772
VAKRANGEE,20191111,39.95,40,39.6,39.95,3447873
VARDHACRLC,20191111,35,35.2,34.1,34.5,11348
VARDMNPOLY,20191111,1.75,1.85,1.75,1.85,1222
VARROC,20191111,481.95,487,477,479.75,11954
VASCONEQ,20191111,13.75,14.25,13.25,13.45,242781
VASWANI,20191111,5.3,5.75,5.05,5.05,3399
VBL,20191111,746,770,741.95,761.35,576295
VEDL,20191111,155.35,156.25,152.2,152.7,10071390
VENKEYS,20191111,1899,1919.15,1835,1850.4,139480
VENUSREM,20191111,25.3,25.4,24.25,25.15,6510
VESUVIUS,20191111,989.1,994.9,977,982.45,11859
VETO,20191111,45.5,48.8,45.45,46.95,3937
VGUARD,20191111,234.7,239.15,232.7,235.9,198066
VHL,20191111,1390,1444.9,1382.25,1405.5,584
VICEROY,20191111,1.6,1.65,1.55,1.65,9220
VIDHIING,20191111,66.75,66.8,63.6,64.75,2554
VIJIFIN,20191111,0.4,0.45,0.4,0.45,26293
VIKASECO,20191111,3.85,3.85,3.8,3.85,349153
VIKASMCORP,20191111,4.2,4.2,3.8,4,28715
VIKASPROP,20191111,4.25,4.25,4.15,4.25,2300665
VIKASWSP,20191111,10,10.15,9.7,9.75,186777
VIMALOIL,20191111,5.35,5.35,5.35,5.35,4
VIMTALABS,20191111,114,114,97.8,98.15,196611
VINATIORGA,20191111,2077.8,2109.7,2061,2072.9,15092
VINDHYATEL,20191111,876,876,840,853.9,24983
VINYLINDIA,20191111,63.7,65,62.8,63.9,8053
VIPCLOTHNG,20191111,7.65,7.7,7.5,7.7,62267
VIPIND,20191111,436.85,445,433,436.95,361388
VIPULLTD,20191111,27.05,27.75,24.65,25.9,67502
VISAKAIND,20191111,272.05,276.75,262.75,264.4,26259
VISASTEEL,20191111,5.7,5.7,5.7,5.7,5788
VISESHINFO,20191111,0.05,0.1,0.05,0.05,950733
VISHAL,20191111,315,315,312,312,16
VISHNU,20191111,132.05,137.9,128.5,129.9,6209
VISHWARAJ,20191111,74.3,78,72.5,73.9,52297
VIVIDHA,20191111,0.15,0.2,0.15,0.2,49505
VIVIMEDLAB,20191111,14.15,14.6,14,14.3,36087
VLSFINANCE,20191111,54.25,55.8,53.1,54.2,13724
VMART,20191111,1701.05,1734,1671,1714.5,12021
VOLTAMP,20191111,1041,1090.7,1020.05,1073.3,21953
VOLTAS,20191111,695,704.15,685,687.3,1485485
VRLLOG,20191111,268,273.85,262.85,267.7,222847
VSSL,20191111,68,68.9,64.15,65.3,2659
VSTIND,20191111,4160,4250,4117.95,4168.7,2975
VSTTILLERS,20191111,1275,1300,1233.7,1259.95,2552
VTL,20191111,884.6,898,866,887.05,10575
WABAG,20191111,176.45,185,175,180.35,122566
WABCOINDIA,20191111,6137,6185,6137,6173.85,2630
WALCHANNAG,20191111,67.3,69.15,66.75,67.3,193902
WANBURY,20191111,14,14.45,13.25,13.25,2163
WATERBASE,20191111,143.7,148.8,140,143.15,219030
WEBELSOLAR,20191111,25,25.65,23.7,23.7,42280
WEIZFOREX,20191111,276.05,280,270,273.95,226
WEIZMANIND,20191111,25.8,25.8,21.5,21.95,9362
WELCORP,20191111,138,140.9,137.5,138.35,539865
WELENT,20191111,87.9,87.9,84.8,85.4,115293
WELINV,20191111,180.5,180.5,180.15,180.15,93
WELSPUNIND,20191111,55.55,57.1,55.55,56.45,317918
WENDT,20191111,3100.15,3100.15,2960,2975.8,194
WESTLIFE,20191111,380.2,392,362.95,369.95,48225
WHEELS,20191111,632.5,655,625,645.45,1977
WHIRLPOOL,20191111,2220,2249,2178.95,2229.35,143077
WILLAMAGOR,20191111,14.65,14.65,13.5,13.85,3284
WINDMACHIN,20191111,20.2,21.2,19.35,20.45,4818
WIPL,20191111,58.7,58.7,56,56,2743
WIPRO,20191111,257.2,257.5,253.4,256.45,1902379
WOCKPHARMA,20191111,286.4,292.5,283.65,287.45,437114
WONDERLA,20191111,279.85,283.75,273,282.3,39870
WSTCSTPAPR,20191111,226,233.5,225,228.9,107122
XCHANGING,20191111,55.1,55.15,53.6,54.05,35708
XELPMOC,20191111,70,75.95,67,68.5,3990
XLENERGY,20191111,0.5,0.5,0.45,0.45,7328
XPROINDIA,20191111,22.1,23,20.15,21.15,12476
YESBANK,20191111,70,73.55,69.15,73,263947818
ZEEL,20191111,289.25,307.9,285.45,305.4,20972910
ZEELEARN,20191111,21.7,21.95,21.25,21.35,32374
ZEEMEDIA,20191111,7.05,7.05,7.05,7.05,341890
ZENITHBIR,20191111,0.7,0.7,0.6,0.7,30480
ZENITHEXPO,20191111,42,42.05,42,42.05,3
ZENSARTECH,20191111,190,192.15,184.75,190.2,46806
ZENTEC,20191111,64.3,64.65,61.6,62.05,58745
ZICOM,20191111,1.45,1.45,1.45,1.45,27035
ZODIACLOTH,20191111,184.05,187.9,168.3,186.2,1393
ZODJRDMKJ,20191111,33.1,35.95,30.9,32.45,5744
ZOTA,20191111,183.35,193,183.35,190.7,32624
ZUARI,20191111,89.2,90.85,87.3,88.9,86397
ZUARIGLOB,20191111,60.15,60.15,57.65,58.1,61407
ZYDUSWELL,20191111,1605,1640,1572,1589.2,9774
NSENIFTY,20191111,11879.20,11932.65,11853.95,11913.45,548979515,0
NIFTYJUNIOR,20191111,28323.90,28560.75,28296.00,28451.15,398036421,0
NIFTYMIDCAPLIQ15,20191111,3873.95,3921.35,3870.95,3909.20,44156146,0
NSE100,20191111,12015.90,12071.05,12000.50,12053.30,950926939,0
NIFTY200,20191111,6125.30,6154.30,6118.80,6145.90,1250134084,0
NSE500,20191111,9665.65,9708.35,9655.50,9695.85,1565756978,0
NSEMIDCAP150,20191111,6154.75,6191.75,6149.70,6186.45,315062530,0
MIDCAP50,20191111,4592.75,4630.75,4580.40,4625.55,263857028,0
NSEMIDCAP,20191111,16720.85,16835.05,16692.40,16812.10,299207145,0
NIFTYSMALLCAP250,20191111,-,-,-,4778.35,-,0
NIFTYSMALLCAP50,20191111,-,-,-,2778.65,-,0
NSESMLCAP100,20191111,5756.50,5762.65,5726.45,5742.50,-,0
NIFTYLARGEMIDCAP250,20191111,-,-,-,5926.72,1265989469,0
NIFTYMIDSMALLCAP400,20191111,-,-,-,5682.50,-,0
NIFTYAUTO,20191111,8134.10,8209.30,8115.95,8159.00,140881874,0
BANKNIFTY,20191111,30664.65,31205.20,30625.80,31115.55,422777530,0
NIFTYFINSERVICE,20191111,13838.75,13998.60,13822.50,13969.10,147271723,0
NIFTYFMGC,20191111,31928.40,32061.30,31751.65,31802.55,18384216,0
NSEIT,20191111,15343.25,15354.05,15228.80,15308.55,16836070,0
NIFTYMEDIA,20191111,1825.45,1885.75,1818.00,1878.90,88056037,0
NIFTYMETAL,20191111,2610.15,2622.45,2598.55,2610.10,117297112,0
NIFTYPHARMA,20191111,7728.55,7807.60,7675.00,7784.90,26513321,0
NIFTYPVTBANK,20191111,16954.70,17273.35,16930.70,17220.00,345630434,0
NIFTYPSUBANK,20191111,2431.15,2475.90,2428.45,2461.05,100990820,0
NIFTYREALTY,20191111,279.55,284.05,279.15,283.40,21192401,0
NIFTYCOMMODITIES,20191111,3397.15,3406.05,3375.10,3394.40,205157021,0
NIFTYCONSUMPTION,20191111,5064.45,5078.30,5029.85,5039.20,79886380,0
NIFTYCPSE,20191111,1994.30,2011.55,1984.60,2002.35,66059123,0
NIFTYENERGY,20191111,15921.75,15982.25,15830.65,15934.65,96475337,0
NIFTY100ESG,20191111,-,-,-,2210.53,816276504,0
NIFTY100ENHESG,20191111,-,-,-,2237.47,778588625,0
NIFTYINFRA,20191111,3250.15,3264.00,3237.10,3254.20,218350713,0
NIFTYMNC,20191111,13871.10,13957.80,13833.85,13873.95,201176009,0
NIFTYPSE,20191111,3309.90,3346.85,3296.05,3340.35,161433944,0
NIFTYSMEEMERGE,20191111,-,-,-,1366.65,499300,0
NIFTYSERVSECTOR,20191111,16699.65,16855.80,16673.45,16824.30,511902651,0
NIFTYSHARIAH25,20191111,-,-,-,4405.69,74521486,0
NIFTY50SHARIAH,20191111,-,-,-,2481.50,62364553,0
NIFTY500SHARIAH,20191111,-,-,-,2970.59,232079386,0
NIFTYABGROUP,20191111,-,-,-,2851.87,118059985,0
NIFTYMAHINDRA,20191111,-,-,-,10172.95,5509936,0
NIFTYTATA,20191111,-,-,-,6754.16,79007736,0
NIFTYTATA25CAP,20191111,-,-,-,4719.02,72045015,0
NIFTYABGROUP,20191111,-,-,-,2851.87,118059985,0
NIFTYLIQ15,20191111,3728.90,3766.40,3719.65,3758.75,433983154,0
NIFTY500VALUE50,20191111,-,-,-,3696.95,321470691,0
NIFTYALPHALOWVOL30,20191111,-,-,-,12079.20,110443203,0
NIFTYQUALLOWVOL30,20191111,-,-,-,8589.21,58454795,0
NIFTYALPHAQUALLOWVOL30,20191111,-,-,-,9743.40,57247022,0
NIFTYALPHAQUALVALLOWVOL30,20191111,-,-,-,7385.49,90962042,0
NIFTY50EQUALWEIGHT,20191111,12314.20,12373.65,12282.95,12356.45,548979515,0
NIFTY100EQUALWEIGHT,20191111,13246.40,13334.90,13232.95,13319.50,950926939,0
NIFTY100LOWVOL30,20191111,9028.85,9042.30,8984.85,9001.90,89117270,0
NSEDEFTY,20191111,-,-,-,5776.46,-,0
NIFTY50DIVPOINT,20191111,117.35,117.35,117.35,117.35,-,0
NIFTYDIVOPPS50,20191111,2589.70,2596.90,2582.40,2591.15,231529233,0
NIFTYALPHA50,20191111,12778.60,12859.40,12742.45,12810.40,103092932,0
NIFTY50ARBITRAGE,20191111,-,-,-,1869.66,-,0
NIFTY50FUTINDEX,20191111,-,-,-,4040.36,-,0
NIFTY50FUTTRINDEX,20191111,-,-,-,12019.85,-,0
NIFTYHIGHBETA50,20191111,-,-,-,1369.45,826234806,0
NIFTYLOWVOL50,20191111,-,-,-,10595.74,104628117,0
NIFTY200QUALITY30,20191111,-,-,-,9967.75,-,0
NIFTY50VALUE20,20191111,5451.20,5458.35,5419.85,5444.50,381346833,0
NIFTYGROWSECT15,20191111,6354.10,6400.30,6351.30,6388.80,74215882,0
NIFTY50TR2XLEV,20191111,6598.60,6658.05,6570.55,6636.75,-,0
NIFTY50PR2XLEV,20191111,5076.55,5122.30,5055.00,5105.90,-,0
NIFTY50TR1XINV,20191111,343.60,344.30,342.05,342.60,-,0
NIFTY50PR1XINV,20191111,391.70,392.50,389.95,390.55,-,0
NIFTY-GS-COMPSITE,20191111,2041.99,2042.22,2039.40,2039.65,-,0
NIFTY-GS-4-8YR,20191111,2133.95,2133.95,2131.95,2132.63,-,0
NIFTY-GS-8-13YR,20191111,2006.21,2006.54,2003.53,2003.51,-,0
NIFTY-GS-10YR,20191111,1850.74,1851.85,1847.96,1849.78,-,0
NIFTY-GS-10YR-CLN,20191111,943.44,944.01,942.01,942.95,-,0
NIFTY-GS-11-15YR,20191111,2124.70,2124.88,2120.82,2121.01,-,0
NIFTY-GS-15YRPLUS,20191111,2290.34,2291.23,2289.09,2289.25,-,0
VIX,20191111,15.86,16.77,15.20,16.25,0,0
