<ticker>,<date>,<open>,<high>,<low>,<close>,<volume>,<o/i>
20MICRONS,20191011,39,39.3,37.55,38.25,19035
21STCENMGM,20191011,12.7,12.7,12.7,12.7,5
3IINFOTECH,20191011,2.1,2.1,2,2.05,1134637
3MINDIA,20191011,19802,20189,19802,20021.05,963
3PLAND,20191011,6.2,6.2,6.2,6.2,963
5PAISA,20191011,165.4,169.7,165.2,167.15,3878
63MOONS,20191011,116.95,119.05,110.05,113.55,115637
A2ZINFRA,20191011,9.15,9.85,9.15,9.3,236629
AARTIDRUGS,20191011,455.15,465,455.15,462.45,8123
AARTIIND,20191011,770.25,776,755,769.5,39793
AARVEEDEN,20191011,15.05,15.75,14.35,15.3,1494
AAVAS,20191011,1640.05,1655,1622.35,1638.85,23082
ABAN,20191011,26.3,26.3,25.3,25.7,50416
ABB,20191011,1474.95,1505.95,1470.25,1483.15,95151
ABBOTINDIA,20191011,11000.05,11011,10915.2,10989.25,4587
ABCAPITAL,20191011,79.8,80.5,78.2,78.6,681521
ABFRL,20191011,205.05,207.6,203.55,205.45,311448
ACC,20191011,1430.4,1450.35,1421.5,1443.1,678797
ACCELYA,20191011,835.05,844.95,829.2,832.6,1496
ACE,20191011,78,81.8,77.5,78.1,211770
ADANIENT,20191011,137.45,138.8,134.6,136.95,2780875
ADANIGAS,20191011,139.05,142,137.1,137.65,699218
ADANIGREEN,20191011,74.6,79.35,74.2,78.75,6379751
ADANIPORTS,20191011,401.25,410.25,395.9,409.05,2283201
ADANIPOWER,20191011,62.7,63.15,61.8,62.45,11196547
ADANITRANS,20191011,223.9,226.95,222,222.15,38869
ADFFOODS,20191011,254.2,265,253.3,255.3,18998
ADHUNIKIND,20191011,108.95,114,108.15,112.1,50507
ADLABS,20191011,2.5,2.5,2.4,2.4,68705
ADORWELD,20191011,304,304.7,295.15,297.5,2677
ADROITINFO,20191011,7.2,7.2,7.2,7.2,112
ADSL,20191011,13.6,13.6,12.95,13.2,20642
ADVANIHOTR,20191011,53.3,54.45,52.35,53.75,1977
ADVENZYMES,20191011,148.5,150.2,146,147.6,25215
AEGISCHEM,20191011,166,168.45,164,165.95,94725
AFFLE,20191011,1209.4,1224,1160,1187,88360
AGARIND,20191011,123.4,123.4,114,115.15,10392
AGCNET,20191011,112,114.95,109.5,114.95,1207
AGLSL,20191011,49.4,51.85,48.9,49.1,13718
AGRITECH,20191011,45.75,46,43.75,44.65,3732
AGROPHOS,20191011,108.2,109.25,108.15,109.05,428501
AHLEAST,20191011,178.5,181.05,177.4,180.95,2905
AHLUCONT,20191011,280.85,280.9,269.8,271.95,34076
AHLWEST,20191011,324.8,324.8,281.9,286.25,419
AIAENG,20191011,1633.5,1696.95,1633.5,1677.6,90199
AIONJSW,20191011,10.05,10.05,9.25,9.75,33893
AIRAN,20191011,12.5,12.75,12.25,12.35,15133
AJANTPHARM,20191011,976.5,996.45,965,971.15,53059
AJMERA,20191011,111.85,113.1,110.25,111.6,18910
AKASH,20191011,60.5,60.5,60.5,60.5,23
AKSHARCHEM,20191011,200,203.9,192.35,197.9,2913
AKSHOPTFBR,20191011,7.4,7.75,7.3,7.7,420064
AKZOINDIA,20191011,1827.35,1854.5,1827.35,1841.7,5417
ALANKIT,20191011,20,20.55,19.2,20.4,178912
ALBERTDAVD,20191011,332,340,332,336.7,3089
ALBK,20191011,26.5,26.8,25.8,25.95,623355
ALCHEM,20191011,0.85,0.9,0.8,0.8,5051
ALEMBICLTD,20191011,46.5,47.2,45,46.1,46410
ALICON,20191011,334,347,334,343.95,221
ALKALI,20191011,44.75,47,43.2,44.75,11832
ALKEM,20191011,1930.15,1961,1930,1947.3,12746
ALKYLAMINE,20191011,867.95,867.95,827.5,835.45,5013
ALLCARGO,20191011,99,99,95.1,98.2,84779
ALLSEC,20191011,272,286.8,267.5,274.85,3649
ALMONDZ,20191011,9.5,9.5,9.05,9.5,532
ALOKTEXT,20191011,1.75,1.75,1.7,1.75,3954384
ALPA,20191011,13.35,14.2,13.35,13.75,10885
ALPHAGEO,20191011,186.05,193.9,186,189.05,3054
ALPSINDUS,20191011,0.35,0.35,0.3,0.3,5000
AMARAJABAT,20191011,681.1,689.3,673.2,680.85,206065
AMBER,20191011,910,950.2,910,927.15,21248
AMBIKCO,20191011,927.85,927.95,894.5,895.6,3687
AMBUJACEM,20191011,189.15,190.75,186.85,189.2,2290001
AMDIND,20191011,15.65,16.1,15.3,15.45,3380
AMJLAND,20191011,15.5,15.95,15,15.7,6930
AMRUTANJAN,20191011,347,359,346.2,348.8,20224
ANANTRAJ,20191011,28.35,29.4,27.5,27.85,121016
ANDHRABANK,20191011,16.1,16.35,16,16,235143
ANDHRACEMT,20191011,2.6,2.65,2.5,2.65,60780
ANDHRSUGAR,20191011,265,268,263.6,265.1,8604
ANIKINDS,20191011,6.15,6.9,6.1,6.4,7893
ANKITMETAL,20191011,0.45,0.5,0.45,0.45,6924
ANSALAPI,20191011,3.95,4.2,3.9,4,13179
ANSALHSG,20191011,4.7,5.2,3.75,4.4,34113
ANTGRAPHIC,20191011,0.75,0.75,0.7,0.75,23247
ANUP,20191011,453.05,458.3,449,451.85,11860
APARINDS,20191011,501.15,512.3,489.75,507.55,9427
APCL,20191011,136.7,148.9,136.7,141.25,2404
APCOTEXIND,20191011,190.15,193,184.1,185.6,8570
APEX,20191011,209.8,213.05,205,207,25190
APLAPOLLO,20191011,1369.95,1374.85,1345.05,1348.55,7467
APLLTD,20191011,540.5,551,531.1,545.7,58529
APOLLO,20191011,71.25,71.8,65.8,69.4,22706
APOLLOHOSP,20191011,1419.3,1454.8,1407.95,1448.1,649286
APOLLOTYRE,20191011,166.7,170.3,165.65,166.5,1199478
APOLSINHOT,20191011,750.05,759.85,726.7,733.7,1308
APTECHT,20191011,145.7,156.8,144.85,151.25,302956
ARCHIDPLY,20191011,26.85,27.7,26,26.45,3599
ARCHIES,20191011,19.4,19.4,18.55,18.6,14568
ARCOTECH,20191011,1.75,1.75,1.7,1.7,9723
ARIES,20191011,59.4,63.9,58.3,60.95,23368
ARIHANT,20191011,17.4,18,16,17.95,439
ARIHANTSUP,20191011,27.95,27.95,27.95,27.95,318
ARMANFIN,20191011,553.5,557.45,531.25,535.7,13413
AROGRANITE,20191011,39.85,40.05,37.6,38.7,15811
ARROWGREEN,20191011,57,57,52,52.2,2145
ARROWTEX,20191011,9.55,10.1,9.1,9.6,6793
ARSHIYA,20191011,18.4,19.7,18.05,18.1,41130
ARSSINFRA,20191011,21,21,21,21,7450
ARVIND,20191011,43.3,43.5,42.5,42.85,1028504
ARVINDFASN,20191011,421.3,428,415.55,421.2,7137
ARVSMART,20191011,87.5,90.25,84.1,87.95,40891
ASAHIINDIA,20191011,180.1,182.5,180.1,181.95,13100
ASAHISONG,20191011,135.95,135.95,132,132.3,1444
ASAL,20191011,33.05,33.9,31.6,32.4,4865
ASHAPURMIN,20191011,33.05,33.05,33.05,33.05,14940
ASHIANA,20191011,99,99.9,95.3,96.5,93522
ASHIMASYN,20191011,7.85,7.85,7.1,7.35,9954
ASHOKA,20191011,97.9,100.5,97.5,98.15,135356
ASHOKLEY,20191011,68.9,69.5,66.8,68.65,28366152
ASIANHOTNR,20191011,103,103.8,95.25,98.9,1935
ASIANPAINT,20191011,1787.6,1801.8,1764.05,1790.25,1442236
ASIANTILES,20191011,207.25,214.4,203.35,213.75,44448
ASPINWALL,20191011,135,135,130.65,130.75,120
ASSAMCO,20191011,0.6,0.6,0.55,0.55,87673
ASTEC,20191011,384,388.95,375.1,377.2,2063
ASTERDM,20191011,117.05,119.35,116.6,118,19592
ASTRAL,20191011,1160.4,1185.6,1151.3,1175.55,30505
ASTRAMICRO,20191011,78.1,78.9,76.3,77.7,72088
ASTRAZEN,20191011,2165.05,2219.9,2145.65,2199.2,5169
ASTRON,20191011,98,98,93.95,95.7,784375
ATFL,20191011,481.8,484.6,476.5,480.9,938
ATLANTA,20191011,6.85,7.1,6.8,6.9,6331
ATUL,20191011,3916.9,4050,3881,3993.4,9399
ATULAUTO,20191011,228.25,228.35,218,219.4,11256
AUBANK,20191011,642,661,638,653.85,105242
AURIONPRO,20191011,86.05,86.6,80,81.05,11702
AUROPHARMA,20191011,465,466.1,435.35,438.95,11001202
AUSOMENT,20191011,28.9,29.9,27.5,28.05,3075
AUTOAXLES,20191011,840.05,874,835.3,869.75,5652
AUTOIND,20191011,33,34.95,32.4,32.55,23983
AUTOLITIND,20191011,19,21.5,18.45,19.05,2057
AVADHSUGAR,20191011,260.05,267.8,260,261.3,33958
AVANTIFEED,20191011,359.95,362.75,352.3,357.35,188075
AVTNPL,20191011,22.8,22.8,22.3,22.6,21216
AXISBANK,20191011,676.55,686,668.3,672.7,11042828
AXISCADES,20191011,75.75,79.05,74.6,77.6,123969
AXISGOLD,20191011,3375,3387.95,3320,3355.5,343
AXISNIFTY,20191011,1167,1172.3,1159.25,1168.26,44
AYMSYNTEX,20191011,30,30,28.8,29,6250
BAGFILMS,20191011,1.35,1.45,1.35,1.45,330769
BAJAJ-AUTO,20191011,2898,2925,2883.55,2898.8,198610
BAJAJCON,20191011,242.9,245.5,239,243.2,95901
BAJAJELEC,20191011,382.5,387.6,372.2,383.2,41412
BAJAJFINSV,20191011,8224,8328.85,8105,8169.45,270260
BAJAJHIND,20191011,5.95,6.15,5.95,5.95,653740
BAJAJHLDNG,20191011,3590,3611.9,3505,3524,13485
BAJFINANCE,20191011,3979,4015,3925,3973.2,1623866
BALAJITELE,20191011,52.7,52.7,49.75,50.1,46949
BALAMINES,20191011,312.9,313.75,303,304.2,11267
BALAXI,20191011,79.35,85.95,79.25,82.35,240
BALKRISHNA,20191011,22.3,22.3,22.3,22.3,3427
BALKRISIND,20191011,746,765,740,749.1,922670
BALLARPUR,20191011,0.55,0.6,0.55,0.55,1389069
BALMLAWRIE,20191011,165.5,167.25,165.05,165.35,42975
BALPHARMA,20191011,37.5,39.7,37,37.5,3561
BALRAMCHIN,20191011,152,155,150,151.3,629791
BANARBEADS,20191011,29.75,30,28.75,29.5,2159
BANARISUG,20191011,1090,1144.95,1050,1114.4,180
BANCOINDIA,20191011,97.75,98.55,95,95.55,43076
BANDHANBNK,20191011,536.1,607.95,536.1,583.5,10461345
BANG,20191011,21.45,21.65,20.7,21.45,978
BANKBARODA,20191011,88.45,91.2,86.3,90.85,36434582
BANKBEES,20191011,2884.9,2915,2835.15,2869.09,20075
BANKINDIA,20191011,60.25,61.4,58.3,59.5,13567988
BANSWRAS,20191011,67.1,69.5,66.1,66.8,5182
BARTRONICS,20191011,1.8,1.8,1.75,1.75,1158
BASF,20191011,980.45,999.7,955.6,974.15,30141
BASML,20191011,127.05,129.8,126,126.45,266
BATAINDIA,20191011,1712.3,1727.65,1700,1709.45,568615
BAYERCROP,20191011,3276.45,3359.4,3245.9,3340,4161
BBL,20191011,890.1,911.05,872,888.15,7961
BBTC,20191011,1078,1137,1070,1106.25,233400
BCG,20191011,3.1,3.15,2.95,3.05,492025
BCP,20191011,9.15,9.15,9.15,9.15,170
BDL,20191011,284,287,280.5,281.85,20592
BEARDSELL,20191011,10.6,12.05,10.05,11.05,5921
BEDMUTHA,20191011,11,12.3,9.95,10.15,44805
BEL,20191011,105.7,106.4,104,105.05,6218063
BEML,20191011,907,923.25,895.25,902.3,451730
BEPL,20191011,51,52.5,43,47.55,417502
BERGEPAINT,20191011,469.85,484.8,462.55,478,4296186
BFINVEST,20191011,274.15,280.8,274,275.2,17970
BFUTILITIE,20191011,162.6,167,162,163.35,265134
BGLOBAL,20191011,1.5,1.6,1.5,1.55,6153
BGRENERGY,20191011,32.4,32.9,31.1,32,168662
BHAGERIA,20191011,104.85,105.7,103.65,104.9,2781
BHAGYANGR,20191011,18.5,20,18.5,18.95,4158
BHAGYAPROP,20191011,18.7,18.7,18.25,18.25,95
BHANDARI,20191011,1.2,1.2,1.1,1.15,36417
BHARATFORG,20191011,420.2,426,413.2,418.15,1441510
BHARATGEAR,20191011,59.1,60.95,57.65,57.95,5817
BHARATRAS,20191011,5682,5799,5605.1,5643.8,978
BHARATWIRE,20191011,25.6,26.5,24.5,25.75,15652
BHARTIARTL,20191011,374.95,385.35,372.6,382.9,10908530
BHEL,20191011,43.3,43.7,42,43.05,17247352
BIGBLOC,20191011,25.95,26.05,24.05,25.2,423
BIL,20191011,154.5,159.55,147,150.35,451
BILENERGY,20191011,0.85,0.95,0.85,0.9,103474
BINDALAGRO,20191011,9.15,9.55,9.15,9.25,6075
BIOCON,20191011,241.75,250.4,239.25,247.6,9019033
BIOFILCHEM,20191011,4.65,4.65,4.6,4.65,300
BIRLACABLE,20191011,45.35,48.7,44.85,46.4,84034
BIRLACORPN,20191011,516.75,528.4,514.2,523.35,70625
BIRLAMONEY,20191011,34.7,34.7,33.6,33.8,36932
BKMINDST,20191011,0.95,0.95,0.9,0.9,1397
BLBLIMITED,20191011,3.2,3.4,3.2,3.35,32947
BLISSGVS,20191011,104.35,104.35,102.95,103.75,38128
BLKASHYAP,20191011,8.2,8.5,7.8,8,119369
BLS,20191011,78.75,79.95,78,78.9,15859
BLUEBLENDS,20191011,1.2,1.2,1.2,1.2,1700
BLUECOAST,20191011,2.15,2.15,2.15,2.15,273
BLUEDART,20191011,2296,2360,2270,2297.15,2790
BLUESTARCO,20191011,806.2,824.95,803,807.95,24709
BODALCHEM,20191011,71.45,72.45,70.05,70.45,63229
BOMDYEING,20191011,69.35,72.75,69.15,70.8,1531648
BOROSIL,20191011,154.9,159.65,154.25,155.5,36201
BOSCHLTD,20191011,13354.9,13380,13002.25,13132.35,12277
BPCL,20191011,488.15,492.55,478.6,488,7371044
BPL,20191011,20.1,20.15,18.15,18.7,119958
BRFL,20191011,5,5.15,4.75,4.95,24462
BRIGADE,20191011,196.85,198,192.85,194.2,41643
BRITANNIA,20191011,3048.9,3096.95,3043.3,3081.95,510119
BRNL,20191011,64,65.75,62,63.05,4417
BROOKS,20191011,31.7,32.8,30.8,31.05,26358
BSE,20191011,515.5,524.75,512.1,515.55,53345
BSELINFRA,20191011,1,1.1,1,1.1,50490
BSL,20191011,25.95,26.75,24.5,25.8,1781
BSLGOLDETF,20191011,3525,3525,3491,3524,61
BSLNIFTY,20191011,125,126,123,123,1202
BSOFT,20191011,59.05,60.75,58.3,58.8,285377
BURNPUR,20191011,1.2,1.2,1.15,1.15,16925
BUTTERFLY,20191011,149.8,150.3,147.1,147.8,9655
BVCL,20191011,11.25,11.3,10.4,10.4,9549
BYKE,20191011,18.1,18.75,16.8,17.65,24598
CADILAHC,20191011,232.2,232.7,228.2,230.1,725660
CALSOFT,20191011,11,11.05,10.7,11.05,20125
CAMLINFINE,20191011,53.65,55.6,53.3,55.15,102561
CANBK,20191011,179,181.75,175.6,179.05,8450904
CANFINHOME,20191011,391,398.9,382.5,384.3,148001
CANTABIL,20191011,205.7,210,203.1,207.15,11186
CAPACITE,20191011,196.5,199.85,194.1,194.7,14561
CAPLIPOINT,20191011,403.75,418,398,399.7,19599
CAPTRUST,20191011,111,111,110.9,110.9,142
CARBORUNIV,20191011,287,293.4,283.05,290.5,87388
CAREERP,20191011,89.25,90.75,87.1,88.1,7180
CARERATING,20191011,516.45,536,516.45,533.05,23882
CASTEXTECH,20191011,0.35,0.4,0.3,0.4,172689
CASTROLIND,20191011,132.5,135.2,131.7,133.05,1250504
CCHHL,20191011,3.55,3.55,3.25,3.25,31011
CCL,20191011,238.9,238.9,233.5,237.45,9107
CDSL,20191011,205.9,205.9,202.4,203.2,80553
CEATLTD,20191011,925.1,937,916,931.25,73033
CEBBCO,20191011,13.55,14.1,13.2,13.25,40527
CELEBRITY,20191011,5.5,5.8,5.4,5.65,6281
CELESTIAL,20191011,3,3.15,3,3.15,3399
CENTENKA,20191011,168.1,170,166.6,168.15,3468
CENTEXT,20191011,2.8,2.85,2.65,2.8,15297
CENTRALBK,20191011,17.05,17.25,16.9,17,350653
CENTRUM,20191011,23.55,23.8,22.4,23,186146
CENTUM,20191011,398,403.75,386.05,395.1,60531
CENTURYPLY,20191011,162.5,163.45,155.55,160.3,524297
CENTURYTEX,20191011,390,421.3,380.1,393.85,2235482
CERA,20191011,2469.55,2489.75,2451.35,2460.45,1370
CEREBRAINT,20191011,21.1,22.9,20.8,22.3,196573
CESC,20191011,757.9,774.4,747.1,756.55,835889
CESCVENT,20191011,357.45,363,345,358.2,7269
CGCL,20191011,206,209.75,203,204.7,311185
CGPOWER,20191011,13.8,13.8,13.2,13.25,507724
CHALET,20191011,307.55,319.95,307.55,317,1114
CHAMBLFERT,20191011,148.95,151.6,147.8,148.25,118040
CHEMFAB,20191011,177.7,182.05,177.7,180.4,762
CHENNPETRO,20191011,163.7,163.7,157.05,158.7,182407
CHOLAFIN,20191011,285.05,288.9,280.35,283.95,851664
CHOLAHLDNG,20191011,472.55,476.35,455.45,459.8,14899
CHROMATIC,20191011,0.5,0.5,0.5,0.5,1250
CIGNITITEC,20191011,337.95,340,310,315.65,29784
CIMMCO,20191011,20.5,22.4,19.7,21.6,86596
CINELINE,20191011,31.7,32.45,29.6,30.25,6859
CINEVISTA,20191011,16.95,16.95,15.35,15.9,199948
CIPLA,20191011,422.55,443,389.55,441.35,17354782
CKFSL,20191011,0.45,0.5,0.45,0.45,654772
CLEDUCATE,20191011,79.75,79.8,75.2,77.95,2042
CLNINDIA,20191011,288.1,291.9,282.05,285.65,7913
CMICABLES,20191011,54.2,56.55,53.1,54.65,13563
CNOVAPETRO,20191011,8.05,8.5,8.05,8.5,1209
COALINDIA,20191011,185.25,190.25,185.25,189.05,7104915
COCHINSHIP,20191011,338,341.95,336.6,338.2,102015
COFFEEDAY,20191011,42,42,39.85,39.85,583191
COLPAL,20191011,1496.7,1518.4,1491.25,1498.65,775154
COMPINFO,20191011,10,10.1,9.55,9.85,59101
COMPUSOFT,20191011,8,8.35,7.6,7.9,28124
CONCOR,20191011,569.3,569.55,559,564.2,798696
CONFIPET,20191011,27.2,27.7,26.6,27.1,58801
CONSOFINVT,20191011,35.15,35.15,35.15,35.15,243
CONTROLPR,20191011,245.95,246,242.1,244.2,1124
CORALFINAC,20191011,10.9,10.95,10.55,10.8,965
CORDSCABLE,20191011,41,43.25,41,42.55,3587
COROMANDEL,20191011,404.15,406,400.3,404.9,45251
CORPBANK,20191011,14.25,14.35,14.05,14.1,94459
COSMOFILMS,20191011,202.3,206,200.15,203.5,3870
COUNCODOS,20191011,1.9,1.9,1.9,1.9,171
COX&KINGS,20191011,2.8,2.8,2.8,2.8,147811
CPSEETF,20191011,23.01,23.34,23,23.08,5122778
CREATIVE,20191011,60.05,64.85,59.7,59.7,1523
CREDITACC,20191011,637.75,650.6,621.55,629.95,770083
CREST,20191011,85.15,90.3,85.15,87.65,1386
CRISIL,20191011,1294.4,1306.45,1284.95,1295.55,62007
CRMFGETF,20191011,3490,3545,3490,3545,34
CROMPTON,20191011,257.9,260.8,255.2,256.45,574858
CTE,20191011,26.85,27,24.3,26.05,471
CUB,20191011,220.45,224,219,221.7,531470
CUBEXTUB,20191011,11.8,11.85,10.05,10.4,1173
CUMMINSIND,20191011,564.65,570.5,559.45,565.3,317011
CUPID,20191011,138.1,140.8,136.1,136.8,8894
CYBERTECH,20191011,51,51.1,48.3,48.8,8028
CYIENT,20191011,457.35,471,452,456.3,77191
DAAWAT,20191011,23.9,24.3,23,23.4,255546
DABUR,20191011,441.4,447,440,445.6,846266
DALBHARAT,20191011,784.9,794.9,779.95,783,27165
DALMIASUG,20191011,88,89.5,86.45,87.2,84329
DAMODARIND,20191011,28.5,28.9,28,28,1038
DATAMATICS,20191011,74.55,74.55,71,71.25,8342
DBCORP,20191011,142.9,142.9,135,140.05,33439
DBL,20191011,377.9,386.1,368.1,371.15,118263
DBREALTY,20191011,6.1,6.45,6.05,6.35,131032
DBSTOCKBRO,20191011,8,8,8,8,1
DCAL,20191011,156.6,157.95,154,155.2,36419
DCBBANK,20191011,182.3,189.45,182.15,187.5,595340
DCM,20191011,23.1,23.1,21.05,21.2,1294
DCMFINSERV,20191011,0.9,0.9,0.9,0.9,1000
DCMNVL,20191011,25.35,28.75,25.35,27.5,2898
DCMSHRIRAM,20191011,381.35,388.5,374.65,377,67427
DCW,20191011,14.85,14.9,14.25,14.4,107529
DECCANCE,20191011,339.35,340.35,333,335,1087
DEEPAKFERT,20191011,92.2,92.95,89.1,89.45,185104
DEEPAKNTR,20191011,305.75,309.9,302.5,304.8,216526
DEEPIND,20191011,99.7,100.3,98,98.95,3903
DELTACORP,20191011,174,174.1,164.2,170.1,802769
DEN,20191011,49.9,50,47.3,47.9,14480
DENORA,20191011,195.05,208.95,195.05,205.25,2074
DFMFOODS,20191011,246,247.95,244.9,245.55,13641
DGCONTENT,20191011,5.55,5.55,5.5,5.5,215756
DHAMPURSUG,20191011,211.7,216.4,210,211.25,424374
DHANBANK,20191011,14.75,14.75,14.05,14.3,132045
DHANUKA,20191011,302.6,313.55,298.1,303.2,9337
DHARSUGAR,20191011,7.35,7.6,6.95,7.05,2841
DHFL,20191011,22.3,22.5,21.15,21.15,2037937
DHUNINV,20191011,202.05,204.8,190,195.45,780
DIAMONDYD,20191011,875,888,843.75,882.2,1929
DICIND,20191011,336.65,348.05,326.75,329.45,1231
DIGISPICE,20191011,5,5.5,4.8,5.25,20472
DISHTV,20191011,17.2,17.4,16.5,16.75,32637607
DIVISLAB,20191011,1677.55,1695,1651.7,1689.95,598374
DIXON,20191011,3016,3098.5,3015.8,3056.95,10472
DLF,20191011,142.5,146.9,140.75,145.6,11600032
DLINKINDIA,20191011,91.55,94.7,91.05,93.15,28143
DMART,20191011,1835,1851.4,1805,1843.2,445211
DNAMEDIA,20191011,0.35,0.4,0.35,0.4,3215
DOLAT,20191011,55.85,57,53.75,54.15,82075
DOLLAR,20191011,187.95,187.95,181.2,182.75,2082
DONEAR,20191011,30.35,30.35,29.2,29.55,16772
DPSCLTD,20191011,9.15,10,9.15,9.95,21566
DQE,20191011,2.5,2.7,2.5,2.6,2302
DREDGECORP,20191011,306.75,309.45,300.65,301.9,91875
DRREDDY,20191011,2645,2659,2607,2651.4,546907
DSSL,20191011,26.3,26.5,25.35,25.45,2006
DTIL,20191011,155.3,159.9,155.3,158.65,1032
DUCON,20191011,4.85,5,4.6,4.65,107910
DVL,20191011,67.55,68.55,66.1,68.15,4813
DWARKESH,20191011,24.25,24.65,23.8,24.05,274118
DYNAMATECH,20191011,1158.55,1168.95,1146,1156.6,203
DYNPRO,20191011,124.8,124.8,120.15,122.9,4269
EASTSILK,20191011,0.65,0.65,0.6,0.6,2585
EBANK,20191011,3245,3500,3100,3100,7
ECLERX,20191011,397.1,399.6,389.9,390.8,13991
EDELWEISS,20191011,73.9,74.9,67,71.25,4851916
EICHERMOT,20191011,18091,18349,17900,18201.15,94699
EIDPARRY,20191011,153.25,157.25,153.1,154.05,51527
EIHAHOTELS,20191011,304.85,312.4,300,309.45,1898
EIHOTEL,20191011,171.9,174.95,169.55,172.75,56101
EIMCOELECO,20191011,291.2,298.9,282.15,296,1234
EKC,20191011,25.7,25.95,24.6,24.75,31104
ELECON,20191011,29.2,29.7,28.75,29,19148
ELECTCAST,20191011,12.95,13.95,12.8,13.85,73647
ELECTHERM,20191011,126,130.95,126,130,62932
ELGIEQUIP,20191011,279.95,281.5,274.65,275.9,14243
ELGIRUBCO,20191011,16,16,15.25,15.3,716
EMAMILTD,20191011,301.1,304.55,299.5,302.05,58773
EMAMIPAP,20191011,80.65,85,80.1,80.85,886
EMAMIREAL,20191011,38.2,40.4,37.5,38.2,6176
EMCO,20191011,0.75,0.85,0.75,0.8,840
EMKAY,20191011,65.55,66.9,64.15,65.8,1983
EMMBI,20191011,116.05,119.05,115.1,116.6,1130
ENDURANCE,20191011,968.3,996.6,962.8,988.15,10674
ENERGYDEV,20191011,5.1,5.45,5.1,5.35,9737
ENGINERSIN,20191011,111.3,113.25,110.5,110.95,1168957
ENIL,20191011,265.2,284.7,265,272.05,43000
EON,20191011,14,14.75,13.4,14.55,10672
EQ30,20191011,325.75,325.75,325,325.45,17
EQUITAS,20191011,96.15,100.8,95.5,100,3933458
ERIS,20191011,418.05,435.8,397.7,427.9,831428
EROSMEDIA,20191011,13.75,14.25,13.55,14,153073
ESABINDIA,20191011,1265,1265,1217.35,1232.4,3498
ESCORTS,20191011,607,610.8,588.9,598,2296747
ESSARSHPNG,20191011,6.85,7.55,6.85,7.25,25237
ESSELPACK,20191011,118.45,122.9,115.15,118.65,136983
ESTER,20191011,30.25,31.65,30,30.6,11927
EVEREADY,20191011,42.5,44.1,40.9,42.05,455153
EVERESTIND,20191011,313.85,325,313.4,318.1,9420
EXCEL,20191011,1,1.05,0.95,1,58638
EXCELINDUS,20191011,878.7,878.75,857,866.65,3817
EXIDEIND,20191011,184.95,188.15,182.3,183.45,1072033
EXPLEOSOL,20191011,291.05,298.8,284,291.05,3225
FACT,20191011,38.6,39.3,37.8,38.2,76312
FAIRCHEM,20191011,491.3,495,481.2,487.85,2632
FCL,20191011,25,25.5,24.55,24.7,80670
FCONSUMER,20191011,23.9,24.5,23.8,24.15,670258
FCSSOFT,20191011,0.25,0.25,0.2,0.25,319977
FDC,20191011,163.65,165.2,162.25,163.15,5626
FEDERALBNK,20191011,84.85,85.45,83.4,84.15,12880443
FEL,20191011,19.4,21.2,19.4,20.7,233152
FELDVR,20191011,19.95,21.7,19.6,20.35,5438
FIEMIND,20191011,340,340,330.05,332,2356
FILATEX,20191011,37.35,37.5,35.5,36,21722
FINCABLES,20191011,357.6,362.75,348.6,353.45,165769
FINEORG,20191011,1689.95,1729,1689,1694.45,17500
FINPIPE,20191011,583.9,589,578,586.9,15070
FLEXITUFF,20191011,6.7,6.7,6.7,6.7,766
FLFL,20191011,421.4,421.4,408.05,412.4,19714
FMGOETZE,20191011,542,542,535.5,536.75,469
FMNL,20191011,29.5,32.15,29.5,31.9,25705
FORCEMOT,20191011,1098,1105,1081,1085.8,12582
FORTIS,20191011,139.05,139.95,136.25,138,1228054
FOSECOIND,20191011,1287.4,1289.9,1266,1282.7,593
FRETAIL,20191011,383,384.3,367.6,382.35,404939
FSC,20191011,514.9,519.5,508.4,509.15,1393
FSL,20191011,46.75,47.25,46.3,46.7,1362000
GABRIEL,20191011,101,101,97.05,98.6,75328
GAEL,20191011,135.95,136,128,130.25,58056
GAIL,20191011,127.25,128.65,124.55,124.95,8061315
GAL,20191011,2.05,2.2,1.9,2,129715
GALAXYSURF,20191011,1494,1500,1445.55,1480.6,12621
GALLANTT,20191011,28.4,28.45,25.05,26.9,5062
GALLISPAT,20191011,19,19.95,19,19.25,4123
GAMMNINFRA,20191011,0.25,0.3,0.25,0.3,212885
GANDHITUBE,20191011,314,315,304.05,309.15,538
GANECOS,20191011,246,251.75,241.6,245.75,3266
GANESHHOUC,20191011,36.7,36.7,34,34.45,14168
GANGESSECU,20191011,33.65,34,33.6,33.8,227
GARDENSILK,20191011,10.25,10.75,10.25,10.55,12952
GARFIBRES,20191011,1193.65,1206.35,1171,1182.65,13538
GATI,20191011,53.7,55.65,52.55,54.85,287422
GAYAHWS,20191011,0.35,0.4,0.3,0.35,460269
GAYAPROJ,20191011,105.35,112.8,105.1,109.35,104440
GDL,20191011,96.6,98,95.25,95.8,59086
GEECEE,20191011,82.45,84.55,80.1,81.95,2246
GENESYS,20191011,75.4,75.4,72.6,73.1,9520
GENUSPAPER,20191011,5.25,5.25,4.95,5,71594
GENUSPOWER,20191011,21.85,21.85,20.9,21.1,244153
GEOJITFSL,20191011,26.7,27.2,25.9,26.25,119703
GEPIL,20191011,718.1,735.55,715,720.95,10122
GESHIP,20191011,293.5,295,284.55,292.15,92273
GET&D,20191011,174.9,175,165.85,169.2,23492
GFLLIMITED,20191011,83.95,84,77,77.65,42966
GFSTEELS,20191011,5.55,5.55,5.55,5.55,572
GHCL,20191011,209.7,210.6,203.8,204.8,47631
GICHSGFIN,20191011,135.7,137.9,132.6,133.85,45794
GICRE,20191011,209.5,213.45,208.3,210.55,38213
GILLANDERS,20191011,29,30.6,27.55,30.45,564
GILLETTE,20191011,7025.9,7124.95,7020,7100.55,6480
GINNIFILA,20191011,7.5,7.85,7.1,7.15,28090
GIPCL,20191011,67.4,68.45,67.4,67.7,34419
GKWLIMITED,20191011,770,789.9,751,771.5,44
GLAXO,20191011,1361,1383.5,1350,1361.95,32731
GLENMARK,20191011,289.75,290.95,280.25,286.5,1430154
GLFL,20191011,1.35,1.35,1.35,1.35,1
GLOBALVECT,20191011,51.1,55.75,50.25,50.5,5386
GLOBOFFS,20191011,5.9,6.2,5.9,6.2,2223
GLOBUSSPR,20191011,118.15,119.35,116.45,117.45,21980
GMBREW,20191011,379,395.05,375.25,378.5,127418
GMDCLTD,20191011,57.75,58.15,57.2,57.6,89243
GMMPFAUDLR,20191011,1510,1510,1483.15,1486.75,4589
GMRINFRA,20191011,17.3,17.5,16.9,17.2,12119775
GNA,20191011,229.15,235.8,221.9,224.5,25739
GNFC,20191011,202,203.25,196.6,200.85,163499
GOACARBON,20191011,222.1,222.1,214.7,214.7,13680
GOCLCORP,20191011,285,285,278.15,282.5,6506
GODFRYPHLP,20191011,980.25,1000,972.1,979.6,53859
GODREJAGRO,20191011,475.3,480,466.95,474.7,23597
GODREJCP,20191011,676,694.95,676,692.35,984496
GODREJIND,20191011,382.1,384.95,377,378.9,61370
GODREJPROP,20191011,981.8,995,975,991.15,102401
GOKEX,20191011,86.1,87.25,83.1,85.9,18893
GOKUL,20191011,12.85,13.2,12.85,13.05,1720
GOKULAGRO,20191011,13.45,14.45,13.45,14.15,39318
GOLDBEES,20191011,3356.1,3376.7,3341.5,3366.15,19540
GOLDENTOBC,20191011,27.5,28.25,27.5,28,247
GOLDIAM,20191011,131.65,134,127.1,131.3,44568
GOLDSHARE,20191011,3405,3413.65,3383.65,3391.2,1573
GOLDTECH,20191011,9.45,9.95,9.05,9.9,4455
GOODLUCK,20191011,51.4,53.5,49,49.55,17376
GPIL,20191011,128.95,136.6,127,133.3,64830
GPPL,20191011,79.1,80.5,78.25,79.7,69130
GPTINFRA,20191011,40,42.7,35,39.9,28480
GRANULES,20191011,102.6,102.6,100.5,101.1,220761
GRAPHITE,20191011,275.45,276.4,263.45,265.25,1074394
GRASIM,20191011,696.1,705.8,688,691.4,1699910
GRAVITA,20191011,40.05,41.7,39.7,41.3,21169
GREAVESCOT,20191011,138.15,138.15,134.95,135.3,80578
GREENLAM,20191011,885,909,875,881.4,980
GREENPLY,20191011,155.25,158,155,155.1,13795
GREENPOWER,20191011,1.95,2,1.9,1.9,92278
GRINDWELL,20191011,598.05,600,589,595.05,11797
GROBTEA,20191011,305.05,305.05,281.05,285.1,30
GRPLTD,20191011,900,901,885.05,901,40
GRSE,20191011,170.3,170.85,163.15,165.45,165105
GRUH,20191011,289,327.4,288,302.6,16340311
GSCLCEMENT,20191011,16.95,17.15,16.55,17.1,6007
GSFC,20191011,77,78.85,75.5,77.9,323286
GSKCONS,20191011,8451.9,8620,8451.9,8555.8,18700
GSPL,20191011,206.3,213.95,206.3,211.5,755247
GSS,20191011,25.5,26.2,24.7,25.15,81279
GTL,20191011,1.8,1.8,1.75,1.75,18731
GTLINFRA,20191011,0.5,0.55,0.5,0.55,2167870
GTNIND,20191011,6.7,6.7,6.7,6.7,625
GTNTEX,20191011,7,7.9,6.7,6.8,5087
GTPL,20191011,74.05,78.1,73,74.3,55881
GUFICBIO,20191011,72.15,75.15,72.15,74.3,33692
GUJALKALI,20191011,424.25,444,423.95,432,61790
GUJAPOLLO,20191011,142.25,142.25,133.55,137.1,1619
GUJGASLTD,20191011,170.4,172.75,169.3,171.2,545774
GUJRAFFIA,20191011,9,9,9,9,79
GULFOILLUB,20191011,851.5,868.95,849.95,850.15,2557
GULFPETRO,20191011,37,40.7,37,40.15,24095
GULPOLY,20191011,39.9,39.9,36.4,38.85,8939
GVKPIL,20191011,3.9,3.95,3.85,3.9,724030
HAL,20191011,693,727.65,693,720.15,21536
HARITASEAT,20191011,397.05,412.95,397.05,412,1695
HARRMALAYA,20191011,52,53,48.7,49.2,44887
HATHWAY,20191011,19.85,20.6,19.2,19.6,310566
HATSUN,20191011,639,645.9,625,628.1,2275
HAVELLS,20191011,662.65,667.15,654.3,660.7,884947
HAVISHA,20191011,0.5,0.5,0.5,0.5,3045
HBLPOWER,20191011,16.55,16.9,16.05,16.3,154861
HBSL,20191011,7,7,7,7,32
HCC,20191011,8.05,8.15,8,8.05,450281
HCG,20191011,103.9,109,103.9,105.95,3323
HCL-INSYS,20191011,6.9,7.1,6,6.65,706189
HCLTECH,20191011,1050,1090,1048,1079.5,2156390
HDFC,20191011,1997.95,2025.5,1980.25,2010.15,2882644
HDFCAMC,20191011,2740,2749.9,2710.05,2726,157294
HDFCBANK,20191011,1213.4,1224,1188.95,1198.8,8593159
HDFCLIFE,20191011,585,599.7,584,590.65,4147792
HDFCMFGETF,20191011,3454.75,3475.95,3436.65,3457.55,2911
HDFCNIFETF,20191011,1179.99,1190.75,1173.13,1183,156
HDFCSENETF,20191011,4065,4065,3960,3999.27,63
HDIL,20191011,2.9,2.9,2.9,2.9,135334
HEG,20191011,924,927.75,882.7,892.75,282390
HEIDELBERG,20191011,184,184.95,182.1,183.1,94617
HERCULES,20191011,83.25,83.35,79.1,81.35,13902
HERITGFOOD,20191011,336,337,324.3,326.85,125753
HEROMOTOCO,20191011,2614.85,2635,2567.9,2597.85,594047
HESTERBIO,20191011,1700.05,1717.65,1687.55,1693.9,3156
HEXATRADEX,20191011,7.2,7.2,7.2,7.2,2710
HEXAWARE,20191011,353,371.4,352.5,368.65,804472
HFCL,20191011,17,17.35,16.9,17.05,1850894
HGINFRA,20191011,208.45,209.8,193.8,197.8,30406
HGS,20191011,579.7,579.7,560.05,561.35,544
HIKAL,20191011,143.8,146,142,143.1,99788
HIL,20191011,1211.35,1250,1210.55,1234.15,6039
HILTON,20191011,8.05,8.65,7.85,8.3,2944
HIMATSEIDE,20191011,142.1,143.75,140.05,141.6,34537
HINDALCO,20191011,183.5,189.2,183.3,187.2,7642682
HINDCOMPOS,20191011,177,180,168.2,175.75,461
HINDCOPPER,20191011,30.8,30.8,29.7,29.9,962329
HINDMOTORS,20191011,5.35,5.45,5.15,5.35,53706
HINDNATGLS,20191011,30.7,32.9,30.65,30.65,2029
HINDOILEXP,20191011,91.5,91.8,89.65,90.4,126150
HINDPETRO,20191011,310.3,313.95,302.1,308.45,5158308
HINDUJAVEN,20191011,325.95,328.45,317.95,322.35,825
HINDUNILVR,20191011,1985.85,2016.9,1975.5,2004.65,1934337
HINDZINC,20191011,205.75,209.5,204.5,207.25,327027
HIRECT,20191011,166.95,174,161.3,173,71034
HISARMETAL,20191011,49.85,49.85,48,48,664
HITECH,20191011,152,157.5,151.6,155.85,6947
HITECHCORP,20191011,80.1,83.85,80.1,83.35,1189
HITECHGEAR,20191011,149.95,153.9,146.15,151.05,1689
HMVL,20191011,70.35,72.8,70.3,71.7,1216
HNDFDS,20191011,540.95,540.95,527,531.6,1344
HNGSNGBEES,20191011,3194.99,3220,3190,3220,30
HONAUT,20191011,27789.95,28930,27789.95,28612.35,2357
HONDAPOWER,20191011,1135,1195,1133.1,1186.5,10254
HOTELEELA,20191011,6.8,6.85,6.5,6.7,126100
HOVS,20191011,71.55,72.55,70,70.45,66597
HPL,20191011,40.5,40.5,39.5,39.65,11922
HSCL,20191011,76,77.05,74.2,74.55,293175
HSIL,20191011,39.45,40.05,39.3,39.95,70745
HTMEDIA,20191011,20,20.2,19.55,19.8,61478
HUBTOWN,20191011,12.5,13.75,12.5,13.5,44997
HUDCO,20191011,32.4,32.7,32.1,32.45,420686
IBMFNIFTY,20191011,109.06,112.79,109.06,109.67,476
IBREALEST,20191011,41.9,43.4,41.45,43.4,2749458
IBULHSGFIN,20191011,190.55,218,176.5,209.9,89330792
IBULISL,20191011,90.5,90.5,90.5,90.5,8649
IBVENTURES,20191011,100.5,109,99,104,4575860
ICICI500,20191011,148.76,149.02,147.06,148.56,1273
ICICIB22,20191011,33.8,34.23,33.69,33.84,36562888
ICICIBANK,20191011,427.95,433.25,422.1,428.55,18004922
ICICIBANKN,20191011,285.39,285.89,279.11,280.43,2973
ICICIBANKP,20191011,156.7,159.68,155.72,157.25,1153
ICICIGI,20191011,1199.9,1220,1185.05,1206.85,393916
ICICIGOLD,20191011,34.3,35.7,34.3,34.5,18425
ICICILIQ,20191011,1000,1000,999.99,999.99,12732
ICICILOVOL,20191011,91.1,91.1,88.82,89.49,223
ICICIMCAP,20191011,61,63.7,59.7,60.9,21684
ICICINF100,20191011,122.53,122.68,121.24,122.33,724
ICICINIFTY,20191011,118,119.5,116.1,118.59,65118
ICICINV20,20191011,56.5,56.5,54.51,55.07,2983
ICICINXT50,20191011,27.75,27.75,26.66,26.87,20193
ICICIPRULI,20191011,438.3,451.8,435.7,440.8,2602717
ICICISENSX,20191011,400,407.95,397,406.7,107
ICIL,20191011,42.5,43.9,42,43.65,83343
ICRA,20191011,2585.05,2671.4,2580,2594.5,1084
IDBI,20191011,29.45,30,29.15,29.5,1607503
IDBIGOLD,20191011,3585,3585,3501.05,3512,8
IDEA,20191011,6,6.15,5.85,6,122282409
IDFC,20191011,31.5,31.5,30.75,31.15,1053382
IDFCFIRSTB,20191011,37.2,37.75,37.1,37.45,16696623
IDFNIFTYET,20191011,115,115,111.62,113.35,115
IEX,20191011,124.15,128.5,123.15,124.95,72410
IFBAGRO,20191011,380,422.7,380,390.05,25872
IFBIND,20191011,653.55,672,645,658.45,5450
IFCI,20191011,6.6,6.7,6.35,6.4,1152514
IFGLEXPOR,20191011,155,160.1,155,159.3,2088
IGARASHI,20191011,195.15,195.15,185.8,191.15,55781
IGL,20191011,372.9,377.95,370.55,372.4,2854274
IGPL,20191011,150,152,146,149.3,7452
IIFL,20191011,113.1,117.7,111.45,112.85,46631
IIFLSEC,20191011,22.95,22.95,20.55,20.7,132637
IIFLWAM,20191011,1195.95,1199.95,1150,1155.95,20687
IITL,20191011,60.3,60.3,57.05,57.05,365
IMFA,20191011,182,184,177,179.2,4379
IMPAL,20191011,1002.5,1009,981,985.8,2007
IMPEXFERRO,20191011,0.25,0.35,0.25,0.25,11565
INDBANK,20191011,7,7.25,6.8,6.95,17543
INDHOTEL,20191011,152.35,153.8,149.2,150.65,1003177
INDIACEM,20191011,81.8,83.25,81.2,82,1132698
INDIAGLYCO,20191011,211.55,217.7,208.25,209.55,73264
INDIAMART,20191011,2229.9,2278,2145.15,2164.15,49589
INDIANB,20191011,113.4,115.85,111,111.9,778293
INDIANCARD,20191011,110.2,110.2,110.2,110.2,39
INDIANHUME,20191011,261,263.15,253.2,255.45,10994
INDIGO,20191011,1799,1800,1741.55,1749.65,688813
INDLMETER,20191011,17.2,17.2,15.7,15.75,1248
INDNIPPON,20191011,318,337.1,316,319.05,5813
INDOCO,20191011,143.65,143.65,132.45,135.75,32224
INDORAMA,20191011,28.9,29.05,27.55,28.5,3607
INDOSTAR,20191011,211.7,213.15,200,202.75,35266
INDOTECH,20191011,82.1,85.95,80.35,81.9,414
INDOTHAI,20191011,23.95,23.95,21.7,22.75,15503
INDOWIND,20191011,2.8,2.85,2.65,2.75,54590
INDRAMEDCO,20191011,36.15,36.3,35.85,36.05,10945
INDSWFTLAB,20191011,40.65,40.65,37.8,39.45,41550
INDSWFTLTD,20191011,5.45,5.45,5.35,5.35,200
INDTERRAIN,20191011,68.85,78,68.75,72.95,7983
INDUSINDBK,20191011,1235.95,1253.95,1191.35,1223.2,12987781
INEOSSTYRO,20191011,617,639,617,629.4,3081
INFIBEAM,20191011,39.7,40.2,39.15,40,981710
INFOBEAN,20191011,67,67.8,65.2,66.45,1951
INFRABEES,20191011,327,334,325.71,328.5,400
INFRATEL,20191011,256.65,259.6,252.35,258.15,1556248
INFY,20191011,781.5,823.8,776.6,814.8,20636344
INGERRAND,20191011,620.4,624,619.05,620.75,7304
INOXLEISUR,20191011,331,334.45,323,332.4,105772
INOXWIND,20191011,32.35,34.4,32,32.1,18653
INSECTICID,20191011,576.7,579.7,548.45,568.3,11719
INSPIRISYS,20191011,46.7,46.8,42.15,44.95,690
INTEGRA,20191011,0.3,0.3,0.3,0.3,29
INTELLECT,20191011,182.25,184.65,179.75,180.55,82149
INTENTECH,20191011,28.2,30,27.5,29,10718
INVENTURE,20191011,14.1,14.7,13.6,14.2,49504
IOB,20191011,9.65,9.7,9.5,9.5,288388
IOC,20191011,147.2,147.85,140.65,143.4,11999248
IOLCP,20191011,168,173.75,168,172.05,257359
IPAPPM,20191011,323.65,342,322.15,328.25,41128
IPCALAB,20191011,860,906.7,854,861.75,257113
IRB,20191011,64.9,64.9,56.15,61.05,2983786
IRCON,20191011,374.2,387.5,372.2,378.7,261352
ISEC,20191011,271.6,275,265.1,266.45,32423
ISFT,20191011,89.95,90,83.35,85.55,822
ISMTLTD,20191011,3.9,3.9,3.6,3.8,37066
ITC,20191011,243.2,246.2,241.1,243.95,25072193
ITDC,20191011,240,248.8,236,240.25,59109
ITDCEM,20191011,41.85,42.05,40.1,40.25,147500
ITI,20191011,84.1,84.8,81.15,82.4,530057
IVC,20191011,4.45,4.6,3.85,4,641253
IVP,20191011,58.5,60,57.6,57.6,1477
IVZINGOLD,20191011,3494.95,3494.95,3494.95,3494.95,1
IVZINNIFTY,20191011,1208.7,1208.7,1199,1199,2
IZMO,20191011,29.2,29.95,28.2,28.8,6766
J&KBANK,20191011,32.15,32.5,31.4,31.8,603723
JAGRAN,20191011,56,56.05,55.6,56,134042
JAGSNPHARM,20191011,22.45,24.25,22.45,24,10279
JAIBALAJI,20191011,20,20.05,18.5,18.85,5065
JAICORPLTD,20191011,75.8,77.2,73.75,74.55,636517
JAINSTUDIO,20191011,1.8,1.9,1.8,1.9,1040
JAMNAAUTO,20191011,35.05,35.6,34.1,34.6,409272
JAYAGROGN,20191011,133.3,137.75,126.1,131.45,17895
JAYBARMARU,20191011,183.8,201.4,182.95,191.6,253554
JAYNECOIND,20191011,4.4,4.4,4.05,4.05,34328
JAYSREETEA,20191011,51.05,51.05,47.15,48.4,56112
JBCHEPHARM,20191011,354.5,361.6,354.05,360.45,37276
JBFIND,20191011,7.8,8.05,7.6,7.7,44863
JBMA,20191011,219,245.9,216,234.3,697618
JCHAC,20191011,1948.65,1975,1929.8,1948.05,1598
JHS,20191011,15.1,15.6,15,15.15,16841
JIKIND,20191011,0.2,0.2,0.15,0.15,12659
JINDALPHOT,20191011,13.6,13.6,13.6,13.6,4740
JINDALPOLY,20191011,222.25,225.75,220,220.2,10795
JINDALSAW,20191011,81.9,83.5,81.4,82.3,309601
JINDALSTEL,20191011,96.65,100.25,95.25,97.45,26700762
JINDCOT,20191011,1.95,2,1.9,1.9,1279
JINDRILL,20191011,74.9,74.9,70,71.6,5139
JINDWORLD,20191011,57,57.25,54.35,57,163738
JISLDVREQS,20191011,11.85,12.4,11.35,11.35,61854
JISLJALEQS,20191011,14.2,15.5,13.7,14.6,2273201
JITFINFRA,20191011,6.6,7.1,6.6,6.65,482
JIYAECO,20191011,40.6,41.8,39.65,40.7,86525
JKCEMENT,20191011,1042.5,1056.95,1030,1040.2,107031
JKIL,20191011,143.95,143.95,138.5,140.55,186284
JKLAKSHMI,20191011,287.95,291.25,283.25,284.4,25227
JKPAPER,20191011,117.35,118.8,115,116.35,749485
JKTYRE,20191011,66.1,66.8,64.75,65.6,301178
JMA,20191011,22.25,22.25,22.25,22.25,27
JMCPROJECT,20191011,107.95,108,105.45,105.95,7442
JMFINANCIL,20191011,71,73,70.55,71.25,194606
JMTAUTOLTD,20191011,1.25,1.3,1.2,1.2,56668
JOCIL,20191011,85.4,85.4,85,85,3
JPASSOCIAT,20191011,2.25,2.35,2.2,2.25,3360337
JPINFRATEC,20191011,1.25,1.25,1.25,1.25,707435
JPOLYINVST,20191011,11.7,14.15,11.7,14.1,674
JPPOWER,20191011,1.4,1.4,1.15,1.2,9052511
JSL,20191011,34.5,35,33.5,33.6,156735
JSLHISAR,20191011,63.95,66.5,63.6,65.85,168635
JSWENERGY,20191011,61.5,62,60.3,60.95,220200
JSWHL,20191011,2771,2796.55,2750,2752.35,467
JSWSTEEL,20191011,215,220.9,212.8,217.25,8965423
JTEKTINDIA,20191011,75.95,79,73.95,77.9,63015
JUBILANT,20191011,472.8,477.95,468.6,472.05,110081
JUBLFOOD,20191011,1330.3,1340,1302,1323.85,743864
JUBLINDS,20191011,100,100,97.7,99.2,4528
JUMPNET,20191011,56.95,57,55.9,56.3,166315
JUNIORBEES,20191011,277,277,274,276.09,97575
JUSTDIAL,20191011,612.05,621.3,603.65,617.15,1817355
JYOTHYLAB,20191011,157.55,160.6,156.9,158.35,38292
KABRAEXTRU,20191011,63.3,65.35,63,65.2,4356
KAJARIACER,20191011,561.65,569.5,556.05,564.8,73571
KAKATCEM,20191011,152.1,154,149,149.4,4500
KALPATPOWR,20191011,459.95,459.95,444.2,449.25,60387
KALYANIFRG,20191011,168.1,168.1,160.2,161.65,65
KAMATHOTEL,20191011,37,37.45,33.85,35.35,46154
KAMDHENU,20191011,104.5,107.35,100.75,101.7,2830
KANANIIND,20191011,3,3.3,2.7,2.75,1467
KANORICHEM,20191011,42.35,42.8,41.3,41.35,6616
KANSAINER,20191011,517.9,523.05,503.45,507.6,144286
KARDA,20191011,171.3,174.1,170.8,172.95,55725
KARMAENG,20191011,8.85,8.95,7.6,8.7,910
KARURVYSYA,20191011,58,59.4,58,59.05,394197
KAVVERITEL,20191011,2.5,2.5,2.3,2.5,365
KAYA,20191011,344.4,401.95,344,390.65,55554
KCP,20191011,64.2,64.75,63.5,63.85,31666
KCPSUGIND,20191011,12.3,12.4,12.1,12.15,23302
KDDL,20191011,390,390,380,380,3686
KEC,20191011,271.5,280.1,271.5,278.95,147798
KECL,20191011,7.85,8.3,7.85,7.95,17492
KEI,20191011,535,537.5,531.35,534.95,45600
KELLTONTEC,20191011,17.15,17.15,17.15,17.15,20655
KENNAMET,20191011,1041.95,1074.9,1041.9,1064.05,624
KERNEX,20191011,26.65,27.3,26.65,27.3,1310
KESARENT,20191011,30.05,32.25,30,31.4,6051
KESORAMIND,20191011,49.2,49.8,47.3,47.9,155117
KGL,20191011,0.2,0.2,0.15,0.2,5516370
KHADIM,20191011,221.55,228.45,216.5,221.1,8628
KHANDSE,20191011,14.2,14.2,14.2,14.2,500
KICL,20191011,1669.85,1669.85,1580,1624.3,379
KILITCH,20191011,115.3,120,115,119.3,5831
KINGFA,20191011,638,661.45,629.15,637.5,687
KIOCL,20191011,117.55,122.9,117.55,118.3,10927
KIRIINDUS,20191011,450,459.4,434.3,453.9,80328
KIRLOSBROS,20191011,144.3,146.6,141.9,143,5752
KIRLOSENG,20191011,172.15,174.4,171,172.15,6251
KIRLOSIND,20191011,696,696,677.15,681.3,103
KITEX,20191011,89.3,90.3,87.3,88,21436
KKCL,20191011,968.1,968.1,953.1,968,202
KMSUGAR,20191011,6.25,6.25,5.95,6.05,71301
KNRCON,20191011,224.9,228,219.7,225.3,53292
KOHINOOR,20191011,11.2,11.9,11.2,11.2,10922
KOKUYOCMLN,20191011,60.7,62.75,60.65,61.4,21592
KOLTEPATIL,20191011,236.15,248,230.5,243.4,64055
KOPRAN,20191011,24.3,25.15,24.15,24.3,28370
KOTAKBANK,20191011,1595.2,1625,1575.2,1587.75,2425841
KOTAKBKETF,20191011,289.79,293,284,287.16,146926
KOTAKGOLD,20191011,339,347,337.1,341.55,88005
KOTAKNIFTY,20191011,116.69,117.47,115.81,116.7,27325
KOTAKNV20,20191011,55.99,56.7,55.11,56.31,9351
KOTAKPSUBK,20191011,219.89,219.89,211.7,213.27,6018
KOTARISUG,20191011,10.1,10.65,9.8,10.1,50523
KOTHARIPET,20191011,16.4,16.4,15.85,15.95,2852
KOTHARIPRO,20191011,58,58.7,56.3,56.9,2071
KPITTECH,20191011,97.35,102.6,96.5,101.45,227031
KPRMILL,20191011,551.05,562.4,551.05,560,6194
KRBL,20191011,216.65,218.95,213,215.65,46587
KREBSBIO,20191011,86.35,86.5,83,83.75,319
KRIDHANINF,20191011,7,7,6.45,6.45,60972
KRISHANA,20191011,60.6,60.6,53,53,399
KSB,20191011,645.95,656.85,633.65,636.95,4055
KSCL,20191011,463,469,459,461.7,114670
KSERASERA,20191011,0.1,0.1,0.05,0.1,463929
KSK,20191011,0.5,0.5,0.45,0.45,258181
KSL,20191011,185.7,189.25,183,183.65,19475
KTIL,20191011,33.95,33.95,28.8,31.75,5299
KTKBANK,20191011,71.2,72.05,70.5,71.1,765112
KWALITY,20191011,1.6,1.6,1.6,1.6,127948
L&TFH,20191011,81.9,82.55,78.9,80.55,10665887
LAKSHVILAS,20191011,24.4,24.4,24.4,24.4,64745
LALPATHLAB,20191011,1368,1384.95,1336,1373.7,158590
LAMBODHARA,20191011,31.4,31.4,28.65,29.7,2118
LAOPALA,20191011,165,175,162.85,170.95,33573
LASA,20191011,17.35,17.45,17.2,17.45,10545
LAURUSLABS,20191011,336,336,316.35,326.55,24686
LAXMIMACH,20191011,3350,3357.45,3294.35,3309.4,1770
LEMONTREE,20191011,55.55,56.25,55.25,55.65,280941
LGBBROSLTD,20191011,278,278,265.2,266.8,2050
LGBFORGE,20191011,2.9,2.9,2.6,2.65,4228
LIBAS,20191011,57,58,57,57.5,200
LIBERTSHOE,20191011,104.6,108.7,104.6,105.6,74996
LICHSGFIN,20191011,371.65,378.2,366.35,370.3,1687027
LICNETFGSC,20191011,20.64,20.64,20,20.05,427
LICNETFN50,20191011,116.5,119,116.5,117.85,18
LICNETFSEN,20191011,440.05,474,425.5,437,56
LICNFNHGP,20191011,116.5,117.3,116.5,117.3,695
LINCOLN,20191011,144.1,146.55,143.2,144.4,7705
LINCPEN,20191011,171,176.95,170.6,173.6,185
LINDEINDIA,20191011,514,518.95,508.9,510.8,8352
LIQUIDBEES,20191011,1000,1000.03,999.6,999.99,711820
LIQUIDETF,20191011,999.99,1000.01,999.99,999.99,7989
LOKESHMACH,20191011,37.15,37.15,35,35.95,18178
LOTUSEYE,20191011,21.2,21.25,20.65,20.75,2173
LOVABLE,20191011,58,59.25,56.65,57.45,11931
LPDC,20191011,1.5,1.6,1.45,1.6,3079
LSIL,20191011,0.45,0.5,0.45,0.5,191556
LT,20191011,1431,1450,1420.2,1427.7,2024214
LTI,20191011,1468,1490,1463,1476.4,47682
LTTS,20191011,1537.5,1570,1531,1559.45,77733
LUMAXIND,20191011,1137.95,1189.95,1137.95,1177.95,2275
LUMAXTECH,20191011,84.55,87.25,84,84.45,5444
LUPIN,20191011,692.65,704,683,701.65,1131255
LUXIND,20191011,1152.15,1179.5,1150,1169.45,43136
LYKALABS,20191011,16.2,16.5,15.5,15.85,5489
LYPSAGEMS,20191011,4.55,4.55,3.95,4.25,5498
M&M,20191011,568.55,574.3,554.1,560.1,3133395
M&MFIN,20191011,328,331.2,321.45,323.2,1076806
M100,20191011,16.6,16.6,16.2,16.34,20654
M50,20191011,110.8,111.13,109.28,110.58,1189
MAANALU,20191011,63,63,60.1,62,2651
MADHAV,20191011,25.45,25.5,21.75,23.45,7150
MADHUCON,20191011,3.8,3.9,3.7,3.9,7236
MADRASFERT,20191011,20.05,20.5,19.7,20,138581
MAGADSUGAR,20191011,102,104.45,99.6,101.2,11204
MAGMA,20191011,46.7,49.1,45.4,45.85,67102
MAGNUM,20191011,3,3,2.8,3,20543
MAHABANK,20191011,10.4,10.45,10.05,10.35,410831
MAHAPEXLTD,20191011,80.1,83.9,80.1,82.2,410
MAHASTEEL,20191011,142.05,145.9,139.95,141.5,20191
MAHESHWARI,20191011,215,215,212.2,212.75,31029
MAHINDCIE,20191011,146.85,147.8,142.6,143.95,56956
MAHLIFE,20191011,440,445,439.8,444.5,34957
MAHLOG,20191011,368.9,368.9,359,365.4,17726
MAHSCOOTER,20191011,4451.25,4545,4415.4,4520.25,4774
MAHSEAMLES,20191011,354.55,359.8,352.5,356.35,4406
MAITHANALL,20191011,430.05,441.3,426.15,430.2,15558
MAJESCO,20191011,431.8,434.3,422.7,424.3,5037
MALUPAPER,20191011,28.45,28.45,28.45,28.45,5057
MAN50ETF,20191011,114.45,114.45,113.4,114.4,15020
MANAKALUCO,20191011,4.25,4.6,4.2,4.35,6419
MANAKCOAT,20191011,5,5,4.6,4.75,5960
MANAKSIA,20191011,32.8,33,32,32.4,7228
MANAKSTEEL,20191011,11.9,11.9,10.5,10.6,8320
MANALIPETC,20191011,18.2,18.3,17,17.7,177597
MANAPPURAM,20191011,139.05,141.9,138.25,140.25,4452616
MANGALAM,20191011,26.95,27.5,25.25,26.6,9244
MANGCHEFER,20191011,32.75,32.9,31.6,31.95,35064
MANGLMCEM,20191011,288,292.35,281.2,282.5,150863
MANGTIMBER,20191011,6.05,6.05,5.75,5.75,2014
MANINDS,20191011,40.7,42.6,39.15,39.85,18943
MANINFRA,20191011,19.5,20.2,19.5,20,79562
MANUGRAPH,20191011,13.4,13.75,12.65,12.95,15596
MARALOVER,20191011,16.55,17.1,16,16.2,14931
MARATHON,20191011,72.05,74,70,70.75,3243
MARICO,20191011,385.7,387.75,381.05,383.45,1273100
MARKSANS,20191011,12.85,13.1,12.55,12.75,359718
MARUTI,20191011,6626.3,6720,6626.3,6698.9,835065
MASFIN,20191011,690,699,686.15,697.15,18137
MASTEK,20191011,304.5,314.1,300.5,306.2,22886
MATRIMONY,20191011,526.15,539,523.15,530,17046
MAWANASUG,20191011,34.85,35,34.15,34.4,30100
MAXINDIA,20191011,66.75,66.9,63.6,65.85,96413
MAXVIL,20191011,41,41.85,39.1,39.95,25344
MAYURUNIQ,20191011,212.45,216.8,211.5,214.7,10025
MAZDA,20191011,350,361,345.2,360,592
MBAPL,20191011,83,83,77,79.95,24
MBECL,20191011,4.1,4.1,3.8,4,2461
MBLINFRA,20191011,5.4,5.4,5.05,5.05,14663
MCDHOLDING,20191011,18,18,17.2,17.45,5979
MCDOWELL-N,20191011,615.25,621,603,609.3,1194736
MCLEODRUSS,20191011,7.1,7.5,7.05,7.25,209831
MCX,20191011,1010,1019.8,990,1003.9,1017426
MEGASOFT,20191011,6.3,6.35,6.3,6.35,6864
MEGH,20191011,50.4,51.3,49.05,49.25,358957
MELSTAR,20191011,1,1,1,1,1
MENONBE,20191011,58.7,59.9,58.7,59.55,3433
MEP,20191011,26.3,26.75,24.6,25.75,75845
MERCATOR,20191011,0.95,0.95,0.9,0.9,557064
METALFORGE,20191011,5.4,5.4,4.75,4.85,14509
METROPOLIS,20191011,1275.5,1294.3,1225.75,1284.2,63438
MFSL,20191011,407.95,413.6,402.95,409.3,212019
MGL,20191011,920,927.8,912.1,916.05,415044
MHRIL,20191011,213,213,208.35,209.35,15384
MIC,20191011,0.4,0.45,0.35,0.4,208081
MIDHANI,20191011,121.5,124.3,121.5,122.95,189472
MINDACORP,20191011,85,85.5,81.55,83.25,30754
MINDAIND,20191011,342,359,340.35,353.75,125644
MINDTECK,20191011,35.7,35.7,30.55,32.85,8984
MINDTREE,20191011,719,742.8,715.8,724.9,970287
MIRCELECTR,20191011,6.3,6.9,6.05,6.9,233975
MIRZAINT,20191011,54.9,55,52.75,52.95,186642
MMFL,20191011,377.9,383.6,370.6,377.1,8558
MMTC,20191011,15.15,15.3,14.75,14.95,744898
MOHITIND,20191011,4.5,4.8,4.2,4.65,4005
MOHOTAIND,20191011,13.1,14.35,13.1,14.2,3856
MOIL,20191011,133.15,134.8,132,132.45,106508
MOLDTECH,20191011,51,53.55,51,53.1,9976
MOLDTKPAC,20191011,295,302,295,297.65,6995
MONTECARLO,20191011,220.05,235,216,233.15,23576
MORARJEE,20191011,13,13.7,12.55,13.25,815
MOREPENLAB,20191011,15.95,15.95,15.6,15.65,229717
MOTHERSUMI,20191011,96.75,97.35,95.1,95.95,6871391
MOTILALOFS,20191011,589,604.9,582.35,587.4,22047
MOTOGENFIN,20191011,36.9,37.8,34.2,37,530
MPHASIS,20191011,914.45,914.45,880.1,884.1,377223
MPSLTD,20191011,484.35,500,484.35,496.65,1886
MRF,20191011,61250,61887.55,61050,61722.7,4974
MRO-TEK,20191011,17.4,17.4,17.4,17.4,45
MRPL,20191011,50.65,51.45,50.55,50.9,321437
MSPL,20191011,5,5.1,5,5,4474
MSTCLTD,20191011,91.55,94.8,91,93,17545
MTEDUCARE,20191011,15.35,15.35,15.35,15.35,3940
MTNL,20191011,5.55,5.7,5.5,5.5,802630
MUKANDENGG,20191011,11,11.9,10.9,11.25,1814
MUKANDLTD,20191011,32,32,28.15,29.95,3257
MUKTAARTS,20191011,36.25,37.5,35.6,36,16556
MUNJALAU,20191011,38.85,38.9,37,37.1,68865
MUNJALSHOW,20191011,124.35,127.8,124,124.95,6410
MURUDCERA,20191011,16.6,16.6,15.2,15.4,22671
MUTHOOTCAP,20191011,436.2,499,436.2,445.7,16263
MUTHOOTFIN,20191011,670.95,679.25,654.4,663.25,764787
MVL,20191011,0.1,0.1,0.05,0.05,437326
N100,20191011,538,545.99,538,541.95,3982
NACLIND,20191011,27.6,28.5,27.5,27.95,39065
NAGAFERT,20191011,3,3.1,2.85,2.95,120660
NAGAROIL,20191011,0.2,0.25,0.2,0.2,251288
NAGREEKCAP,20191011,7.25,7.35,6.8,7.35,4629
NAGREEKEXP,20191011,14.3,17,14.3,15.7,84651
NAHARCAP,20191011,71.1,71.5,70,70.7,1164
NAHARINDUS,20191011,23.5,26.4,23.45,23.9,5139
NAHARPOLY,20191011,34.05,34.5,32.1,33,6772
NAHARSPING,20191011,47.55,52.3,47.55,48.05,7696
NATCOPHARM,20191011,554.9,562.95,551,560.4,42354
NATHBIOGEN,20191011,320.45,330.9,313.1,318.6,25328
NATIONALUM,20191011,42,42.9,40.55,41.05,12006904
NATNLSTEEL,20191011,1.85,1.95,1.85,1.9,7438
NAUKRI,20191011,2283.65,2313.95,2227.05,2259.45,245375
NAVINFLUOR,20191011,720.4,747,720.4,726,116108
NAVKARCORP,20191011,34.2,35.05,33.75,33.85,86347
NAVNETEDUL,20191011,101.1,103.95,100.2,101.1,30342
NBCC,20191011,33.95,34.25,32.4,32.65,17002087
NBIFIN,20191011,1398,1400,1286,1369.95,1246
NBVENTURES,20191011,75.95,76.2,74,74.55,34984
NCC,20191011,49.75,50.7,47.5,48.95,21178659
NCLIND,20191011,95.9,97.35,93.25,95.05,35684
NDGL,20191011,579.45,579.85,570,576.8,119
NDL,20191011,30.5,31.95,29.7,30.65,6340
NDTV,20191011,30.35,31,29.8,30.05,4697
NECCLTD,20191011,4.95,5.1,4.9,4.9,2747
NECLIFE,20191011,12.2,12.25,11.8,11.9,122793
NELCAST,20191011,36.2,36.85,35.2,36,21023
NELCO,20191011,233,236.7,229.7,230.45,37320
NEOGEN,20191011,364.5,364.5,354,356.75,7758
NESCO,20191011,563.7,569,552.2,565.15,16724
NESTLEIND,20191011,13819.85,14075,13819.85,14032.4,61075
NETF,20191011,114.09,114.09,114.09,114.09,1
NETWORK18,20191011,19.9,20.2,19.5,19.65,183972
NEULANDLAB,20191011,477.3,479.2,465.95,468.15,4612
NEWGEN,20191011,269,270,265.1,268.25,5810
NEXTMEDIA,20191011,9.15,9.55,9,9.35,1075
NFL,20191011,24.95,25.1,24.65,24.9,376552
NH,20191011,235.45,238,232,235.2,107515
NHPC,20191011,22.55,23.15,22.45,23.05,2470402
NIACL,20191011,97.5,99.15,96.7,97.05,95442
NIBL,20191011,6.75,6.75,6.75,6.75,808
NIFTYBEES,20191011,1189,1198.8,1184,1197.36,56743
NIITLTD,20191011,90.85,91.1,89.1,89.8,1657984
NIITTECH,20191011,1355,1417.6,1350.8,1412.1,397760
NILAINFRA,20191011,4.05,4.1,3.95,3.95,75284
NILASPACES,20191011,1.05,1.05,1,1,74470
NILKAMAL,20191011,1180.5,1195.15,1171,1173.05,4298
NIPPOBATRY,20191011,463.95,479.85,463.95,476.5,573
NITCO,20191011,24.45,24.95,23.35,24.95,117321
NITESHEST,20191011,1.65,1.65,1.55,1.6,49046
NITINSPIN,20191011,48,50.5,48,49.15,11745
NKIND,20191011,32.35,32.35,30.7,31,6519
NLCINDIA,20191011,54,54.45,53.7,53.9,171198
NMDC,20191011,95.75,97.7,94.85,96.75,8192667
NOCIL,20191011,103,104.95,101.1,103.1,574830
NOIDATOLL,20191011,4.1,4.15,3.9,3.95,7299
NPBET,20191011,161.74,161.74,157.09,158.31,284
NRAIL,20191011,232.95,232.95,221.2,225.85,5485
NRBBEARING,20191011,96.6,99.85,93,97.3,42880
NSIL,20191011,734,754,663.6,748.85,2089
NTL,20191011,0.4,0.4,0.3,0.3,16200
NTPC,20191011,117.2,118.35,115.9,116.7,9176578
NUCLEUS,20191011,314.8,314.8,308.35,310.7,2565
OAL,20191011,188,200.75,185.65,198.85,2259
OBEROIRLTY,20191011,498.5,507.4,482.1,496.15,270707
OCCL,20191011,1009.7,1010,997.05,1002.3,4738
OFSS,20191011,3079,3124,3054.85,3111.55,6958
OIL,20191011,147.5,149.7,146.55,149,993114
OILCOUNTUB,20191011,6.55,6.75,6.35,6.45,5314
OISL,20191011,4.4,4.4,4.4,4.4,2821
OLECTRA,20191011,196.9,197.45,189.35,190.45,30566
OMAXAUTO,20191011,40.85,43,39.1,40.55,21145
OMAXE,20191011,189.7,192.95,189.05,189.25,228585
OMKARCHEM,20191011,5.05,5.55,5.05,5.45,4296
OMMETALS,20191011,20.6,21.2,19.7,20.55,59022
ONELIFECAP,20191011,4.8,5.25,4.75,5.25,3518
ONEPOINT,20191011,17.3,17.3,15.5,15.7,432
ONGC,20191011,126.3,129.9,126.1,129,11840486
ONMOBILE,20191011,32.5,34.9,32.5,32.7,106998
ONWARDTEC,20191011,61.05,63.4,60.95,62.45,6029
OPTIEMUS,20191011,32,32.9,29.8,29.8,66816
OPTOCIRCUI,20191011,3.95,3.95,3.75,3.8,195523
ORBTEXP,20191011,85,87.8,84.05,85,1636
ORICONENT,20191011,18.5,19.3,18.35,18.7,26876
ORIENTABRA,20191011,16.8,16.95,16.35,16.55,7951
ORIENTALTL,20191011,13.2,13.95,13.2,13.4,2265
ORIENTBANK,20191011,52.9,53.65,50,51.15,1311543
ORIENTBELL,20191011,117.25,120,115.65,118.75,5269
ORIENTCEM,20191011,87,88.5,83,85.2,86382
ORIENTELEC,20191011,160.05,164.95,156.65,163.35,236138
ORIENTHOT,20191011,36.15,36.95,35.95,36.3,12595
ORIENTLTD,20191011,105.6,115,105.55,115,102
ORIENTPPR,20191011,24.7,25.15,24.4,24.55,167310
ORIENTREF,20191011,209.8,210.8,208.35,209.9,6113
ORISSAMINE,20191011,877,893,850.2,862.25,11173
ORTINLABSS,20191011,9.35,10.5,9.35,9.6,4124
OSWALAGRO,20191011,6.05,6.4,5.55,6,9248
PAGEIND,20191011,21355.15,21512.2,20742,20834.65,33238
PAISALO,20191011,413.6,413.6,405.55,408.1,20581
PALASHSECU,20191011,38.95,39.45,33.05,35.55,3448
PALREDTEC,20191011,18.4,19,17.6,17.8,1329
PANACEABIO,20191011,140,143.7,132.25,133.5,30869
PANAMAPET,20191011,71.1,72.95,70.75,71.3,7937
PAPERPROD,20191011,231.85,234,225,226.9,13705
PARABDRUGS,20191011,1.1,1.1,1.05,1.1,10339
PARACABLES,20191011,8.5,9.65,7.7,8,213945
PARAGMILK,20191011,160.4,163.95,153.5,154.85,178076
PARSVNATH,20191011,2.4,2.55,2.35,2.5,134760
PATELENG,20191011,9.5,10,9.3,9.5,279245
PATINTLOG,20191011,21,21.5,20.55,20.6,9660
PATSPINLTD,20191011,6,6.25,6,6,8044
PCJEWELLER,20191011,30.85,31.2,29.35,29.9,4597631
PDMJEPAPER,20191011,14.45,14.45,14.45,14.45,14361
PDPL,20191011,2.3,2.3,2.3,2.3,162
PDSMFL,20191011,327.9,327.9,320,322,859
PEARLPOLY,20191011,8.5,8.5,8,8.05,1374
PEL,20191011,1380,1390,1325.6,1365,2362935
PENIND,20191011,25.45,26.3,25.1,25.5,38375
PENINLAND,20191011,3.5,3.55,3.15,3.3,83300
PERSISTENT,20191011,566.85,578,560,575.8,20416
PETRONENGG,20191011,7.75,7.75,7.75,7.75,297
PETRONET,20191011,258.75,259.4,255.15,257.2,2670249
PFC,20191011,92.65,93.3,90.45,91.5,8389070
PFIZER,20191011,3113,3140.95,3113,3131.8,25779
PFOCUS,20191011,41.55,44.95,41.5,42.95,13230
PFS,20191011,12,12.15,11.85,11.95,290642
PGEL,20191011,43.45,44.9,43.45,44.25,28247
PGHH,20191011,11369,11590,11245,11499.65,2082
PGHL,20191011,4376,4483,4376,4418.25,7040
PGIL,20191011,162.55,167.65,158.5,159.8,3632
PHILIPCARB,20191011,114.1,115.45,111.15,112.3,279313
PHOENIXLTD,20191011,696.8,701.9,688.05,695,163422
PIDILITIND,20191011,1364.15,1382,1361.2,1365.9,372552
PIIND,20191011,1294,1335.8,1281,1324.1,166368
PILANIINVS,20191011,1948,1948.9,1909,1935.6,2867
PILITA,20191011,4.95,4.95,4.4,4.8,69556
PIONDIST,20191011,134.5,137.05,127.45,127.7,8829
PIONEEREMB,20191011,21.6,23.5,21.35,22.85,13448
PIRPHYTO,20191011,18.05,19,17.2,17.4,1024
PITTIENG,20191011,38.55,41.8,38.25,39.1,12086
PKTEA,20191011,120,120,120,120,8
PLASTIBLEN,20191011,170.5,178.8,169.05,170.4,4425
PNB,20191011,56.65,57.5,55.7,56.9,24739349
PNBGILTS,20191011,29.1,29.4,27.2,28.05,432680
PNBHOUSING,20191011,535.2,544,500.75,504.55,209027
PNC,20191011,14.2,14.2,13.1,13.35,740
PNCINFRA,20191011,170.25,171.6,165.5,168.15,210527
PODDARHOUS,20191011,383,394,365,365.15,521
PODDARMENT,20191011,156.1,164.9,156.1,158.1,379
POKARNA,20191011,151.5,155.2,150.65,154.1,70993
POLYCAB,20191011,662.2,674,662.1,665.85,34663
POLYMED,20191011,216.45,216.45,208.75,209.9,13358
POLYPLEX,20191011,443,445,436,437.7,30245
PONNIERODE,20191011,107,109.6,105.3,105.7,2028
POWERGRID,20191011,199.05,204.25,198.9,201,5916128
POWERMECH,20191011,681.05,699.9,660,679.95,13989
PPAP,20191011,191,196.5,190.15,192.75,16247
PPL,20191011,65.65,67.95,65.65,67.05,10649
PRABHAT,20191011,78.15,78.45,77.5,77.9,43416
PRADIP,20191011,0.6,0.6,0.6,0.6,510
PRAJIND,20191011,104.8,110.5,104.55,107.35,1167745
PRAKASH,20191011,40.9,42.5,40.9,41.7,231594
PRAKASHSTL,20191011,0.2,0.25,0.2,0.25,31750
PRAXIS,20191011,65,65,61,61.65,5214
PRECAM,20191011,26,28.2,25.9,27.4,45672
PRECOT,20191011,28.7,30.95,25.05,26,15788
PRECWIRE,20191011,149.3,151.5,145.2,149,2746
PREMEXPLN,20191011,170.75,172.25,170.6,172,5583
PREMIER,20191011,2.45,2.45,2.45,2.45,166
PREMIERPOL,20191011,19.75,20.15,17.05,19.25,2442
PRESSMN,20191011,21.6,21.9,20.4,21.85,874
PRESTIGE,20191011,278,283.1,274.5,277.05,51962
PRICOLLTD,20191011,31.55,32.4,31.25,32.25,56285
PRIMESECU,20191011,32.05,37.4,31.5,34.75,268705
PROSEED,20191011,0.3,0.3,0.3,0.3,8486
PROVOGE,20191011,0.65,0.65,0.6,0.65,152377
PROZONINTU,20191011,14.75,15.35,14.1,14.9,41896
PRSMJOHNSN,20191011,78.45,78.9,76.5,78.25,152520
PSB,20191011,17.8,17.85,17.25,17.35,21548
PSL,20191011,0.6,0.7,0.6,0.6,17469
PSPPROJECT,20191011,552.95,552.95,538.05,544.25,9574
PSUBNKBEES,20191011,236.35,241.34,234.4,239.22,3331
PTC,20191011,55.05,55.35,54.25,54.75,440380
PTL,20191011,35.9,36,35.1,35.35,4776
PUNJABCHEM,20191011,517.9,520,505,505.8,199
PURVA,20191011,60.35,60.5,58,58.35,46870
PVR,20191011,1778,1820,1778,1793.3,378494
QGOLDHALF,20191011,1667.15,1680,1667,1678.2,2142
QNIFTY,20191011,1156,1157.5,1153,1157.3,1437
QUESS,20191011,479.95,479.95,467.25,468.9,154050
QUICKHEAL,20191011,117.65,120.05,113.35,114.8,140235
QUINTEGRA,20191011,0.7,0.7,0.7,0.7,1106
RADAAN,20191011,1.25,1.35,1.1,1.2,71657
RADICO,20191011,299,301.8,293,295,140292
RADIOCITY,20191011,35,36.25,34.25,35.7,35456
RAIN,20191011,86,87.2,84.05,84.65,448260
RAJESHEXPO,20191011,674.5,682.5,672.1,674.3,204835
RAJSREESUG,20191011,16.6,16.6,16.1,16.1,1788
RAJTV,20191011,46.75,47.75,43.25,47.75,2623
RALLIS,20191011,169.35,176.6,169.1,172.55,622330
RAMANEWS,20191011,14.35,15.05,14.25,14.65,5587
RAMASTEEL,20191011,57.65,57.65,53.95,54.5,3549
RAMCOCEM,20191011,709,723,704,719.9,184670
RAMCOIND,20191011,177.05,177.05,170,171.85,14650
RAMCOSYS,20191011,158.1,158.25,151,154.5,10389
RAMKY,20191011,39.35,43.35,37.6,41.35,67900
RANASUG,20191011,2.2,2.25,2.15,2.2,87617
RANEENGINE,20191011,234.95,234.95,220,224.3,2198
RANEHOLDIN,20191011,894.95,895,864.25,870.1,782
RATNAMANI,20191011,923.05,933,907.05,925.2,8677
RAYMOND,20191011,588.2,594,571.1,575.65,309168
RBL,20191011,478,505,474.05,488.45,17359
RBLBANK,20191011,288.4,292,248.1,266.45,32361125
RCF,20191011,44.75,46.05,44.05,45.05,863017
RCOM,20191011,0.8,0.8,0.7,0.7,9589336
RECLTD,20191011,125.4,126.15,122.05,123.05,6669197
REDINGTON,20191011,108.1,110.15,106.55,107.2,111353
REFEX,20191011,58.5,59.5,56.65,57.2,56674
REGENCERAM,20191011,1.6,1.6,1.6,1.6,500
RELAXO,20191011,492.4,499.65,491.1,498.1,77635
RELCAPITAL,20191011,19.95,20.3,17.05,17.5,9656758
RELCNX100,20191011,118.16,118.16,116.51,117.55,131
RELCONS,20191011,53,53,51.7,52.47,2335
RELDIVOPP,20191011,29.02,29.9,27.49,29.12,1444
RELIANCE,20191011,1363.7,1365.6,1336.55,1352.6,7587648
RELIGARE,20191011,46.6,48.6,46.3,46.5,2261786
RELINFRA,20191011,23.65,23.8,21.25,22.1,4879842
RELNV20,20191011,554,563.95,554,561,305
REMSONSIND,20191011,85.4,88,83.05,85.85,5063
RENUKA,20191011,6.8,6.85,6.65,6.8,306641
REPCOHOME,20191011,297.95,301.8,294.05,296.1,24014
REPRO,20191011,550,560,545.35,558.2,1211
RESPONIND,20191011,90.85,90.9,87.1,88.95,229912
RETFMID150,20191011,57.63,58.2,57.48,57.97,7821
REVATHI,20191011,353.4,377.9,341,350.25,408
RGL,20191011,219.9,228.95,219.2,222.75,7025
RHFL,20191011,3.2,3.4,3.1,3.25,725780
RICOAUTO,20191011,38.8,39.4,38.3,38.5,103067
RIIL,20191011,244.1,245.1,237,239.8,111515
RITES,20191011,276,295.4,275.1,283.05,2682710
RKDL,20191011,6.4,6.4,6.1,6.35,952
RKFORGE,20191011,269.05,281.6,267.5,269.65,25219
RMCL,20191011,4.05,4.45,4.05,4.45,39254
RML,20191011,246.7,253,240.5,247.65,7969
RNAM,20191011,264.5,273.45,262.05,267.7,838727
RNAVAL,20191011,2,2,2,2,436751
ROHITFERRO,20191011,0.7,0.75,0.65,0.75,1267
ROHLTD,20191011,78.8,78.85,74.05,74.5,30399
ROLTA,20191011,4.8,4.8,4.6,4.6,178374
ROSSELLIND,20191011,61.8,61.8,57.15,60.3,4879
RPGLIFE,20191011,187.3,190.95,183,184.15,13912
RPOWER,20191011,2.25,2.3,2.05,2.1,26864736
RPPINFRA,20191011,94.65,95,92.85,94.1,4470
RRSLGETF,20191011,20.03,20.03,19.95,20.01,2302
RSSOFTWARE,20191011,17.6,17.6,17.1,17.25,10467
RSWM,20191011,99.1,103.5,99,102.75,8521
RSYSTEMS,20191011,40.1,41.45,39.65,39.8,3358
RTNINFRA,20191011,1.5,1.6,1.5,1.5,147961
RTNPOWER,20191011,1.25,1.25,1.25,1.25,230717
RUBYMILLS,20191011,161.25,176.9,161.25,173.65,2415
RUCHINFRA,20191011,2,2.1,2,2.05,523
RUCHIRA,20191011,83.9,85,81.05,82.45,28297
RUCHISOYA,20191011,4.2,4.2,3.8,3.85,4246473
RUPA,20191011,166,169.45,165,165.3,6896
RUSHIL,20191011,120.55,125,116.45,116.45,10463
RVNL,20191011,23.4,25.95,23.25,25.75,27889330
SABEVENTS,20191011,0.85,0.85,0.85,0.85,100
SABTN,20191011,1.9,1.95,1.9,1.95,14858
SADBHAV,20191011,132.95,134,127.35,128.95,87465
SADBHIN,20191011,42.9,46.5,41.55,43.25,26026
SAFARI,20191011,570,584.5,567.95,574.65,2284
SAGARDEEP,20191011,52.4,52.6,50.1,52.5,11892
SAGCEM,20191011,568,574,552.5,562.85,2264
SAIL,20191011,32,32.8,31.6,32.2,28847549
SAKAR,20191011,46.3,48.5,44.1,47.25,14110
SAKHTISUG,20191011,7.85,8,7.5,7.65,16608
SAKSOFT,20191011,239.45,243.8,236.5,237.55,9122
SAKUMA,20191011,8.05,8.05,7.5,7.55,213838
SALASAR,20191011,99.55,104.9,99.5,102.15,11012
SALONA,20191011,69,73.85,69,72.9,13
SALSTEEL,20191011,3,3,2.8,2.8,26709
SALZERELEC,20191011,119.3,119.3,115.25,116.25,16336
SAMBHAAV,20191011,2.65,2.65,2.45,2.65,5427
SANCO,20191011,16.85,17.6,16.7,17.15,28328
SANDESH,20191011,570,587.55,566,566.9,329
SANDHAR,20191011,226.15,231.25,226.15,228.15,1560
SANGAMIND,20191011,37.45,37.9,36.05,36.65,2510
SANGHIIND,20191011,50.5,50.55,48.6,48.75,120959
SANGHVIFOR,20191011,29.85,32,29.8,32,1241
SANGHVIMOV,20191011,80.35,80.9,74.45,74.95,31374
SANGINITA,20191011,118.05,119.85,111.8,117.85,41543
SANOFI,20191011,5710,5885,5681.05,5878.85,98749
SANWARIA,20191011,1.7,1.8,1.7,1.7,5837678
SARDAEN,20191011,146.25,148.75,144.25,146.3,17680
SAREGAMA,20191011,336.15,359,336.15,355.15,5229
SARLAPOLY,20191011,22.45,22.5,21.2,21.3,37376
SASKEN,20191011,597,614,595.65,601.75,10861
SASTASUNDR,20191011,95.5,96.9,91.95,92,1802
SATHAISPAT,20191011,4.55,4.55,4.55,4.55,2594
SATIA,20191011,730,730,707,718.15,1527
SATIN,20191011,277.45,279.1,268,271.25,23973
SBIETFQLTY,20191011,98,98,96,96.8,1734
SBILIFE,20191011,832,842.8,831,839.6,384745
SBIN,20191011,256.2,261.4,251.5,254.55,43272106
SCAPDVR,20191011,0.5,0.5,0.4,0.4,20255
SCHAEFFLER,20191011,4115.05,4188.8,4100.05,4150.05,5802
SCHAND,20191011,60.2,61.65,59.1,59.7,6931
SCHNEIDER,20191011,70,70.3,68.25,69.15,26336
SCI,20191011,43.5,44.4,42.55,42.85,1630343
SDBL,20191011,121.7,121.7,118,119.5,5218
SEAMECLTD,20191011,354.95,359.65,345.05,350.8,1924
SELAN,20191011,132.1,132.75,130.1,131.05,19810
SELMCL,20191011,0.55,0.65,0.55,0.55,99004
SEPOWER,20191011,2.75,2.95,2.5,2.85,8855
SEQUENT,20191011,74,79.05,74,76.7,443238
SESHAPAPER,20191011,176,178.6,173,174.8,6315
SETCO,20191011,15.05,15.45,14.8,15.3,59718
SETF10GILT,20191011,190,190,178.02,178.02,37
SETFGOLD,20191011,3441.45,3452.9,3405.6,3448.5,3472
SETFNIF50,20191011,115.8,116.8,115.16,116.33,221879
SETFNIFBK,20191011,288.9,305,281.48,284.3,13512
SETFNN50,20191011,270.7,277,270,273.79,1753
SETUINFRA,20191011,1.6,1.65,1.6,1.65,16775
SEYAIND,20191011,371,385,364.95,379.05,15841
SFL,20191011,1249.55,1270,1237.05,1247.6,1189
SGL,20191011,7.05,7.75,7.05,7.5,5388
SHAHALLOYS,20191011,7.95,8.65,7.95,8.65,3083
SHAKTIPUMP,20191011,262,268,255.15,258,10441
SHALBY,20191011,84.55,85.9,83.25,83.6,8349
SHALPAINTS,20191011,82.4,87.75,81.15,84.9,140891
SHANKARA,20191011,281,286.4,267.1,269.35,67927
SHANTIGEAR,20191011,96.8,97.6,94.3,96.2,5284
SHARDACROP,20191011,276.6,279.15,270.2,271.6,2316
SHARDAMOTR,20191011,852,884.8,820,828,2918
SHARIABEES,20191011,250,250,248,249.98,203
SHEMAROO,20191011,250.05,256.1,240,246.95,5214
SHILPAMED,20191011,251.5,262,251.5,261,2644
SHIRPUR-G,20191011,10,10,9.6,10,12086
SHIVAMAUTO,20191011,21.6,21.7,21,21.25,11315
SHIVAMILLS,20191011,32.8,34,30.25,31.65,62
SHIVATEX,20191011,102.95,108.9,102.95,104.6,1087
SHK,20191011,127,134.9,127,131.65,28890
SHOPERSTOP,20191011,402,417,401,405.35,4205
SHREDIGCEM,20191011,16.3,16.5,16.15,16.45,28556
SHREECEM,20191011,18382.95,18570,18311,18374.55,13627
SHREEPUSHK,20191011,96.05,98.95,94.5,94.9,13603
SHREERAMA,20191011,3.85,4,3.75,3.75,4506
SHRENIK,20191011,42.3,43,40,42.75,72784
SHREYANIND,20191011,124.9,124.95,119,119.5,5838
SHREYAS,20191011,76.8,78.4,73,76,10822
SHRIPISTON,20191011,783.95,783.95,712.5,750,25
SHRIRAMCIT,20191011,1333.95,1353.25,1320.05,1347.6,3448
SHRIRAMEPC,20191011,7.9,8,7.3,7.9,132544
SHYAMCENT,20191011,2.25,2.4,2.25,2.4,142
SICAGEN,20191011,15.9,16.15,15,15.2,7161
SICAL,20191011,24.9,24.9,23.95,23.95,37874
SIEMENS,20191011,1572.3,1595,1565.05,1574.25,508118
SIGIND,20191011,21,21.55,20.1,20.4,7121
SILINV,20191011,149.8,155,141.05,143.3,7762
SIMBHALS,20191011,6.75,6.8,6.5,6.7,8766
SIMPLEXINF,20191011,40.1,42,40.1,40.7,49430
SINTEX,20191011,1.5,1.5,1.5,1.5,301429
SIRCA,20191011,185.9,185.9,178,185.85,970
SIS,20191011,852,868.95,836,859.95,2532
SITINET,20191011,1.65,1.75,1.65,1.7,132903
SIYSIL,20191011,229,229,218.05,219.65,5708
SJVN,20191011,24,24.1,23.9,23.95,632769
SKFINDIA,20191011,2097.6,2114.45,2060,2100.1,29011
SKIL,20191011,4.5,4.5,4.35,4.35,3818
SKIPPER,20191011,47.65,49.95,47.65,49.65,7847
SKMEGGPROD,20191011,38.85,40,37.15,38.2,32784
SMARTLINK,20191011,85.5,87.35,81,87.35,29889
SMLISUZU,20191011,536.05,544.7,535.1,537.45,2194
SMSLIFE,20191011,291.05,300,258.1,279.15,13987
SMSPHARMA,20191011,41.35,42.25,41.1,42,12505
SNOWMAN,20191011,36.35,36.6,34,34.45,216482
SOBHA,20191011,434.95,443.1,431.55,436.9,60554
SOLARA,20191011,363,382,363,374.55,9461
SOLARINDS,20191011,1089.5,1097,1075.1,1091.9,2209
SOMANYCERA,20191011,191.8,205,188.05,194.5,97709
SOMATEX,20191011,2.6,2.75,2.6,2.75,4202
SOMICONVEY,20191011,12.45,12.7,11.55,11.85,1100
SONATSOFTW,20191011,297,306.5,294.65,302.85,144043
SORILINFRA,20191011,92.3,92.3,92.3,92.3,3962
SOTL,20191011,816,839.95,805,831.2,628
SOUTHBANK,20191011,10.25,10.35,10.05,10.1,4418192
SOUTHWEST,20191011,15.1,15.1,13,14.6,139466
SPAL,20191011,204.8,205.95,199.5,203.4,19031
SPANDANA,20191011,1021,1083.55,977.1,1062.3,96994
SPARC,20191011,116.4,117.7,114.55,115.85,242289
SPCENET,20191011,1.25,1.25,1.2,1.25,48450
SPECIALITY,20191011,69,69,65.1,65.9,3242
SPENCERS,20191011,67.75,68.65,64.25,65.2,79085
SPENTEX,20191011,0.4,0.4,0.35,0.4,4451
SPIC,20191011,18.05,18.9,18,18.6,155577
SPICEJET,20191011,125,125.8,120.1,121.35,836011
SPLIL,20191011,31.05,32.4,30.8,31.4,14088
SPMLINFRA,20191011,8,8,8,8,5735
SPTL,20191011,2.7,2.7,2.7,2.7,460646
SPYL,20191011,0.2,0.25,0.2,0.25,127561
SREEL,20191011,171.3,174.95,171.05,171.45,2163
SREINFRA,20191011,8,8.25,7.2,7.55,820235
SRF,20191011,2739.5,2746,2686,2693.95,161988
SRHHYPOLTD,20191011,98.45,99.45,96.1,97.65,2610
SRIPIPES,20191011,170.95,173.4,168.5,169.75,30199
SRTRANSFIN,20191011,1088.65,1090.55,1055.55,1060.7,739980
SSWL,20191011,776,780,765,772.4,3963
STAMPEDE,20191011,0.75,0.75,0.65,0.75,76755
STAR,20191011,314,327.05,309.4,324.4,1491641
STARCEMENT,20191011,90.95,90.95,88.25,89.5,26664
STARPAPER,20191011,110.5,111.35,104.3,108.65,126915
STCINDIA,20191011,49.1,49.25,48.5,48.5,37234
STEELCITY,20191011,29.05,29.85,28.9,29.05,1790
STEELXIND,20191011,10.3,10.7,10.1,10.4,8969
STEL,20191011,74.1,74.1,65.05,65.5,6073
STERTOOLS,20191011,161,165,160.05,164.15,3969
STRTECH,20191011,145.2,146.8,141.7,142.7,561060
SUBCAPCITY,20191011,6.3,6.3,6.3,6.3,3
SUBEX,20191011,5.15,5.15,4.75,4.85,607648
SUBROS,20191011,238.7,244.8,234,237.15,13124
SUDARSCHEM,20191011,374.85,383,373.05,375.3,59468
SUJANAUNI,20191011,0.2,0.2,0.15,0.15,62440
SUMEETINDS,20191011,2,2.05,1.85,1.85,128004
SUMIT,20191011,18.6,19.45,17.05,19.1,18601
SUMMITSEC,20191011,474.05,474.05,454,456.9,1380
SUNCLAYLTD,20191011,1868.45,1910,1849,1857.4,242
SUNDARAM,20191011,1.35,1.4,1.3,1.4,307937
SUNDARMFIN,20191011,1621.95,1650.1,1605.3,1636.35,23993
SUNDARMHLD,20191011,68.55,69.75,67.7,67.95,24319
SUNDRMBRAK,20191011,246,247.05,241,242.5,1356
SUNDRMFAST,20191011,455.2,461,450.1,457.2,66120
SUNFLAG,20191011,25.35,26.65,25.35,26,61947
SUNPHARMA,20191011,387.4,389.35,381.5,386.3,4273739
SUNTECK,20191011,399.9,403.7,394.4,401.2,106846
SUNTV,20191011,467,476,462.6,467.1,1385288
SUPERHOUSE,20191011,80.55,83,78.65,80.35,2224
SUPERSPIN,20191011,4.6,5,4.4,4.45,108550
SUPPETRO,20191011,168.05,175,166.8,170.4,2366
SUPRAJIT,20191011,177.6,181.8,175.8,177.9,12608
SUPREMEIND,20191011,1208.4,1214.1,1197.25,1200.25,21785
SURANASOL,20191011,5.65,5.7,5.4,5.65,6070
SURANAT&P,20191011,3.3,3.7,3.3,3.3,1482
SURYALAXMI,20191011,17.85,17.9,16.1,16.15,3254
SURYAROSNI,20191011,167,169.5,162.55,166.15,32926
SUTLEJTEX,20191011,27.95,28.4,27.1,27.2,4277
SUVEN,20191011,250.5,260,248.6,257.9,215856
SUZLON,20191011,2.4,2.7,2.4,2.65,15103702
SWANENERGY,20191011,104.15,105.9,104.1,105.25,68038
SWARAJENG,20191011,1174.85,1174.85,1133,1149.2,1241
SWELECTES,20191011,102,115.3,95.25,112.9,22256
SWSOLAR,20191011,587,630.05,587,620.7,97603
SYMPHONY,20191011,1289.05,1306,1280,1284.65,2498
SYNCOM,20191011,1,1,0.9,0.9,6261
SYNDIBANK,20191011,25.3,25.6,25,25.1,423743
SYNGENE,20191011,307.3,312.95,303.55,309.95,244941
TAINWALCHM,20191011,51,51,47.1,48,258
TAJGVK,20191011,166.2,167.5,163.45,164.8,6996
TAKE,20191011,100.4,102.55,99.35,100.2,58029
TALBROAUTO,20191011,113.95,113.95,106,109,10388
TALWALKARS,20191011,2.65,2.65,2.65,2.65,10987
TALWGYM,20191011,4.15,4.15,4.15,4.15,2623
TANLA,20191011,47.55,48,46.5,46.85,115183
TANTIACONS,20191011,1.5,1.5,1.45,1.45,943
TARAPUR,20191011,5.3,5.3,5.3,5.3,20
TARMAT,20191011,25.6,25.6,25.45,25.45,301
TASTYBITE,20191011,9988.1,10100,9900,9922,139
TATACHEM,20191011,581.95,595.5,579.2,593.65,499901
TATACOFFEE,20191011,75.75,75.75,74.25,75.05,139159
TATACOMM,20191011,371.9,373.95,337.3,353.7,214549
TATAELXSI,20191011,615,635.9,610,632.3,961678
TATAGLOBAL,20191011,268.25,273.9,265.85,272.05,3586098
TATAINVEST,20191011,785.05,789.8,773.05,775.45,9417
TATAMETALI,20191011,535.95,577,528.05,562.55,179850
TATAMOTORS,20191011,118.05,122.2,117.25,121.3,41027561
TATAMTRDVR,20191011,52.4,54.45,51.9,53.85,4171579
TATAPOWER,20191011,62,62,60.7,61.1,6976429
TATASTEEL,20191011,335,342.45,332,339,17158849
TATASTLBSL,20191011,21,21.6,20.7,21.2,408802
TATASTLLP,20191011,390,412,372.35,406.2,123098
TBZ,20191011,40.65,41.95,40.6,40.85,44357
TCI,20191011,280,280,270.05,273.15,10342
TCIDEVELOP,20191011,350,377.9,321.05,343.5,127
TCIEXP,20191011,704,725,691.15,718.25,20889
TCIFINANCE,20191011,10.25,10.3,9.1,9.55,22091
TCNSBRANDS,20191011,725.45,730.05,710,714.9,2362
TCPLPACK,20191011,271,271,255.65,257.3,5666
TCS,20191011,1931,1995,1925,1986.85,12593069
TDPOWERSYS,20191011,146.05,147.95,144.1,145.8,5349
TEAMLEASE,20191011,3120,3127.05,3061.1,3083.9,15287
TECHIN,20191011,4,4,4,4,820
TECHM,20191011,701.3,723.9,697.5,721.45,3785425
TECHNOE,20191011,268.85,274.4,263,268.9,214006
TECHNOFAB,20191011,31.3,31.3,31.3,31.3,4313
TEJASNET,20191011,80.05,82,76.5,77.55,72010
TERASOFT,20191011,24,24.7,23.55,24,8605
TEXINFRA,20191011,42.2,42.6,39.85,40.8,61428
TEXMOPIPES,20191011,14.85,15.85,14.75,15.15,35214
TEXRAIL,20191011,45.3,47.35,44.8,46.1,425992
TFCILTD,20191011,79.5,80.6,76.7,78.9,74443
TFL,20191011,4,4.25,3.7,4.2,413
TGBHOTELS,20191011,3.75,3.75,3.45,3.5,9479
THANGAMAYL,20191011,323.9,325.3,306.1,313.85,16040
THEINVEST,20191011,123,123.5,113.95,123.45,2490
THEMISMED,20191011,238,248.85,232.5,241.75,688
THERMAX,20191011,1126,1128,1100.8,1121.05,58114
THOMASCOOK,20191011,139.6,140.1,136.15,139.5,148801
THYROCARE,20191011,526.6,531.6,512.9,518.5,13022
TI,20191011,12.6,13.65,12.6,13.2,118347
TIDEWATER,20191011,4525,4588.45,4463.15,4498.55,564
TIIL,20191011,342.7,342.7,319.8,327.85,20152
TIINDIA,20191011,363,367.55,360.7,363.8,17969
TIJARIA,20191011,8.65,9.35,8.65,9.15,3141
TIL,20191011,189.2,194,180.4,186.1,2565
TIMESGTY,20191011,24.8,30.15,24.8,30.15,394
TIMETECHNO,20191011,57.25,58.45,56.95,57.5,96326
TIMKEN,20191011,780.05,790.35,769,772.95,12128
TINPLATE,20191011,105,112.5,105,108.85,904158
TIPSINDLTD,20191011,75,75,71.4,72.95,1354
TIRUMALCHM,20191011,62,62.85,60,61.05,144963
TITAN,20191011,1242.05,1249,1215,1243.6,2182903
TMRVL,20191011,12.6,12.6,11.75,12.35,4585
TNPETRO,20191011,34.55,36.8,34.15,35.95,186251
TNPL,20191011,184,185,180.1,180.85,63279
TNTELE,20191011,1.35,1.35,1.35,1.35,3136
TOKYOPLAST,20191011,57.9,57.9,51.55,54.55,5717
TORNTPHARM,20191011,1689.9,1689.9,1637,1644.35,330198
TORNTPOWER,20191011,282.4,286,281.4,282.8,431626
TPLPLASTEH,20191011,118.9,118.9,115,115.45,1615
TREEHOUSE,20191011,5.65,6.1,5.6,5.9,34302
TREJHARA,20191011,12.95,13.5,12.95,13.25,3299
TRENT,20191011,498.5,509.95,497.9,507.6,82764
TRF,20191011,92,94,90.5,91.25,19460
TRIDENT,20191011,55.5,55.8,55,55.45,169967
TRIGYN,20191011,43.4,44.45,42,42.65,20368
TRIL,20191011,7.7,8.4,7.55,8,263708
TRITURBINE,20191011,100.05,104,99.1,101.9,1007088
TRIVENI,20191011,62.2,62.9,61.5,61.85,296743
TTKHLTCARE,20191011,439.65,449.25,435.4,445.5,3460
TTKPRESTIG,20191011,6006.1,6079,5925,5939.4,4476
TTL,20191011,36.55,39.75,36.45,38.75,4361
TTML,20191011,2.7,2.8,2.55,2.6,676075
TV18BRDCST,20191011,22.05,22.45,21.8,22,827023
TVSELECT,20191011,110,117,110,113.5,9825
TVSMOTOR,20191011,386.2,396.9,382.2,394,1604685
TVSSRICHAK,20191011,1749.9,1800,1722.6,1742.55,1790
TVTODAY,20191011,308.65,314.75,306.05,310.55,11708
TVVISION,20191011,1.6,1.6,1.5,1.5,6939
TWL,20191011,42,42.6,41.1,41.85,1440459
UBL,20191011,1281.4,1287.75,1246.55,1263.35,547768
UCALFUEL,20191011,117,118.75,115,116.4,23837
UCOBANK,20191011,12.4,12.4,12,12.05,302484
UFLEX,20191011,207.85,210,205.55,207.95,42209
UFO,20191011,146.5,149.25,143.35,146,21727
UGARSUGAR,20191011,12.2,12.35,12.05,12.15,31841
UJAAS,20191011,3.25,3.25,3.05,3.15,121467
UJJIVAN,20191011,298,304.2,292.55,297.75,2226450
ULTRACEMCO,20191011,3986,4099.9,3965,4077.2,624956
UMANGDAIRY,20191011,34,34.95,33.5,34.45,1497
UMESLTD,20191011,0.85,0.85,0.85,0.85,2000
UNICHEMLAB,20191011,182.5,182.5,177.5,181,15091
UNIENTER,20191011,69.5,69.8,68.5,68.5,1031
UNIONBANK,20191011,49.35,49.95,48.1,49,11489853
UNIPLY,20191011,41.45,42.6,38.75,41.8,216651
UNITECH,20191011,0.45,0.45,0.4,0.45,1989722
UNITEDBNK,20191011,7.7,7.8,7.55,7.6,276591
UNITEDTEA,20191011,262,262.75,255.55,259.75,116
UNIVCABLES,20191011,144.7,146.7,143,144.2,10644
UPL,20191011,584.2,593.2,581,589.85,1710191
URJA,20191011,1.8,1.8,1.7,1.7,827118
USHAMART,20191011,25.55,26.25,25.55,25.95,148887
UTINEXT50,20191011,275.9,275.9,270,271.62,181
UTINIFTETF,20191011,1202.55,1202.55,1186.55,1198.8,410
UTISENSETF,20191011,402,408.99,396.5,397,1102
UTISXN50,20191011,299.7,299.7,298,298,4
UTTAMSTL,20191011,6.3,6.3,5.8,5.85,90790
UTTAMSUGAR,20191011,94.4,95.9,93,93.95,68788
UVSL,20191011,0.05,0.1,0.05,0.1,2474055
V2RETAIL,20191011,131.75,140.1,125.05,128.8,130585
VADILALIND,20191011,787.7,805,780.25,783.8,24779
VAIBHAVGBL,20191011,810,818.8,733.2,812.25,123387
VAKRANGEE,20191011,24.95,25.9,23.5,24.4,6330724
VARDHACRLC,20191011,36.9,37.4,35.85,36.5,7108
VARDMNPOLY,20191011,2.3,2.45,2.3,2.3,1334
VARROC,20191011,441.65,452.3,439.3,445.1,9477
VASCONEQ,20191011,13.1,13.1,12.45,12.6,116446
VASWANI,20191011,6.15,6.15,4.8,5.15,3318
VBL,20191011,613.8,624.5,606.5,620.85,81356
VEDL,20191011,142.55,148.2,141.15,147.05,20089933
VENKEYS,20191011,1651,1653.8,1611.25,1619.55,55126
VENUSREM,20191011,22.8,23.15,22,22.2,52836
VESUVIUS,20191011,1004.95,1009.7,977.5,992.9,2040
VETO,20191011,45,53.5,45,52.15,72049
VGUARD,20191011,226.05,231.55,224.6,230.9,228300
VHL,20191011,1463.25,1525,1462.25,1490,344
VICEROY,20191011,1.25,1.25,1.2,1.2,7747
VIDHIING,20191011,58.1,60.8,58.1,58.6,10389
VIJIFIN,20191011,0.45,0.45,0.4,0.45,85077
VIKASECO,20191011,3.4,3.45,3.15,3.4,374552
VIKASMCORP,20191011,3.9,3.9,3.75,3.85,26634
VIKASPROP,20191011,3.25,3.25,3.25,3.25,1001
VIKASWSP,20191011,10,10.45,10,10.25,202992
VIMTALABS,20191011,106,107,102.45,104.75,19910
VINATIORGA,20191011,2163,2171,2147.05,2157.6,8503
VINDHYATEL,20191011,890,904,866.1,872.2,7276
VINYLINDIA,20191011,62.15,62.3,60.5,61,4131
VIPCLOTHNG,20191011,6.6,6.95,6.5,6.5,129050
VIPIND,20191011,452.95,457,443.1,446.3,110745
VIPULLTD,20191011,30.25,31.3,28,28.95,133525
VISAKAIND,20191011,272.3,284.9,268.2,269.25,29931
VISASTEEL,20191011,4.45,4.5,4.2,4.35,5385
VISESHINFO,20191011,0.1,0.1,0.05,0.05,1177582
VISHAL,20191011,338,338.1,337.85,338.05,15000
VISHNU,20191011,129.1,129.15,118.1,120.2,1113
VIVIDHA,20191011,0.2,0.25,0.15,0.15,240707
VIVIMEDLAB,20191011,13.95,14.45,12.6,13.45,127333
VLSFINANCE,20191011,48.75,51,48.7,49.95,16881
VMART,20191011,1965,1982.95,1912.05,1978.75,4412
VOLTAMP,20191011,1154.95,1155,1105.3,1120.15,4455
VOLTAS,20191011,675.5,683.5,672.05,679.1,540939
VRLLOG,20191011,270.9,274.75,264.5,266.05,24769
VSSL,20191011,64.9,65,63.25,64.6,5607
VSTIND,20191011,3756.85,3790.95,3711.35,3745.25,1368
VSTTILLERS,20191011,1238.25,1275,1201.55,1259.3,3085
VTL,20191011,918.9,927,902,917.75,6025
WABAG,20191011,246.65,246.65,235.05,239.35,79950
WABCOINDIA,20191011,6188.5,6188.6,6130.5,6138,1483
WALCHANNAG,20191011,59.6,60.4,58.1,58.8,70624
WANBURY,20191011,12,12,12,12,3000
WATERBASE,20191011,99,101,96.8,97.2,26011
WEBELSOLAR,20191011,20.35,21,19.75,19.95,37480
WEIZFOREX,20191011,280,294,270,279.85,477
WEIZMANIND,20191011,21.5,26.9,21.5,22.6,600
WELCORP,20191011,131.65,131.65,127.25,129.8,136088
WELENT,20191011,95.05,96.3,94.7,95,124574
WELINV,20191011,151.1,153,150,151.4,5127
WELSPUNIND,20191011,49.7,50.35,49.3,49.85,490041
WENDT,20191011,2946.6,3099.95,2880,3044.35,3089
WESTLIFE,20191011,319.35,320,308.95,317.55,157002
WHEELS,20191011,615,639,601.15,613.55,1830
WHIRLPOOL,20191011,2102,2140.75,2018.8,2072.65,221469
WILLAMAGOR,20191011,14.2,14.85,14.15,14.85,601
WINDMACHIN,20191011,16,19,15.7,18.45,199729
WINSOME,20191011,0.15,0.15,0.1,0.1,23137
WIPL,20191011,64.15,64.15,64.05,64.05,256
WIPRO,20191011,237,240.4,236.5,239.45,2658289
WOCKPHARMA,20191011,251.35,256.7,246.5,250.7,866540
WONDERLA,20191011,271,276.1,268.2,273.6,18671
WSI,20191011,0.85,0.85,0.8,0.8,501
WSTCSTPAPR,20191011,240.65,242.5,233.8,235.85,93554
XCHANGING,20191011,54.5,54.5,53.1,53.7,1801
XELPMOC,20191011,70.5,70.5,67,68.05,1538
XLENERGY,20191011,0.45,0.45,0.35,0.45,1829
XPROINDIA,20191011,25,25,23.5,24,268
YESBANK,20191011,41,42,37,39.6,339478520
ZEEL,20191011,246.55,249.25,235,242.5,12400539
ZEELEARN,20191011,17.9,17.9,17,17.5,69137
ZEEMEDIA,20191011,6.9,7.1,6.8,6.95,1393128
ZENITHBIR,20191011,0.55,0.55,0.45,0.55,90166
ZENITHEXPO,20191011,38.05,41.45,36,36.5,248
ZENSARTECH,20191011,200.75,204,196,200.5,27555
ZENTEC,20191011,64.9,67.5,62.6,63.7,53677
ZICOM,20191011,1,1.05,0.95,1.05,7389
ZODIACLOTH,20191011,199.05,209,193.3,200.05,2404
ZODJRDMKJ,20191011,30.5,33.4,30.5,31.1,896
ZOTA,20191011,187,188.8,184,185.8,22523
ZUARI,20191011,85.8,88,84.55,86.5,62663
ZUARIGLOB,20191011,58,58.9,56.7,57.2,21429
ZYDUSWELL,20191011,1599,1669,1581,1645.25,14088
NSENIFTY,20191011,11257.70,11362.90,11189.40,11305.05,737795150,0
NIFTYJUNIOR,20191011,26556.80,26699.10,26385.15,26598.60,418024728,0
NIFTYMIDCAPLIQ15,20191011,3642.25,3669.70,3617.25,3642.00,53903226,0
NSE100,20191011,11368.90,11468.95,11299.50,11412.95,1159991457,0
NIFTY200,20191011,5786.40,5835.40,5749.65,5805.45,1464195285,0
NSE500,20191011,9132.40,9207.35,9076.30,9161.40,1698105307,0
NSEMIDCAP150,20191011,5772.80,5805.80,5734.35,5771.10,311059057,0
MIDCAP50,20191011,4267.30,4294.05,4223.75,4254.60,277177904,0
NSEMIDCAP,20191011,15586.05,15673.65,15453.65,15558.85,304203828,0
NIFTYSMALLCAP250,20191011,-,-,-,4506.85,-,0
NIFTYSMALLCAP50,20191011,-,-,-,2594.10,-,0
NSESMLCAP100,20191011,5383.85,5418.35,5352.40,5398.60,-,0
NIFTYLARGEMIDCAP250,20191011,-,-,-,5570.65,1471050514,0
NIFTYMIDSMALLCAP400,20191011,-,-,-,5319.40,-,0
NIFTYAUTO,20191011,7386.65,7457.85,7322.30,7397.05,86661942,0
BANKNIFTY,20191011,28245.55,28604.05,27736.80,28042.50,558917279,0
NIFTYFINSERVICE,20191011,12814.60,12956.85,12643.05,12769.35,207567706,0
NIFTYFMGC,20191011,30222.90,30498.25,30102.25,30416.20,37651431,0
NSEIT,20191011,14871.45,15388.95,14865.10,15321.90,46781069,0
NIFTYMEDIA,20191011,1714.90,1726.10,1692.90,1707.25,49889212,0
NIFTYMETAL,20191011,2300.75,2357.50,2300.00,2337.10,138257780,0
NIFTYPHARMA,20191011,7256.60,7292.70,7115.65,7278.45,48444041,0
NIFTYPVTBANK,20191011,15763.00,15951.40,15464.85,15639.65,455002712,0
NIFTYPSUBANK,20191011,2164.10,2197.75,2121.80,2166.75,142046092,0
NIFTYREALTY,20191011,245.65,248.80,243.10,247.30,15181982,0
NIFTYCOMMODITIES,20191011,3214.60,3251.35,3203.30,3231.55,208878106,0
NIFTYCONSUMPTION,20191011,4874.55,4901.35,4844.75,4891.75,80671833,0
NIFTYCPSE,20191011,1904.50,1924.90,1887.10,1904.20,73527528,0
NIFTYENERGY,20191011,15578.00,15640.80,15394.35,15510.50,74126053,0
NIFTY100ESG,20191011,-,-,-,2099.64,991857649,0
NIFTY100ENHESG,20191011,-,-,-,2131.81,967626631,0
NIFTYINFRA,20191011,3175.50,3192.75,3156.80,3176.30,145658664,0
NIFTYMNC,20191011,13217.05,13338.95,13205.40,13308.40,183369240,0
NIFTYPSE,20191011,3188.65,3213.00,3164.10,3187.65,158594691,0
NIFTYSMEEMERGE,20191011,-,-,-,1343.89,527150,0
NIFTYSERVSECTOR,20191011,15771.75,15962.10,15668.70,15851.85,676158584,0
NIFTYSHARIAH25,20191011,-,-,-,4269.28,77059957,0
NIFTY50SHARIAH,20191011,-,-,-,2497.93,102123262,0
NIFTY500SHARIAH,20191011,-,-,-,2921.90,293853327,0
NIFTYABGROUP,20191011,-,-,-,2793.06,133279858,0
NIFTYMAHINDRA,20191011,-,-,-,9752.94,8121890,0
NIFTYTATA,20191011,-,-,-,6384.64,92844195,0
NIFTYTATA25CAP,20191011,-,-,-,4437.91,85651690,0
NIFTYABGROUP,20191011,-,-,-,2793.06,133279858,0
NIFTYLIQ15,20191011,3354.00,3399.60,3317.60,3362.20,614886657,0
NIFTY500VALUE50,20191011,-,-,-,3334.61,369600475,0
NIFTYALPHALOWVOL30,20191011,-,-,-,11709.51,146591900,0
NIFTYQUALLOWVOL30,20191011,-,-,-,8247.26,115590145,0
NIFTYALPHAQUALLOWVOL30,20191011,-,-,-,9429.91,115875771,0
NIFTYALPHAQUALVALLOWVOL30,20191011,-,-,-,7152.48,143494771,0
NIFTY50EQUALWEIGHT,20191011,11503.00,11614.75,11438.50,11571.30,737795150,0
NIFTY100EQUALWEIGHT,20191011,12350.35,12455.15,12273.20,12405.00,1159991457,0
NIFTY100LOWVOL30,20191011,8633.70,8714.75,8617.10,8701.25,143259605,0
NSEDEFTY,20191011,-,-,-,5515.14,-,0
NIFTY50DIVPOINT,20191011,96.23,96.23,96.23,96.23,-,0
NIFTYDIVOPPS50,20191011,2487.40,2518.80,2487.20,2515.60,332896010,0
NIFTYALPHA50,20191011,12161.30,12222.80,12092.55,12163.55,143319326,0
NIFTY50ARBITRAGE,20191011,-,-,-,1863.35,-,0
NIFTY50FUTINDEX,20191011,-,-,-,3840.68,-,0
NIFTY50FUTTRINDEX,20191011,-,-,-,11371.81,-,0
NIFTYHIGHBETA50,20191011,-,-,-,1186.44,1003699802,0
NIFTYLOWVOL50,20191011,-,-,-,10118.00,153865260,0
NIFTY200QUALITY30,20191011,-,-,-,9606.45,-,0
NIFTY50VALUE20,20191011,5219.55,5302.60,5219.55,5290.30,499306598,0
NIFTYGROWSECT15,20191011,5971.20,6028.10,5902.50,5971.95,121273378,0
NIFTY50TR2XLEV,20191011,5933.50,6043.60,5861.75,5983.30,-,0
NIFTY50PR2XLEV,20191011,4581.45,4666.45,4526.05,4619.90,-,0
NIFTY50TR1XINV,20191011,361.95,364.15,358.55,360.40,-,0
NIFTY50PR1XINV,20191011,411.85,414.40,408.05,410.15,-,0
NIFTY-GS-COMPSITE,20191011,2037.94,2037.94,2032.84,2032.29,-,0
NIFTY-GS-4-8YR,20191011,2124.61,2124.61,2120.35,2119.90,-,0
NIFTY-GS-8-13YR,20191011,2004.14,2004.14,1999.01,1998.23,-,0
NIFTY-GS-10YR,20191011,1850.32,1850.32,1844.19,1844.41,-,0
NIFTY-GS-10YR-CLN,20191011,948.51,948.51,945.31,945.42,-,0
NIFTY-GS-11-15YR,20191011,2125.02,2125.02,2117.84,2116.61,-,0
NIFTY-GS-15YRPLUS,20191011,2290.99,2290.99,2286.96,2284.97,-,0
VIX,20191011,17.23,18.28,15.78,17.14,0,0
