<ticker>,<date>,<open>,<high>,<low>,<close>,<volume>,<o/i>
20MICRONS,20191115,35.6,36.25,35.55,35.65,18102
21STCENMGM,20191115,13.95,13.95,13.7,13.95,37
3IINFOTECH,20191115,1.95,1.95,1.85,1.9,1541420
3MINDIA,20191115,22300,22500,22070.05,22259.05,1194
3PLAND,20191115,6.25,6.25,6.25,6.25,525
5PAISA,20191115,154.95,161.3,151.3,156.3,18202
63MOONS,20191115,114.55,115.5,109.15,110.35,152806
A2ZINFRA,20191115,8.65,9.55,8.65,9.05,480512
AARTIDRUGS,20191115,522.15,529,515,525.1,12531
AARTIIND,20191115,808,818,801,805.2,45710
AARVEEDEN,20191115,13.2,13.2,12.8,12.9,6731
AAVAS,20191115,1615,1648.95,1600,1610.8,119775
ABAN,20191115,28.4,29.5,27.6,29.1,32144
ABB,20191115,1471.9,1477.7,1455.3,1466.35,52525
ABBOTINDIA,20191115,12099,12450,12078.05,12365,13691
ABCAPITAL,20191115,80,82.7,79.5,81.35,1748531
ABFRL,20191115,209.3,215,205.65,214.1,735422
ABSLBANETF,20191115,320,320,309.2,309.7,13
ACC,20191115,1488.15,1505.85,1483,1485.55,679292
ACCELYA,20191115,1100.5,1120,1053,1060.2,11053
ACE,20191115,84.5,84.75,80.25,83.25,131403
ADANIENT,20191115,202,205,200.8,203.6,3314555
ADANIGAS,20191115,147.5,147.85,146.05,146.55,498918
ADANIGREEN,20191115,95.4,96.7,94.5,95.5,1053101
ADANIPORTS,20191115,369.1,370.9,365.5,366.3,2362065
ADANIPOWER,20191115,61.6,62.3,60.5,60.85,7044754
ADANITRANS,20191115,272,275,267.5,268.95,156598
ADFFOODS,20191115,296.5,304.3,294.15,302.35,74386
ADHUNIKIND,20191115,100,103.65,96.6,99.45,64485
ADLABS,20191115,3.75,3.75,3.45,3.6,103134
ADORWELD,20191115,326.95,327,307,309.6,16754
ADROITINFO,20191115,10.2,10.2,9.3,9.35,7611
ADSL,20191115,17.3,18.5,15.75,16.25,107291
ADVANIHOTR,20191115,56,56.5,55,55.2,2365
ADVENZYMES,20191115,168.6,169.95,166.05,166.8,49914
AEGISCHEM,20191115,177,179.75,170.3,175.15,264683
AFFLE,20191115,1677,1684,1620,1638.4,206305
AGARIND,20191115,119,119.55,112,112.6,4604
AGCNET,20191115,126,126.55,126,126.55,6590
AGRITECH,20191115,44.5,44.85,41.5,43.65,13007
AGROPHOS,20191115,122.3,122.75,122.3,122.6,376996
AHLEAST,20191115,180,182.95,172,173.05,3994
AHLUCONT,20191115,290,290,277.7,278.45,4368
AHLWEST,20191115,280,288.5,274.5,274.95,1264
AIAENG,20191115,1640,1655,1627.25,1647.25,28737
AIONJSW,20191115,10,10.1,9.75,9.85,32204
AIRAN,20191115,11.4,11.4,10.75,11,5230
AJANTPHARM,20191115,969.95,979,966.95,970.75,38426
AJMERA,20191115,121.25,124.8,121,121.8,28297
AKASH,20191115,61.1,62.5,59,62.45,2050
AKSHARCHEM,20191115,202.4,202.4,191,194.1,6256
AKSHOPTFBR,20191115,6.8,6.95,6.5,6.55,380818
AKZOINDIA,20191115,1930,1945.45,1901,1930.7,6796
ALANKIT,20191115,16.35,16.35,14.85,14.85,71101
ALBERTDAVD,20191115,441.25,479,422.2,426.9,129341
ALBK,20191115,25.7,26.25,25.15,25.6,1024135
ALEMBICLTD,20191115,55.5,55.55,51.6,52.1,269569
ALICON,20191115,384,392.9,377.3,377.5,910
ALKALI,20191115,42.2,43.5,41.3,42.15,15681
ALKEM,20191115,2029,2075,2029,2058.25,77156
ALKYLAMINE,20191115,1021.95,1030,1015,1015.7,2781
ALLCARGO,20191115,97,97,94,94.75,96606
ALLSEC,20191115,276.6,285.05,276.6,281.15,2423
ALMONDZ,20191115,9.7,9.7,9.7,9.7,21
ALOKTEXT,20191115,2,2,2,2,347898
ALPA,20191115,17,17,15.65,16.15,19308
ALPHAGEO,20191115,168,172.5,164.1,166.3,11866
ALPSINDUS,20191115,0.7,0.75,0.7,0.7,57369
AMARAJABAT,20191115,750,754.2,742,746.7,737320
AMBER,20191115,986,994.15,972,975.35,16609
AMBIKCO,20191115,895,896.95,882.2,885.7,2717
AMBUJACEM,20191115,200.3,202.25,199,201,2190854
AMDIND,20191115,17.5,17.5,16.3,16.7,7151
AMJLAND,20191115,18.35,19.2,18.25,18.8,15893
AMRUTANJAN,20191115,455,457,419,423.1,99557
ANANTRAJ,20191115,34.4,35.35,33.8,34.35,225790
ANDHRABANK,20191115,17.15,17.85,17.15,17.25,925649
ANDHRACEMT,20191115,2.8,2.95,2.75,2.75,49132
ANDHRSUGAR,20191115,298,300.25,285.5,288.45,28896
ANIKINDS,20191115,9.1,9.1,9.1,9.1,900
ANKITMETAL,20191115,0.6,0.65,0.6,0.65,55256
ANSALAPI,20191115,5.05,5.25,5.05,5.05,45129
ANSALHSG,20191115,6.75,6.75,6.75,6.75,22908
ANTGRAPHIC,20191115,0.55,0.65,0.55,0.6,27160
ANUP,20191115,490.35,499.9,482.35,489.4,16169
APARINDS,20191115,497.65,502.1,485,486.5,15239
APCL,20191115,153.4,156.4,149,150.35,3806
APCOTEXIND,20191115,161,162.7,160.1,161.15,9477
APEX,20191115,330.8,336.9,305,313.5,482986
APLAPOLLO,20191115,1493.1,1520,1489.8,1510.95,12123
APLLTD,20191115,565.95,569.95,555.75,557.55,45291
APOLLO,20191115,75.25,80,70.35,71.1,72321
APOLLOHOSP,20191115,1437.45,1445.4,1380,1397.25,1282545
APOLLOPIPE,20191115,376.95,376.95,355.15,356.9,8011
APOLLOTYRE,20191115,164,169.6,163.85,167.9,4085824
APOLSINHOT,20191115,795.05,803.55,730,739.5,1873
APTECHT,20191115,163.9,165.7,158.1,158.95,135618
ARCHIDPLY,20191115,27.8,28.3,25.85,27.05,14044
ARCHIES,20191115,19.15,19.95,19.1,19.35,36702
ARCOTECH,20191115,2.5,2.5,2.5,2.5,19465
ARIES,20191115,68.9,69.9,68.35,69.2,45095
ARIHANT,20191115,31,32.4,28.75,29.1,25464
ARIHANTSUP,20191115,28.4,29.8,27.05,27.2,1787
ARMANFIN,20191115,575,575,550,560.75,2791
AROGRANITE,20191115,38.05,40,37.65,38.7,5109
ARROWGREEN,20191115,52.1,57.3,52.1,55.4,10492
ARROWTEX,20191115,10.1,10.25,9.7,9.9,11259
ARSHIYA,20191115,17.4,17.8,16.6,16.85,26975
ARSSINFRA,20191115,25.7,25.7,23.65,23.75,8251
ARVIND,20191115,49.85,50.8,49,49.15,690687
ARVINDFASN,20191115,385.05,386.95,358.75,365.5,54823
ARVSMART,20191115,96.05,98.5,93.2,94.35,6172
ASAHIINDIA,20191115,196.7,202.05,195.35,201.5,59112
ASAHISONG,20191115,150,150,141.2,143.55,3979
ASAL,20191115,32.5,32.9,32,32,3195
ASHAPURMIN,20191115,26.25,26.85,25.25,26.1,21416
ASHIANA,20191115,101,101,95.6,97.95,41441
ASHIMASYN,20191115,7.25,7.4,7.1,7.25,27245
ASHOKA,20191115,97.8,97.8,93.1,94.4,430604
ASHOKLEY,20191115,82.9,83.4,78.9,79.5,46353490
ASIANHOTNR,20191115,91.6,101.9,91.6,95.1,438
ASIANPAINT,20191115,1780.85,1784,1756.3,1760.7,729613
ASIANTILES,20191115,234,234,226.25,227.25,88361
ASPINWALL,20191115,139.95,150,137,137.15,2121
ASTEC,20191115,370.15,375.5,365,369.05,3595
ASTERDM,20191115,153.6,157.6,142.45,149.2,409256
ASTRAL,20191115,1082,1097.55,1082,1087.5,74733
ASTRAMICRO,20191115,78.5,80.25,76,76.45,97329
ASTRAZEN,20191115,2647.7,2689,2600,2622.85,96947
ASTRON,20191115,42.05,42.05,38.65,38.8,534214
ATFL,20191115,583.1,590,562,566.25,11440
ATLANTA,20191115,7.5,7.5,6.85,6.85,21951
ATLASCYCLE,20191115,52.45,53.7,52.45,53.45,3608
ATUL,20191115,3997,4075.4,3974.05,4041.7,24569
ATULAUTO,20191115,222.5,224.95,220,221.55,11402
AUBANK,20191115,820,826.7,787.7,800.8,833257
AURIONPRO,20191115,73.7,78,73.65,77.15,5835
AUROPHARMA,20191115,402,415.95,396.25,410.25,8952221
AUSOMENT,20191115,33,33.4,27.4,33.4,11466
AUTOAXLES,20191115,803,839.9,803,814.15,31401
AUTOIND,20191115,23.3,25.6,23.3,25.1,45192
AUTOLITIND,20191115,20.35,21.5,20,20.8,2902
AVADHSUGAR,20191115,253,253.65,242.25,246.6,83075
AVANTIFEED,20191115,534.1,545.95,526.6,539.55,859008
AVTNPL,20191115,29,29.45,27.7,28.8,68488
AXISBANK,20191115,716.75,723.5,710.6,716.9,9315652
AXISCADES,20191115,70.9,72.9,68,69.8,150387
AXISGOLD,20191115,3364.95,3365,3330.65,3335.7,135
AXISNIFTY,20191115,1234.65,1234.66,1230,1230,18
AYMSYNTEX,20191115,30.5,31.5,30.5,31,4466
BAGFILMS,20191115,2.1,2.1,2.1,2.1,35325
BAJAJ-AUTO,20191115,3240,3252.45,3200,3215.35,311463
BAJAJCON,20191115,242.9,247,240.5,241.55,184208
BAJAJELEC,20191115,321.6,329.4,321.6,326.5,106108
BAJAJFINSV,20191115,9070.2,9140,9033.6,9057.85,295919
BAJAJHIND,20191115,6.7,7.05,6.35,6.85,2359881
BAJAJHLDNG,20191115,3724.8,3738.8,3706.5,3720.05,9304
BAJFINANCE,20191115,4220.2,4247.25,4175.55,4187.6,1193171
BALAJITELE,20191115,59.7,60.05,56.75,58.35,68052
BALAMINES,20191115,358.85,363.85,344,345.9,20256
BALAXI,20191115,75,75,74.1,74.1,110
BALKRISHNA,20191115,17.75,17.75,16.35,16.5,7354
BALKRISIND,20191115,814.55,880,812,862.95,2486380
BALLARPUR,20191115,0.5,0.55,0.5,0.5,1355137
BALMLAWRIE,20191115,191,192.9,188,190.45,86844
BALPHARMA,20191115,43.35,44.4,43.3,43.55,8736
BALRAMCHIN,20191115,147,149.85,146.35,147.7,381578
BANARBEADS,20191115,32.45,32.45,30.8,32.2,174
BANARISUG,20191115,1160,1210,1145.95,1207.9,1407
BANCOINDIA,20191115,100.5,102.4,98,99.65,61083
BANDHANBNK,20191115,560.75,569,556.2,559.95,1634098
BANG,20191115,17.2,17.5,17,17,4650
BANKBARODA,20191115,93.65,96.55,93.65,94.3,34167904
BANKBEES,20191115,3144.11,3179.33,3142.6,3171.51,20577
BANKINDIA,20191115,66.6,71.25,66.6,69.35,19836274
BANSWRAS,20191115,91.75,101.85,86.4,94.15,124516
BARTRONICS,20191115,1.6,1.7,1.6,1.7,2600
BASF,20191115,965,974.7,943,946.45,14362
BASML,20191115,131.55,132,121.05,127.4,3204
BATAINDIA,20191115,1713,1743.85,1708,1731.4,612436
BAYERCROP,20191115,3320,3445,3303,3366.45,5650
BBL,20191115,858.95,869.95,848,849.35,4887
BBTC,20191115,1182,1209.95,1165,1174.8,87782
BCG,20191115,3.1,3.25,2.95,2.95,568403
BCP,20191115,9.15,9.15,9.15,9.15,12348
BDL,20191115,341.7,343.95,332.3,333.55,35220
BEARDSELL,20191115,10.55,10.55,9.5,10,8404
BEDMUTHA,20191115,12.25,12.25,11.95,12.25,1949
BEL,20191115,109.7,112.35,109.6,111.25,5362733
BEML,20191115,952.9,974.9,946.55,952.4,526593
BEPL,20191115,49.8,50.4,48.2,48.45,266778
BERGEPAINT,20191115,484.25,489.6,482.55,487.3,1184307
BFINVEST,20191115,315,324.8,310.25,315.35,64220
BFUTILITIE,20191115,282,283.8,270.9,272.65,143772
BGLOBAL,20191115,1.85,1.9,1.85,1.85,26002
BGRENERGY,20191115,31.8,31.8,29.3,29.95,53979
BHAGERIA,20191115,104.75,105,98.55,99.95,37533
BHAGYANGR,20191115,18.75,19,18.3,18.95,7332
BHAGYAPROP,20191115,20,20,19.55,19.65,410
BHANDARI,20191115,1.2,1.2,1.1,1.2,190999
BHARATFORG,20191115,438.4,443.2,428.6,439.8,2804725
BHARATGEAR,20191115,77.95,79.75,74.95,75.25,12287
BHARATRAS,20191115,6830,7020,6501,6567.65,6294
BHARATWIRE,20191115,32.9,32.9,29.75,30,9512
BHARTIARTL,20191115,357.85,398.5,357.25,393.05,55174490
BHEL,20191115,54,54.9,53.75,54.2,10858135
BIGBLOC,20191115,24.7,25,23.5,24.55,1343
BIL,20191115,168.9,170.75,158,164.35,5788
BILENERGY,20191115,1.4,1.4,1.4,1.4,55243
BINDALAGRO,20191115,10.4,10.75,9.7,10.05,11318
BIOCON,20191115,255,262,253.1,257.25,1929705
BIOFILCHEM,20191115,5.4,5.4,5.25,5.4,913
BIRLACABLE,20191115,61,66.55,60.7,66.15,337071
BIRLACORPN,20191115,658.5,658.5,640,645.3,49905
BIRLAMONEY,20191115,33.1,33.5,32.6,32.9,53655
BKMINDST,20191115,0.65,0.7,0.65,0.7,60761
BLBLIMITED,20191115,3.5,3.7,3.45,3.5,5124
BLISSGVS,20191115,138.85,140.9,136.8,139.15,302951
BLKASHYAP,20191115,9.75,9.75,9.4,9.4,24787
BLS,20191115,65.95,65.95,57.5,60.4,301561
BLUEBLENDS,20191115,0.7,0.7,0.7,0.7,2241
BLUECOAST,20191115,1.65,1.7,1.65,1.7,697
BLUEDART,20191115,2174,2199,2140,2151.9,3021
BLUESTARCO,20191115,802,825,790,810.75,341944
BODALCHEM,20191115,67,68.1,65.5,66.9,158540
BOMDYEING,20191115,81,82.5,78.25,79,1686176
BOROSIL,20191115,193.1,195.5,187.4,193.55,97828
BOSCHLTD,20191115,15290,15385.95,14925.05,15048.65,23230
BPCL,20191115,513.95,513.95,504,506.55,4165497
BPL,20191115,19.05,20,19.05,19.2,62937
BRFL,20191115,4.1,4.35,3.95,3.95,71201
BRIGADE,20191115,208.8,216,206.65,213.55,138200
BRITANNIA,20191115,3230.2,3260,3185.15,3195.55,261412
BRNL,20191115,60,62.95,60,60.75,11137
BROOKS,20191115,30.95,33.35,30.9,31.6,25293
BSE,20191115,505,508.95,495.65,497.6,91248
BSELINFRA,20191115,1.05,1.05,1,1.05,42346
BSL,20191115,31.65,31.65,28.75,28.75,20855
BSLGOLDETF,20191115,3562,3562,3459.6,3500,182
BSLNIFTY,20191115,130.26,130.35,129.86,129.86,130
BSOFT,20191115,68.15,68.15,65.55,65.95,213573
BURNPUR,20191115,1.3,1.3,1.2,1.25,28820
BUTTERFLY,20191115,191.8,192,186.7,189.8,34383
BVCL,20191115,11,11.2,11,11.2,5327
BYKE,20191115,19.4,19.8,18.5,19.45,21138
CADILAHC,20191115,234.85,237.3,230.7,234.5,947260
CALSOFT,20191115,17,18.25,17,17.35,5990
CAMLINFINE,20191115,59.1,61.1,59,59.8,164084
CANBK,20191115,203.5,214.4,202.55,205.2,21438479
CANFINHOME,20191115,379.95,389,378.05,385.1,186620
CANTABIL,20191115,218.25,222,213.8,220.05,28635
CAPACITE,20191115,200,202.9,195.1,196.75,30026
CAPLIPOINT,20191115,380,382.65,368.5,370.1,55370
CAPTRUST,20191115,87.9,87.9,86.5,86.9,645
CARBORUNIV,20191115,310.9,312.9,308.25,310.5,14835
CAREERP,20191115,114.1,129.75,114.1,126.7,61243
CARERATING,20191115,506,510,500.3,503.95,96824
CASTEXTECH,20191115,0.55,0.55,0.55,0.55,8512
CASTROLIND,20191115,144.75,147.35,144.15,144.9,852931
CCHHL,20191115,3.5,3.55,3.3,3.5,47634
CCL,20191115,206.5,207.65,203,203.85,97489
CDSL,20191115,223.1,228,221,221.6,199320
CEATLTD,20191115,971,978.45,955,958.7,60024
CEBBCO,20191115,14.1,15.4,13.95,15.4,472109
CELEBRITY,20191115,6.75,6.75,6.75,6.75,15928
CELESTIAL,20191115,3.2,3.4,3.2,3.4,4742
CENTENKA,20191115,183.85,184.05,179.5,180.4,11432
CENTEXT,20191115,2.85,2.85,2.7,2.75,23453
CENTRALBK,20191115,19.35,21.5,19.1,21,1843396
CENTRUM,20191115,21.8,22,19.8,21.75,726025
CENTUM,20191115,380.05,393.5,380,385.75,935
CENTURYPLY,20191115,178,181.75,174,175,561499
CENTURYTEX,20191115,407.05,419.9,407.05,416.05,1476606
CERA,20191115,2425,2527,2425,2489.7,4924
CEREBRAINT,20191115,20.4,21.85,19.45,21.6,1516639
CESC,20191115,759,769.9,748,755.75,345704
CESCVENT,20191115,304.75,313.75,300.6,307.2,16950
CGCL,20191115,188.55,199,187.1,197.7,345044
CGPOWER,20191115,16.5,16.5,15.35,15.45,916964
CHALET,20191115,349.65,349.85,326.4,338,66125
CHAMBLFERT,20191115,161.7,163,154.15,155.75,1165641
CHEMFAB,20191115,174,174,168.3,169.7,1669
CHENNPETRO,20191115,140.5,143.35,139.15,140.4,205104
CHOLAFIN,20191115,310.85,330.9,309.1,329.15,5294094
CHOLAHLDNG,20191115,475.1,480,465.85,478.8,13068
CHROMATIC,20191115,0.45,0.45,0.45,0.45,6794
CIGNITITEC,20191115,312,314.5,305.05,310.05,69392
CIMMCO,20191115,19.25,21.45,19.25,20.5,28019
CINELINE,20191115,33.7,34.5,31.55,32.2,10257
CINEVISTA,20191115,9.6,10.05,9.15,9.4,13445
CIPLA,20191115,448,468.05,435.4,463.25,10693852
CKFSL,20191115,0.6,0.6,0.55,0.55,88674
CLEDUCATE,20191115,74.75,78.9,73,77,7463
CLNINDIA,20191115,309.1,310.7,303.6,306.7,32749
CMICABLES,20191115,63.15,63.15,62.7,62.7,4739
CNOVAPETRO,20191115,8.15,9,8.15,8.2,2819
COALINDIA,20191115,202.95,204.5,200.5,201.15,4544919
COCHINSHIP,20191115,409.4,410.7,402,403.65,62894
COFFEEDAY,20191115,45.7,45.7,45.7,45.7,521828
COLPAL,20191115,1550,1589.95,1538.05,1578.9,806638
COMPINFO,20191115,9.25,10.3,8,9.7,473960
COMPUSOFT,20191115,7.45,8.2,7.45,7.75,58674
CONCOR,20191115,576.1,581.7,568.25,570.7,1025774
CONFIPET,20191115,28.05,28.05,26.7,26.9,280117
CONSOFINVT,20191115,37,38.9,37,37.05,1431
CONTROLPR,20191115,253.05,253.05,230.2,235.65,23860
CORALFINAC,20191115,10.8,11.5,10.55,11.05,8523
CORDSCABLE,20191115,43,45,41.45,44.25,30988
COROMANDEL,20191115,473.15,480,472.95,476.55,55004
CORPBANK,20191115,16.8,18.9,16.2,18.4,6593156
COSMOFILMS,20191115,239.85,239.85,225.1,227.05,32897
COUNCODOS,20191115,1.75,1.75,1.7,1.7,5791
COX&KINGS,20191115,1.55,1.55,1.55,1.55,491857
CPSEETF,20191115,24.02,24.06,23.82,23.85,1468336
CREATIVE,20191115,70.9,74,70,71.1,21327
CREATIVEYE,20191115,1.25,1.25,1.25,1.25,100
CREDITACC,20191115,740,786.8,729.05,773.15,258666
CREST,20191115,94.75,99.5,92,92.4,4281
CRISIL,20191115,1430,1490.7,1410.05,1481.1,20768
CROMPTON,20191115,259,262.75,258.85,260.05,926521
CTE,20191115,27.1,28.95,27.1,27.95,4738
CUB,20191115,207.8,212.2,207.8,211.25,874010
CUBEXTUB,20191115,11.85,13,11.8,12.65,3960
CUMMINSIND,20191115,560.4,568.2,556.55,563.6,224680
CUPID,20191115,207.7,212,200.25,202,93791
CURATECH,20191115,1.7,1.7,1.7,1.7,700
CYBERMEDIA,20191115,3.2,3.2,3.2,3.2,108
CYBERTECH,20191115,50.7,51.55,49.15,49.85,23866
CYIENT,20191115,401.95,401.95,395,397.1,114548
DAAWAT,20191115,24.05,24.35,23.65,24.05,415140
DABUR,20191115,464.5,466.6,460.05,461.7,594085
DALBHARAT,20191115,830,838.5,827.7,829.8,81794
DALMIASUG,20191115,89.5,90.8,89.3,90.05,48246
DAMODARIND,20191115,28.7,28.7,25.55,27.5,1550
DATAMATICS,20191115,73.5,73.8,72.65,73.45,20219
DBCORP,20191115,142.95,143.1,141.3,141.6,11827
DBL,20191115,394,407.8,377.6,398.05,354198
DBREALTY,20191115,7.95,7.95,7.95,7.95,58272
DBSTOCKBRO,20191115,9.45,9.45,8.55,9.35,2260
DCAL,20191115,124.5,124.7,120,121.25,129480
DCBBANK,20191115,183.5,184.3,181,182.65,282538
DCM,20191115,19.95,20.9,19.4,20.15,1965
DCMNVL,20191115,27.95,30.8,27.95,29.8,5044
DCMSHRIRAM,20191115,317,318.1,314,316.5,38119
DCW,20191115,15,15.25,14.25,14.4,250055
DECCANCE,20191115,336,340.6,333.6,337,5062
DEEPAKFERT,20191115,94.75,97.4,94.65,96.1,134831
DEEPAKNTR,20191115,357.95,358.9,352.05,353.45,169093
DEEPIND,20191115,95.45,114.3,95.45,108.4,618701
DELTACORP,20191115,191,194,188.9,189.55,504936
DEN,20191115,41,42.95,38.95,39,117760
DENORA,20191115,234.5,239,231.6,232.55,2344
DFMFOODS,20191115,245.05,247.85,245.05,246.8,16497
DGCONTENT,20191115,3.8,3.95,3.8,3.8,266141
DHAMPURSUG,20191115,191.8,193,187.05,188.15,284877
DHANBANK,20191115,14.95,15.3,14.85,14.95,273398
DHANUKA,20191115,320,332,317.7,327.3,67146
DHARSUGAR,20191115,7.7,8.45,7.7,7.85,3615
DHFL,20191115,23.2,23.2,23.2,23.2,564631
DHUNINV,20191115,211.5,227.8,211.5,222,816
DIAMONDYD,20191115,920,935,900,915.6,3331
DICIND,20191115,324.75,338.45,324.75,327.8,674
DIGISPICE,20191115,5.85,6.35,5.85,6.35,2867
DISHTV,20191115,13.2,14.05,13.05,13.55,39609379
DIVISLAB,20191115,1645,1758.95,1627,1747.7,2475371
DIXON,20191115,3285,3375,3251,3281.1,116594
DLF,20191115,210,215.6,208.35,211.75,12386416
DLINKINDIA,20191115,90.5,94,90.5,90.8,7247
DMART,20191115,1923.95,1936.8,1852.55,1870.85,690423
DNAMEDIA,20191115,0.4,0.4,0.35,0.35,6938
DOLAT,20191115,65.95,66,62.55,63.3,78925
DOLLAR,20191115,159.7,162.7,156.35,157.7,10444
DONEAR,20191115,30.2,31.9,29.35,29.9,12510
DPSCLTD,20191115,9.5,9.5,9.05,9.05,9561
DQE,20191115,2.5,2.55,2.4,2.4,809
DREDGECORP,20191115,320.05,324.6,315.65,317.25,76264
DRREDDY,20191115,2748,2748,2712.3,2730.8,378845
DSSL,20191115,24.1,26.3,23.55,26.3,39521
DTIL,20191115,188,195,170.1,174.6,31004
DUCON,20191115,5.6,5.6,5.6,5.6,13873
DVL,20191115,67.35,71.55,67.3,69.3,3781
DWARKESH,20191115,25.35,25.4,24.95,25.05,151831
DYNAMATECH,20191115,1082,1125,1070,1112.4,3006
DYNPRO,20191115,143.95,147.35,138.15,144.95,15309
EASTSILK,20191115,0.65,0.65,0.65,0.65,350
EBANK,20191115,3210,3734.43,3210,3734,3
ECLERX,20191115,444.35,451.9,432.95,434.95,19656
EDELWEISS,20191115,130.55,134.6,125,129.15,4075390
EICHERMOT,20191115,21850,21900,21241.3,21324.05,119533
EIDPARRY,20191115,184.7,202.2,183.5,192.3,658140
EIHAHOTELS,20191115,300,308.9,290.6,292.4,2075
EIHOTEL,20191115,151.5,151.5,147.5,148,71913
EIMCOELECO,20191115,305.05,305.05,294.25,305,180
EKC,20191115,24.6,24.9,23.25,23.35,114765
ELECON,20191115,35,35.9,34.3,34.75,31270
ELECTCAST,20191115,13.15,13.15,12.8,12.9,183093
ELECTHERM,20191115,142.85,145,140.1,141.1,4823
ELGIEQUIP,20191115,257.65,265.9,257.65,261.05,15016
ELGIRUBCO,20191115,18.45,18.45,16.1,16.9,5216
EMAMILTD,20191115,322.3,322.3,312.1,313.65,102497
EMAMIPAP,20191115,74.95,74.95,70.5,70.7,1775
EMAMIREAL,20191115,44.15,45,42.7,43.95,6592
EMCO,20191115,0.7,0.75,0.7,0.7,361
EMKAY,20191115,71,76.85,68,68.35,22104
EMMBI,20191115,102.1,104.65,100.5,101.4,11809
ENDURANCE,20191115,1035,1089,1035,1069.85,11557
ENERGYDEV,20191115,5,5.2,5,5.05,53484
ENGINERSIN,20191115,104.2,105.3,101.8,102,938650
ENIL,20191115,237.05,269,219.15,248.45,128603
EON,20191115,16.9,16.9,16.9,16.9,4273
EQ30,20191115,345.85,345.85,345.85,345.85,24
EQUITAS,20191115,84.6,87.35,84.25,86.25,3861117
ERIS,20191115,418,423.5,409.5,410.45,1648697
EROSMEDIA,20191115,14.7,14.85,13.55,14.6,156833
ESABINDIA,20191115,1216.15,1250.1,1210,1224.4,1809
ESCORTS,20191115,657,668.75,653.4,658.3,1540010
ESSARSHPNG,20191115,7.15,7.75,7.15,7.55,9299
ESSELPACK,20191115,140,140.7,132.65,134.95,97113
ESTER,20191115,36.65,37.25,34.25,34.9,52789
EUROMULTI,20191115,0.4,0.4,0.3,0.4,15147
EUROTEXIND,20191115,11.3,11.3,11.3,11.3,200
EVEREADY,20191115,49.2,53,49.2,52.7,176275
EVERESTIND,20191115,284.65,286.05,266,273.95,24966
EXCEL,20191115,1,1.05,0.95,1,72690
EXCELINDUS,20191115,870.6,892.9,870.1,871.35,7415
EXIDEIND,20191115,192,193.5,188,190.2,1777249
EXPLEOSOL,20191115,277,277,272.5,273.25,528
FACT,20191115,41,41,39.5,39.6,124519
FAIRCHEM,20191115,494.95,503,473.45,475.75,14814
FCL,20191115,31,31.5,29.35,29.85,383685
FCONSUMER,20191115,23.55,23.65,22.6,23.15,1976608
FCSSOFT,20191115,0.2,0.25,0.2,0.2,368355
FDC,20191115,180.15,185.2,180.15,184,252722
FEDERALBNK,20191115,84.5,85.4,82.9,84.3,13130961
FEL,20191115,23.45,23.45,22.5,22.6,149984
FELDVR,20191115,23.65,23.65,21.5,22.25,6195
FIEMIND,20191115,361,371,357.2,367.05,11691
FILATEX,20191115,37.6,39.75,36.4,37,228218
FINCABLES,20191115,367,367,354.55,355.3,32289
FINEORG,20191115,1928,1972,1901,1944.5,15972
FINPIPE,20191115,575,578.45,570,570.25,19230
FLEXITUFF,20191115,3.5,3.75,3.5,3.5,4668
FLFL,20191115,395,403,383.05,394.95,46024
FLUOROCHEM,20191115,592.3,597,539.05,545.25,55469
FMGOETZE,20191115,590,594,583.25,590.3,3732
FMNL,20191115,29.1,29.9,28.6,28.8,67560
FORCEMOT,20191115,1059,1080.05,1016.55,1028.7,33358
FORTIS,20191115,158.25,161,129,143.8,44526375
FOSECOIND,20191115,1330,1348.4,1320.4,1331.7,928
FRETAIL,20191115,345,345.85,323.6,331.95,772620
FSC,20191115,482.2,504,482.2,499.7,16555
FSL,20191115,40.55,42,40.55,41.25,1236549
GABRIEL,20191115,120,122.95,115.2,117.7,144936
GAEL,20191115,128.65,133.2,128,131.6,56321
GAIL,20191115,122.95,124.5,122,124.3,9604176
GAL,20191115,1.95,1.95,1.9,1.9,14802
GALAXYSURF,20191115,1543.9,1559.9,1518.15,1540.45,160247
GALLANTT,20191115,26.9,26.9,25.5,25.8,5820
GALLISPAT,20191115,21,21,19,19.55,7957
GAMMNINFRA,20191115,0.25,0.3,0.25,0.3,163685
GANDHITUBE,20191115,299.9,299.9,290,291.55,839
GANECOS,20191115,258,259.85,248.55,250.1,5952
GANESHHOUC,20191115,33.05,33.9,31.6,32.15,40790
GANGESSECU,20191115,38,40,38,40,856
GARDENSILK,20191115,11,11.2,10.8,10.85,7062
GARFIBRES,20191115,1159.45,1159.45,1085,1140.7,9688
GATI,20191115,59.25,60.5,56.5,57.5,529125
GAYAHWS,20191115,0.25,0.3,0.2,0.25,426003
GAYAPROJ,20191115,95.5,100.2,92.1,98.2,168031
GDL,20191115,81.1,89.5,81,87.9,1432016
GEECEE,20191115,83.1,84.05,81.85,83.25,1938
GENESYS,20191115,72.55,75,71,73.95,10856
GENUSPAPER,20191115,5,5.1,4.95,5,70083
GENUSPOWER,20191115,23.9,24,23.35,23.5,152536
GEOJITFSL,20191115,29.7,29.8,28.85,29,64568
GEPIL,20191115,675,700,670.25,686.65,26981
GESHIP,20191115,302.7,303.85,299.25,301.75,126748
GET&D,20191115,177.45,181.05,173.15,173.65,19493
GFLLIMITED,20191115,74.6,77.55,74.55,74.55,48526
GHCL,20191115,208.4,208.4,205.65,206.6,49090
GICHSGFIN,20191115,154,154,147.25,149.25,126437
GICRE,20191115,269,273.45,256.5,258.25,448435
GILLANDERS,20191115,30,30,28,29,2171
GILLETTE,20191115,7203,7203,7100,7108.15,4311
GINNIFILA,20191115,8,8.55,8,8.3,19887
GIPCL,20191115,67.95,67.95,65.6,66,150535
GKWLIMITED,20191115,717.7,748,717.7,740,117
GLAXO,20191115,1600,1610,1595.2,1606.2,44288
GLENMARK,20191115,297.8,306,290.1,301,13094121
GLOBALVECT,20191115,52.95,52.95,48,48.85,5429
GLOBOFFS,20191115,5.95,6.3,5.7,5.9,11355
GLOBUSSPR,20191115,141,143.4,135.5,137.75,133005
GMBREW,20191115,412.5,419,403.5,406.4,39584
GMDCLTD,20191115,58.5,59.9,58.35,59.6,98600
GMMPFAUDLR,20191115,1654,1727.5,1653.95,1704.4,56791
GMRINFRA,20191115,20.95,22.05,20.8,21.65,22899760
GNA,20191115,260.7,282,260.7,271.6,110861
GNFC,20191115,193.9,195.9,191.5,192.4,179532
GOACARBON,20191115,215.9,217,210,212.75,6743
GOCLCORP,20191115,278.55,284.75,278.55,281.8,3947
GODFRYPHLP,20191115,1259,1268,1195,1218.05,112996
GODREJAGRO,20191115,475,476,468.1,470.75,51402
GODREJCP,20191115,714.95,718.8,710,710.65,547792
GODREJIND,20191115,439,453,437.55,444.1,161286
GODREJPROP,20191115,920,930,901,906.6,130233
GOKEX,20191115,79.95,80.3,76.8,78.7,120559
GOKUL,20191115,13,13,12.2,12.75,2743
GOKULAGRO,20191115,13.2,13.9,13,13.7,2489
GOLDBEES,20191115,3360.05,3383.9,3350,3353.85,12316
GOLDENTOBC,20191115,40.95,40.95,37.35,37.35,8081
GOLDIAM,20191115,132.95,136.4,131,134.35,48671
GOLDSHARE,20191115,3390.25,3394.95,3376.45,3378.05,317
GOLDTECH,20191115,9.3,9.85,9.3,9.45,6679
GOODLUCK,20191115,53.5,53.5,45.4,48.2,71592
GPIL,20191115,139.8,141.75,138.3,138.95,20043
GPPL,20191115,85.95,86,81.65,83.45,109824
GPTINFRA,20191115,42.45,46.8,42.25,43.1,3214
GRANULES,20191115,124.85,126.2,122.5,123.5,1049656
GRAPHITE,20191115,304,307.6,296.7,298.15,1191039
GRASIM,20191115,735,768,724.8,755.15,4573144
GRAVITA,20191115,43.5,43.9,42,42.95,26444
GREAVESCOT,20191115,140,148,139,139.7,1192524
GREENLAM,20191115,985,987,960.05,970.5,908
GREENPANEL,20191115,44.4,48,44.4,45.65,197753
GREENPLY,20191115,161.5,167.7,160.95,164.2,40249
GREENPOWER,20191115,1.8,1.8,1.7,1.75,1071946
GRINDWELL,20191115,598,603,594.5,601.85,5445
GROBTEA,20191115,312.3,314.8,286.1,299.7,194
GRPLTD,20191115,810.1,834.95,750.4,802.5,447
GRSE,20191115,218.9,227.8,216.9,222.85,292219
GSCLCEMENT,20191115,18.35,19.05,18,18.85,20820
GSFC,20191115,72.45,72.85,71.5,71.7,241602
GSKCONS,20191115,8888,8986,8816.3,8842.85,8490
GSPL,20191115,218.7,221.75,217.5,220.1,385859
GSS,20191115,36.7,36.7,34,34.7,12108
GTL,20191115,1.4,1.4,1.35,1.35,71446
GTLINFRA,20191115,0.4,0.45,0.35,0.45,3439626
GTNIND,20191115,5.3,5.9,5.3,5.55,1973
GTNTEX,20191115,6.65,6.65,6.2,6.25,1341
GTPL,20191115,66.05,66.8,65.3,65.5,12257
GUFICBIO,20191115,70,70.9,67.65,68,33139
GUJALKALI,20191115,414,425,411.3,414.45,28934
GUJAPOLLO,20191115,130.1,130.1,125.3,128.6,490
GUJGASLTD,20191115,197.9,198,193.2,193.85,281857
GULFOILLUB,20191115,845,875,840,870,11563
GULFPETRO,20191115,39.65,40,37.5,39.3,11406
GULPOLY,20191115,39,40.4,39,39.85,6772
GVKPIL,20191115,4.5,4.5,4.4,4.4,1052496
HAL,20191115,815,819,794.1,804.3,16887
HARITASEAT,20191115,449,454,447,449.7,1333
HARRMALAYA,20191115,49.15,49.2,48.05,48.15,24768
HATHWAY,20191115,20.45,20.65,19.8,19.85,198274
HATSUN,20191115,592,605,580,587.15,607276
HAVELLS,20191115,674.4,682.9,671.1,672.85,549025
HAVISHA,20191115,0.65,0.65,0.6,0.6,1200
HBLPOWER,20191115,16.2,16.7,15.7,16.3,181539
HBSL,20191115,6.65,6.65,6.65,6.65,838
HCC,20191115,7.75,9,7.75,8.75,3725778
HCG,20191115,114,114.95,111.05,113.1,13674
HCL-INSYS,20191115,7.25,7.55,7.1,7.4,303980
HCLTECH,20191115,1150.95,1159.8,1140,1142.3,1530856
HDFC,20191115,2220.1,2238.75,2208,2224.05,3346325
HDFCAMC,20191115,3625,3639.9,3483.1,3498.5,925254
HDFCBANK,20191115,1283.85,1285,1271.1,1277.9,4639506
HDFCLIFE,20191115,588.35,588.35,576.1,577.5,1959586
HDFCMFGETF,20191115,3461.8,3461.85,3437.7,3445.05,2793
HDFCNIFETF,20191115,1331.4,1331.4,1246.72,1253.01,1075
HDFCSENETF,20191115,4279.23,4287.02,4229.41,4229.41,21
HDIL,20191115,2.3,2.3,2.3,2.3,308697
HEG,20191115,1030,1052,1012,1020.45,440820
HEIDELBERG,20191115,187.1,192,187.05,188.95,169949
HERCULES,20191115,89.15,92.95,89.1,92.05,11344
HERITGFOOD,20191115,321.45,328,320,322.2,8779
HEROMOTOCO,20191115,2600,2614.95,2530.25,2543.2,682624
HESTERBIO,20191115,1600.05,1607.1,1581.2,1595.8,3696
HEXATRADEX,20191115,11.95,11.95,10.85,11,16087
HEXAWARE,20191115,334,338.1,334,336,328807
HFCL,20191115,17.65,17.85,17.2,17.3,1277054
HGINFRA,20191115,249.9,270.7,245.05,257.6,380231
HGS,20191115,628.95,630,610.1,616,3054
HIKAL,20191115,107.25,113.1,107.25,112.05,192401
HIL,20191115,1211.95,1246,1175.3,1179.15,13260
HILTON,20191115,17.1,17.1,17.1,17.1,38049
HIMATSEIDE,20191115,132.95,134.3,130.4,130.75,66073
HINDALCO,20191115,188.5,190.15,187.1,187.75,4558349
HINDCOMPOS,20191115,171,178,171,173.1,2224
HINDCOPPER,20191115,38.55,38.6,37.15,37.35,592353
HINDMOTORS,20191115,5.5,5.75,5.5,5.7,56322
HINDNATGLS,20191115,31.05,31.05,31.05,31.05,1344
HINDOILEXP,20191115,93.5,95.55,92.75,93.8,143948
HINDPETRO,20191115,287.75,292.95,286.35,290.2,2573038
HINDSYNTEX,20191115,2.7,2.7,2.7,2.7,350
HINDUNILVR,20191115,2062.25,2099,2050.55,2057.7,958290
HINDZINC,20191115,209.2,211.25,208,208.3,350743
HIRECT,20191115,217.8,218,208.1,209.85,40381
HISARMETAL,20191115,58.95,58.95,53,53.55,5182
HITECH,20191115,153.05,159.9,142.4,144.85,31878
HITECHCORP,20191115,90,93.95,81.1,91.25,5577
HITECHGEAR,20191115,177.35,179.75,173.55,179.6,5554
HMVL,20191115,82,82,77.55,78.35,6158
HNDFDS,20191115,612,654,609,650.15,2181
HNGSNGBEES,20191115,3400,3602.02,3340,3520,204
HONAUT,20191115,27399,27500,27005,27158.35,8761
HONDAPOWER,20191115,1297.7,1304.95,1226.25,1245.5,7275
HOTELEELA,20191115,7.55,7.65,7.5,7.6,83057
HOVS,20191115,55,56,48.85,49.2,72099
HPL,20191115,43.25,43.25,41.3,41.65,26013
HSCL,20191115,64.9,65,63.55,64.5,346336
HSIL,20191115,48.15,48.85,47.75,47.75,109976
HTMEDIA,20191115,15.9,16.4,15.5,16.25,83528
HUBTOWN,20191115,12.7,13.55,11.7,12.85,199731
HUDCO,20191115,43.5,44.5,42.8,43.2,2764978
IBMFNIFTY,20191115,116.3,118.9,116.3,117.49,1425
IBREALEST,20191115,70.25,74.5,70.25,72.65,4283379
IBULHSGFIN,20191115,212.4,218.85,207.5,210.3,35716132
IBULISL,20191115,77.35,77.35,77.35,77.35,19889
IBVENTURES,20191115,146.9,151.5,141.5,149.15,1092110
ICICI500,20191115,157.3,157.48,156.25,156.92,25609
ICICIB22,20191115,35.11,35.16,34.75,34.87,399590
ICICIBANK,20191115,497.85,509.7,496,499.85,42074833
ICICIBANKN,20191115,310,312.25,309.33,311.61,113391
ICICIBANKP,20191115,172,172.85,170.4,171.05,933
ICICIGI,20191115,1380,1394,1370.1,1379.65,385802
ICICIGOLD,20191115,34.05,34.8,34.05,34.55,29097
ICICILIQ,20191115,999.99,1000,999.99,999.99,73199
ICICILOVOL,20191115,94.37,94.37,91.5,92.42,466
ICICIMCAP,20191115,64.5,65.3,64.5,65.11,13889
ICICINF100,20191115,130,130,128.74,129.14,1862
ICICINIFTY,20191115,125,126.2,122,125.28,1146798
ICICINV20,20191115,58.25,58.25,56.95,57.09,2314
ICICINXT50,20191115,28.85,28.85,28.28,28.4,7137
ICICIPRULI,20191115,526.4,527.5,520.05,522.45,1882556
ICICISENSX,20191115,429.4,433.64,429.4,430.95,454
ICIL,20191115,53.7,57.4,52.95,53.45,207988
ICRA,20191115,2835,2835,2725.2,2730.2,385
IDBI,20191115,32.45,34.5,32.05,32.9,11023619
IDBIGOLD,20191115,3491,3523,3490,3490,225
IDEA,20191115,2.7,3.9,2.4,3.65,826173911
IDFC,20191115,34.55,34.9,33.65,34.55,5499690
IDFCFIRSTB,20191115,41.95,42.5,41.65,42.25,10302094
IDFNIFTYET,20191115,123.99,123.99,123,123,6
IEX,20191115,142.5,143.5,141.6,143,458535
IFBAGRO,20191115,424.9,429.5,413.1,416.05,3767
IFBIND,20191115,749.65,749.7,722.5,729.2,5122
IFCI,20191115,7.5,7.6,7.1,7.2,1865490
IFGLEXPOR,20191115,147,153.6,147,148.65,467
IGARASHI,20191115,245.7,251.95,235,237.85,40672
IGL,20191115,425,431,421.7,423.25,2118008
IGPL,20191115,136.1,145.75,136.1,142.95,41274
IIFL,20191115,144.9,158.2,143.9,154.75,755534
IIFLSEC,20191115,25.7,26.45,25.25,25.5,160846
IIFLWAM,20191115,1223.3,1261.05,1215,1229.35,12550
IITL,20191115,61.05,61.05,61,61,275
IMFA,20191115,190,199.85,188,194.5,37999
IMPAL,20191115,624.9,624.9,598.9,601.35,5105
IMPEXFERRO,20191115,0.25,0.3,0.25,0.25,600
INDBANK,20191115,7.55,7.6,6.2,6.8,424543
INDHOTEL,20191115,155,157.9,152.2,154.65,839257
INDIACEM,20191115,81.55,83.4,80.5,82.85,1751721
INDIAGLYCO,20191115,222.7,236,222.7,229.15,166449
INDIAMART,20191115,1999.95,2004.8,1909,1926.9,41437
INDIANB,20191115,115.2,120.5,114.55,116.8,2101034
INDIANCARD,20191115,104.95,115.5,104.95,114.25,1307
INDIANHUME,20191115,223,225.75,215,215.8,24986
INDIGO,20191115,1510,1516.2,1456.15,1465.65,1568300
INDLMETER,20191115,23.25,23.25,22.1,22.15,893
INDNIPPON,20191115,325.45,335.95,325,325.7,3119
INDOCO,20191115,145.45,145.95,140.5,144.75,20182
INDORAMA,20191115,25.5,26.2,24.25,25.3,14471
INDOSTAR,20191115,180.2,183.6,179.55,180.65,73494
INDOTECH,20191115,127.8,145,114,117.7,202244
INDOTHAI,20191115,22.2,23.85,22.1,22.15,1893
INDOWIND,20191115,2.95,3.05,2.8,2.85,45631
INDRAMEDCO,20191115,43.7,44.5,42.8,43.35,275316
INDSWFTLAB,20191115,29.55,29.55,27.4,28.7,33008
INDSWFTLTD,20191115,3.85,3.85,3.65,3.8,17725
INDTERRAIN,20191115,69.45,71.1,67.7,70.85,7273
INDUSINDBK,20191115,1377.1,1388.2,1345.7,1359,4476838
INEOSSTYRO,20191115,666.15,679.5,666,674.4,12679
INFIBEAM,20191115,44.8,45.65,44.45,45.1,728685
INFOBEAN,20191115,60.8,68.55,60.8,67,1435
INFRABEES,20191115,335,336.08,333.05,335.23,162
INFRATEL,20191115,203.95,234,203.05,227.15,20249326
INFY,20191115,709.05,712.95,702.3,703.9,7362623
INGERRAND,20191115,618,623,609.9,618.6,14608
INOXLEISUR,20191115,360.35,360.35,356.5,358.05,61038
INOXWIND,20191115,33.9,33.9,32.45,33.15,50015
INSECTICID,20191115,552.75,554.6,519.7,524.5,10210
INSPIRISYS,20191115,40.1,40.9,39.55,39.9,8090
INTELLECT,20191115,147.95,147.95,138.95,145.45,298751
INTENTECH,20191115,29,30.65,28.5,29.8,5251
INVENTURE,20191115,13,13.1,12.8,12.9,25090
IOB,20191115,9.85,10.3,9.8,9.9,969040
IOC,20191115,136.85,136.9,131.2,131.7,11256676
IOLCP,20191115,197,201.4,182.15,186.05,951038
IPAPPM,20191115,303,309.9,301.3,302.05,18953
IPCALAB,20191115,1137.9,1152.8,1109,1114.65,263581
IRB,20191115,71.95,72.6,70.6,71.55,430723
IRCON,20191115,408.7,418,406.1,408.6,80400
IRCTC,20191115,920,939.8,902,928.2,3194038
ISEC,20191115,315.95,318.15,310.75,314.15,106685
ISFT,20191115,82,85,78.9,83,5335
ISMTLTD,20191115,4,4.1,3.85,4.05,8526
ITC,20191115,254.25,255.75,250,250.65,16741465
ITDC,20191115,365,368.2,352.15,354.65,82974
ITDCEM,20191115,53.95,54,51.5,52.25,172126
ITI,20191115,86,88.6,85.55,87.1,683847
IVC,20191115,3.8,3.8,3.55,3.65,129026
IVP,20191115,57.6,59.95,57.25,59.95,841
IVZINGOLD,20191115,3539,3539,3478,3478,6
IVZINNIFTY,20191115,1271.65,1271.65,1270.4,1270.4,6
IZMO,20191115,32.5,33.5,31.1,31.1,42661
J&KBANK,20191115,30.7,31.9,30.7,31.1,720702
JAGRAN,20191115,54,54.15,51.65,51.95,1639999
JAGSNPHARM,20191115,26.2,28.8,26.1,26.55,7645
JAIBALAJI,20191115,19.5,20.25,19.5,20,3711
JAICORPLTD,20191115,98.3,101.9,96,99.25,2898112
JAMNAAUTO,20191115,44.55,46.2,43.7,45.45,1833624
JASH,20191115,139.45,141,137,138,1260
JAYAGROGN,20191115,130.5,134.8,129.1,131.7,7214
JAYBARMARU,20191115,230.55,237,218.7,220.95,362894
JAYNECOIND,20191115,3.65,3.75,3.5,3.65,11799
JAYSREETEA,20191115,47.8,47.9,46.85,47.05,39174
JBCHEPHARM,20191115,395.95,399,392,396.4,50857
JBFIND,20191115,7,7.1,6.8,6.9,46861
JBMA,20191115,229.65,237,226.1,227.45,66772
JCHAC,20191115,1914.8,1962,1890,1900.3,2146
JHS,20191115,15.9,16.65,15.5,15.7,21402
JIKIND,20191115,0.4,0.45,0.35,0.35,2905
JINDALPHOT,20191115,13.8,13.8,12.65,12.8,1016
JINDALPOLY,20191115,230.1,231.9,226.05,228.55,9753
JINDALSAW,20191115,81.95,82.5,80.15,80.35,254811
JINDALSTEL,20191115,141.2,145.9,139.8,143.55,16318423
JINDCOT,20191115,1.8,1.8,1.8,1.8,12826
JINDRILL,20191115,79.9,79.9,77,77.2,12184
JINDWORLD,20191115,59.9,64,57.55,62.75,225805
JISLDVREQS,20191115,9.85,10,9.75,9.75,19796
JISLJALEQS,20191115,12.65,12.85,12.65,12.65,673629
JITFINFRA,20191115,6.5,6.8,6.4,6.4,2109
JIYAECO,20191115,36.5,37,34.2,34.75,186142
JKCEMENT,20191115,1160,1164.55,1150.05,1160.2,11851
JKIL,20191115,162.4,165.75,156.25,160.05,687941
JKLAKSHMI,20191115,303,303.95,295.65,300.05,115376
JKPAPER,20191115,115,116.75,115,115.15,312389
JKTYRE,20191115,71.7,72.8,70.15,70.6,698679
JMA,20191115,23.5,25.2,23.3,24,1246
JMCPROJECT,20191115,107.45,107.65,105.4,106.2,235874
JMFINANCIL,20191115,91.25,94.8,89,94.05,939542
JMTAUTOLTD,20191115,1.4,1.4,1.4,1.4,13222
JOCIL,20191115,109.55,109.85,102.4,105.05,3598
JPASSOCIAT,20191115,2.05,2.1,2.05,2.1,4316090
JPINFRATEC,20191115,1.25,1.25,1.2,1.2,483318
JPOLYINVST,20191115,11,12.1,11,11.9,2629
JPPOWER,20191115,1.15,1.2,1.1,1.15,1633988
JSL,20191115,36.8,36.9,35.65,35.7,211520
JSLHISAR,20191115,70,71.5,68.1,68.75,144143
JSWENERGY,20191115,71,72.5,69.3,70.75,429071
JSWHL,20191115,2412,2497,2412,2460.2,581
JSWSTEEL,20191115,246,250,242.2,244.75,5246862
JTEKTINDIA,20191115,86.8,89,84.3,85.1,122691
JUBILANT,20191115,500,509.45,490.15,493.4,239043
JUBLFOOD,20191115,1620,1632.7,1610.45,1622.75,572904
JUBLINDS,20191115,98.05,99.9,97,98.2,7343
JUMPNET,20191115,74.25,74.75,72.2,74.35,1299101
JUNIORBEES,20191115,294.45,294.45,291.08,292.64,529405
JUSTDIAL,20191115,514.3,525.75,500.2,504.05,2574183
JYOTHYLAB,20191115,176.95,182.95,175.05,176.45,236256
KABRAEXTRU,20191115,67,67,66.25,66.9,7202
KAJARIACER,20191115,527.6,527.6,513.65,518.25,146309
KAKATCEM,20191115,152.25,153.55,151.25,151.35,2007
KALPATPOWR,20191115,448.6,457.6,445.15,449.35,51976
KALYANIFRG,20191115,156.7,160.9,156.65,160.9,707
KAMATHOTEL,20191115,35.3,36.1,35,35.5,15420
KAMDHENU,20191115,100.95,104,98.55,102.9,5608
KANANIIND,20191115,3.05,3.15,2.9,2.95,9743
KANORICHEM,20191115,40.5,41,39.55,39.75,51619
KANSAINER,20191115,542,553,533.8,550.85,276699
KARDA,20191115,150.05,160.6,149.45,151.2,110632
KARMAENG,20191115,9.4,10.15,9.4,10.15,10249
KARURVYSYA,20191115,58.7,59.05,57.5,57.9,382145
KAVVERITEL,20191115,2.35,2.35,2.35,2.35,108
KAYA,20191115,391,391,366.35,370.45,7691
KCP,20191115,62.15,62.85,58.6,59.7,137309
KCPSUGIND,20191115,13.5,13.5,13.2,13.3,64519
KDDL,20191115,322.9,332.95,312.1,320.85,814
KEC,20191115,279.8,284,278.4,279.95,310413
KECL,20191115,10.1,11.05,10.1,10.85,30825
KEI,20191115,537.9,543.5,528.65,531.1,82328
KELLTONTEC,20191115,17.1,17.1,15.95,15.95,103203
KENNAMET,20191115,1000,1019.45,966,999.9,13250
KERNEX,20191115,23.15,23.15,21.65,21.65,10204
KESARENT,20191115,28.3,30.95,28.25,28.55,5195
KESORAMIND,20191115,62.8,63.45,60.3,60.8,470685
KGL,20191115,0.4,0.45,0.35,0.4,1029905
KHADIM,20191115,211,216.2,208.95,209.95,15367
KHAITANLTD,20191115,20.7,20.7,18.85,19,1118
KHANDSE,20191115,13.55,13.55,13.55,13.55,200
KICL,20191115,1566,1593.95,1562,1581.6,256
KILITCH,20191115,123.5,123.5,117.25,118.3,21655
KINGFA,20191115,634.95,641,620.5,624.9,4333
KIOCL,20191115,119,123,118.6,119.6,18186
KIRIINDUS,20191115,382.1,396.9,381,386.45,142925
KIRLFER,20191115,60.2,63.8,60.1,60.95,4483
KIRLOSBROS,20191115,145.5,146.95,141,142.85,9482
KIRLOSENG,20191115,167.85,168.7,165,165.1,14961
KIRLOSIND,20191115,650,650,630,632.05,418
KITEX,20191115,103,105,100.5,100.8,64056
KKCL,20191115,965.05,974.05,949,956.95,1202
KMSUGAR,20191115,6.8,6.8,6.5,6.65,48132
KNRCON,20191115,249.95,254.05,242,244.95,232577
KOHINOOR,20191115,11.1,11.1,11.1,11.1,2887
KOKUYOCMLN,20191115,71.95,71.95,70.05,70.45,37604
KOLTEPATIL,20191115,238.15,243.1,237.5,238.45,23640
KOPRAN,20191115,28.05,28.7,28.05,28.5,17081
KOTAKBANK,20191115,1606,1629,1602.5,1622.75,2068406
KOTAKBKETF,20191115,320.5,344,314.65,317.38,670470
KOTAKGOLD,20191115,336.95,337,334.9,335.85,18682
KOTAKNIFTY,20191115,124.9,125,122.52,123.09,896449
KOTAKNV20,20191115,58.98,58.98,57.97,58.39,5475
KOTAKPSUBK,20191115,240,247,238.5,243.41,5505
KOTARISUG,20191115,10.3,10.7,10.15,10.55,9280
KOTHARIPET,20191115,16.95,16.95,16.4,16.45,6381
KOTHARIPRO,20191115,64.9,64.9,60.15,60.9,8663
KPITTECH,20191115,92.15,95.3,90.3,94.3,112074
KPRMILL,20191115,660,667.15,655,659.05,13365
KRBL,20191115,202.45,204.35,196.2,197.4,65995
KREBSBIO,20191115,84.2,88.95,84.2,88.9,138
KRIDHANINF,20191115,5.65,5.9,5.4,5.65,174368
KRISHANA,20191115,53,53,53,53,100
KSB,20191115,704.9,708.4,695.75,706.05,2558
KSCL,20191115,527.5,535.7,525.35,533.35,39976
KSERASERA,20191115,0.1,0.1,0.05,0.1,778330
KSK,20191115,0.55,0.6,0.55,0.55,1111123
KSL,20191115,213.05,220.4,213,218.8,51175
KTIL,20191115,32.95,32.95,29.55,30.2,2224
KTKBANK,20191115,76,77.3,75.45,76.7,640324
KUANTUM,20191115,475.05,475.05,410,451.15,963
KWALITY,20191115,3.75,3.75,3.45,3.45,731581
L&TFH,20191115,96.05,98.25,96,97.6,7169522
LAKSHVILAS,20191115,18.15,19.1,17.8,19.1,2358775
LALPATHLAB,20191115,1593,1620,1559,1602.3,173557
LAMBODHARA,20191115,32.5,33.1,32.1,32.85,8299
LAOPALA,20191115,149.3,149.85,142.6,143.7,35561
LASA,20191115,18.65,19.55,18.35,18.35,26173
LAURUSLABS,20191115,357.95,357.95,337.5,342.1,109834
LAXMIMACH,20191115,3227.85,3429.3,3191,3386.3,16595
LEMONTREE,20191115,60.7,60.95,59,59.4,381093
LFIC,20191115,49.3,55.25,49.3,49.55,447
LGBBROSLTD,20191115,287,287.05,275.1,278.35,2659
LGBFORGE,20191115,2.4,2.4,2.25,2.25,8897
LIBAS,20191115,51.95,53.9,49,52.75,52713
LIBERTSHOE,20191115,131.4,132.7,126.45,128.35,141128
LICHSGFIN,20191115,421.3,423.7,414.3,415.3,1902529
LICNETFGSC,20191115,21.58,21.58,20.01,20.75,9996
LICNETFN50,20191115,125,125.39,121.61,122.49,351
LICNFNHGP,20191115,125,127.9,123.2,123.2,27
LINCOLN,20191115,179.9,193,179.9,182.75,85457
LINCPEN,20191115,190,190.05,180,184.8,1649
LINDEINDIA,20191115,591,603,591,595.1,13832
LIQUIDBEES,20191115,1008,1008,999.99,999.99,1824373
LIQUIDETF,20191115,1000,1000.01,999.99,1000,9940
LOKESHMACH,20191115,36.85,38,35.35,36.4,63876
LOTUSEYE,20191115,23.95,23.95,22.3,22.9,1828
LOVABLE,20191115,65.55,66.5,64.2,64.6,5903
LPDC,20191115,1.8,1.8,1.8,1.8,105
LSIL,20191115,0.5,0.55,0.45,0.5,1436529
LT,20191115,1383.6,1392.7,1366.2,1377.65,3409434
LTI,20191115,1645,1699,1636.15,1690.8,106475
LTTS,20191115,1414.5,1432,1414,1421.8,78624
LUMAXIND,20191115,1289.5,1295.9,1258.1,1272.2,1678
LUMAXTECH,20191115,102.35,104,98.1,98.9,11689
LUPIN,20191115,739.85,747.8,731.55,742.25,1106828
LUXIND,20191115,1346,1357.3,1310,1317.7,53414
LYKALABS,20191115,16.75,17.55,16.5,17.3,7570
LYPSAGEMS,20191115,4.2,4.2,3.85,3.95,42055
M&M,20191115,583.75,590.85,579.75,583.05,3063043
M&MFIN,20191115,328.95,331.05,322.3,324.3,1328052
M100,20191115,17.65,17.7,17.5,17.56,23096
M50,20191115,117.11,117.29,116.48,116.92,2985
MAANALU,20191115,62,63.3,60.25,60.75,4272
MADHAV,20191115,24.9,24.9,22.3,23.35,6254
MADHUCON,20191115,4.9,4.9,4.9,4.9,8758
MADRASFERT,20191115,19.35,19.5,19.25,19.35,88963
MAGADSUGAR,20191115,98.6,100.2,97,99.6,9836
MAGMA,20191115,43.9,44.35,39.9,41.05,214011
MAGNUM,20191115,3.55,3.85,3.55,3.75,9373
MAHABANK,20191115,11.3,11.7,11.2,11.4,524392
MAHAPEXLTD,20191115,87.25,91,87.25,90.4,1233
MAHASTEEL,20191115,151.95,159.85,146.7,154.55,14332
MAHESHWARI,20191115,242.2,248.25,231.5,238.75,39586
MAHINDCIE,20191115,144.35,147.55,143,144,527336
MAHLIFE,20191115,395,397.75,390.3,393.5,109529
MAHLOG,20191115,398.7,404.8,395.5,397,88141
MAHSCOOTER,20191115,4844.95,4855,4812.8,4822.65,3491
MAHSEAMLES,20191115,385.8,395.6,375.85,378.65,36545
MAITHANALL,20191115,430.1,455.95,430.1,450.4,41166
MAJESCO,20191115,406,414.2,400.55,410.2,37357
MALUPAPER,20191115,21.75,22.35,21.15,21.15,31379
MAN50ETF,20191115,120.75,121.4,120.7,120.75,109631
MANAKALUCO,20191115,4.55,5.35,4.5,4.9,9263
MANAKCOAT,20191115,4.1,4.1,3.85,3.85,784
MANAKSIA,20191115,40.15,40.3,39.5,40.05,19146
MANAKSTEEL,20191115,10.8,10.8,9.8,10.55,12122
MANALIPETC,20191115,17,17.1,16.5,16.7,150107
MANAPPURAM,20191115,163.2,164.75,161.25,161.95,1958227
MANGALAM,20191115,34.25,34.25,31.2,31.6,5594
MANGCHEFER,20191115,29.45,29.45,28.8,28.95,4745
MANGLMCEM,20191115,307,307,289.95,295.15,8910
MANGTIMBER,20191115,5.35,5.6,5.35,5.6,3024
MANINDS,20191115,43.35,43.5,41.5,42.25,30321
MANINFRA,20191115,23,23.5,22.1,22.55,112106
MANUGRAPH,20191115,14.15,14.25,13.1,14,8057
MARALOVER,20191115,18.05,18.05,17.15,17.15,6939
MARATHON,20191115,80.25,80.55,77.1,77.8,2067
MARICO,20191115,357.45,357.5,353.1,356.35,2293732
MARKSANS,20191115,14.25,14.6,14.15,14.25,618545
MARUTI,20191115,7300,7359,7116.2,7147.2,1049492
MASFIN,20191115,724.7,729.8,714.65,719.3,160912
MASTEK,20191115,314.9,320.35,313.65,317.25,19402
MATRIMONY,20191115,500,548.95,481.7,495.85,14607
MAWANASUG,20191115,31.5,32.2,30.95,31.5,122552
MAXINDIA,20191115,71,77.5,70.5,75.4,404048
MAXVIL,20191115,38.45,39.3,37.6,37.8,71019
MAYURUNIQ,20191115,219.5,224.9,218.2,223.9,23623
MAZDA,20191115,390,390,372,380.25,10029
MBAPL,20191115,73.85,74,73.85,74,500
MBECL,20191115,4.8,4.8,4.4,4.4,18324
MBLINFRA,20191115,5,5,4.75,5,7395
MCDHOLDING,20191115,17.8,18.4,17.35,18.1,7428
MCDOWELL-N,20191115,616.9,627.25,614,624.5,785063
MCLEODRUSS,20191115,6.75,7.25,6.65,7.25,6487461
MCX,20191115,1156.25,1169.85,1141.1,1150.3,240927
MEGASOFT,20191115,6.5,7.25,6.4,7.1,21719
MEGH,20191115,55.4,56.25,53.3,53.65,403113
MELSTAR,20191115,0.75,0.75,0.75,0.75,100
MENONBE,20191115,54.95,57,54,56.25,19568
MEP,20191115,34,35.1,32.75,33,80223
MERCATOR,20191115,1.2,1.2,1.2,1.2,50929
METALFORGE,20191115,8.55,8.55,8.55,8.55,2066
METROPOLIS,20191115,1395,1425,1363.8,1377.2,30303
MFSL,20191115,480,486,473.45,476.45,1369781
MGL,20191115,1029,1040,996.15,1001.15,788824
MHRIL,20191115,217.3,223.65,212.35,215.7,48487
MIC,20191115,0.8,0.85,0.75,0.85,343646
MIDHANI,20191115,171.65,173.95,167.15,169.35,292432
MINDACORP,20191115,93.4,97.5,93.4,96.45,363548
MINDAIND,20191115,334.6,343.7,331.7,337.25,115359
MINDTECK,20191115,31.6,31.6,29.7,31,3569
MINDTREE,20191115,691,702,683.95,693.25,295733
MIRCELECTR,20191115,7.55,7.7,7.4,7.4,145938
MIRZAINT,20191115,57.4,58.45,56.45,57.05,146948
MMFL,20191115,392,398.5,387.05,394.2,2156
MMTC,20191115,17.75,18,17.3,17.75,686307
MODIRUBBER,20191115,40.45,40.45,40,40,516
MOHOTAIND,20191115,7.7,7.8,7.35,7.65,5775
MOIL,20191115,142.05,142.8,139.55,140,484921
MOLDTECH,20191115,51,51,48.2,49.5,1938
MOLDTKPAC,20191115,282.75,294.4,280.2,285.85,26862
MONTECARLO,20191115,240.05,251.8,240.05,247.1,17583
MORARJEE,20191115,13.85,14,13.2,13.4,313
MOREPENLAB,20191115,16.45,16.65,16.25,16.3,222826
MOTHERSUMI,20191115,137.65,138.6,133.85,134.45,8618616
MOTILALOFS,20191115,712.45,740.6,701,730.25,916269
MOTOGENFIN,20191115,35.75,35.75,34.95,35,55
MPHASIS,20191115,898.6,914,885,907.1,129296
MPSLTD,20191115,510.05,514.2,510,510.25,4732
MRF,20191115,63749.05,64460.25,63312.3,63950.5,3201
MRO-TEK,20191115,26.9,26.9,26.9,26.9,2
MRPL,20191115,48.1,48.55,47.55,47.75,145505
MSPL,20191115,5.8,5.8,5.8,5.8,3066
MSTCLTD,20191115,154.5,164.7,152.1,160.05,929246
MTEDUCARE,20191115,17.6,18.9,17.55,18.7,143070
MTNL,20191115,10.1,10.1,10.1,10.1,219541
MUKANDENGG,20191115,12.7,12.7,11.2,11.35,2553
MUKANDLTD,20191115,30.95,31.9,30.55,31.05,7364
MUKTAARTS,20191115,39.9,39.9,38.25,38.95,20592
MUNJALAU,20191115,49.2,49.4,47.2,47.65,1153371
MUNJALSHOW,20191115,130.75,136.4,128.05,129.95,25200
MURUDCERA,20191115,16.1,17.25,16,16.8,46446
MUTHOOTCAP,20191115,472.15,472.2,449.95,450.65,33077
MUTHOOTFIN,20191115,711,714,700,701.65,1477005
MVL,20191115,0.1,0.1,0.05,0.1,819140
N100,20191115,588,588,584,585.03,7136
NACLIND,20191115,26.8,26.9,26.05,26.45,65844
NAGAFERT,20191115,4,4.4,4,4.15,183620
NAGAROIL,20191115,0.45,0.45,0.35,0.45,1465881
NAGREEKCAP,20191115,6.8,7.5,6.8,7.5,3638
NAGREEKEXP,20191115,14.9,15.4,14.9,14.95,557
NAHARCAP,20191115,77.3,77.5,75.5,76.35,2192
NAHARINDUS,20191115,25.3,25.3,23.55,23.8,7116
NAHARPOLY,20191115,35.75,37.25,35.6,36,3635
NAHARSPING,20191115,45.25,45.3,44.1,44.25,8557
NATCOPHARM,20191115,565.85,567.85,560.45,565.05,110950
NATHBIOGEN,20191115,337,349.45,334.9,337.7,18455
NATIONALUM,20191115,42.1,42.55,41.65,42.15,5004515
NATNLSTEEL,20191115,2.3,2.3,2.1,2.2,6221
NAUKRI,20191115,2626.8,2664.5,2595.55,2638.5,287259
NAVINFLUOR,20191115,901.1,947.85,894.1,908.25,199961
NAVKARCORP,20191115,35.55,36.5,33.2,33.6,215366
NAVNETEDUL,20191115,98.25,100,98.25,99.55,32394
NBCC,20191115,37.15,38.3,36.35,37.4,16319699
NBIFIN,20191115,1400,1409.7,1360.55,1371.85,101
NBVENTURES,20191115,64.4,64.4,62.1,62.45,77884
NCC,20191115,54.9,56.9,54.65,55.75,14190280
NCLIND,20191115,76.15,81.95,76.15,77.05,424249
NDGL,20191115,569,569,550,550.7,16
NDL,20191115,30.55,31.25,30.2,30.45,22106
NDTV,20191115,29.8,30.5,29.5,29.85,9540
NECCLTD,20191115,5.25,5.55,5.15,5.35,49020
NECLIFE,20191115,14.25,14.25,12.55,12.75,379164
NELCAST,20191115,44,46.5,41.7,44.15,587837
NELCO,20191115,236.95,242.95,235,236.2,31149
NEOGEN,20191115,371.1,378,361,368.4,21386
NESCO,20191115,619,624,605.85,609.75,47388
NESTLEIND,20191115,14261.85,14437,14153.05,14295.55,75837
NETF,20191115,121.09,121.09,120.64,120.64,11
NETFCONSUM,20191115,52.8,54.15,51.3,53.44,1061
NETFDIVOPP,20191115,29.8,29.87,29.75,29.75,283
NETFLTGILT,20191115,20.08,20.14,20.08,20.14,981
NETFMID150,20191115,61.37,62.1,61.37,61.58,120544
NETFNIF100,20191115,124.62,124.62,123.5,123.55,3754
NETFNV20,20191115,586,588.5,584,584,344
NETWORK18,20191115,22.5,23.9,22.5,23.55,389421
NEULANDLAB,20191115,528,539.9,481.7,486.35,162069
NEWGEN,20191115,189.7,194,187.5,189.4,37524
NEXTMEDIA,20191115,10.3,11.6,10.25,11.35,11230
NFL,20191115,26.25,26.3,25.8,25.85,149924
NH,20191115,307,307.55,290,293.2,325390
NHPC,20191115,23.6,23.7,23.3,23.35,1640799
NIACL,20191115,163,164.5,156.5,158.35,793345
NIBL,20191115,8.3,8.3,7.6,7.6,1519
NIFTYBEES,20191115,1260,1266.9,1257.18,1260.44,119054
NIITLTD,20191115,102.3,103.25,101.35,102.5,305380
NIITTECH,20191115,1510,1520,1473.8,1491.1,161514
NILAINFRA,20191115,5.1,5.15,4.8,5.05,333226
NILASPACES,20191115,1.35,1.4,1.35,1.35,20112
NILKAMAL,20191115,1327.05,1354,1315.25,1331.3,29944
NIPPOBATRY,20191115,608,614,572.6,582.45,30586
NITCO,20191115,23,23.2,22.6,22.75,39524
NITINSPIN,20191115,47.6,49.15,46.3,48.5,36354
NKIND,20191115,21.7,21.7,21.7,21.7,30
NLCINDIA,20191115,54.25,54.8,54.2,54.25,104354
NMDC,20191115,99,100.5,97.6,99.7,2952358
NOCIL,20191115,105.05,107.75,103.05,105.75,933819
NOIDATOLL,20191115,3.9,4.2,3.9,4.05,137987
NPBET,20191115,172.41,173.05,165.29,166.43,3335
NRAIL,20191115,218.05,223.7,210.5,211.7,8957
NRBBEARING,20191115,98.45,101.6,98.4,99,39491
NSIL,20191115,800.45,825.05,800.45,804.85,336
NTL,20191115,0.35,0.35,0.3,0.3,2219
NTPC,20191115,118.55,118.85,116.95,117.35,4650424
NUCLEUS,20191115,300.05,302.35,298,299.15,3839
NXTDIGITAL,20191115,330.05,349,330.05,340.25,3833
OAL,20191115,187.05,189.9,185,185.8,3126
OBEROIRLTY,20191115,516,518.4,508,510.65,334534
OCCL,20191115,989.85,999.95,970,978.7,3362
OFSS,20191115,3026.65,3078.85,3026.65,3061.25,7094
OIL,20191115,160.45,161.8,156.95,160.3,677036
OILCOUNTUB,20191115,6.1,6.25,5.85,6.1,5957
OISL,20191115,4.3,4.3,4,4,27578
OLECTRA,20191115,184.05,185.9,180.3,180.9,26650
OMAXAUTO,20191115,48.8,51,44.3,49.2,14937
OMAXE,20191115,184.95,185,181.9,182.85,290546
OMKARCHEM,20191115,4.65,4.65,4.65,4.65,9493
OMMETALS,20191115,23,23,20.1,20.85,141541
ONELIFECAP,20191115,7.9,7.9,7.25,7.9,1943
ONEPOINT,20191115,11.15,11.35,11.15,11.3,273
ONGC,20191115,137.3,138.8,135.15,135.55,8390855
ONMOBILE,20191115,34.1,34.9,32.05,32.4,181735
ONWARDTEC,20191115,69,69.95,69,69.25,14186
OPTIEMUS,20191115,46,46,45.7,46,7601
OPTOCIRCUI,20191115,3.8,3.85,3.75,3.8,420488
ORBTEXP,20191115,85.95,87.85,83,84.6,3799
ORICONENT,20191115,17.8,18.35,17.75,18,24915
ORIENTABRA,20191115,18,18.9,17.5,18.05,7091
ORIENTALTL,20191115,13.2,13.25,12.35,12.45,55389
ORIENTBANK,20191115,51.5,53.8,51.05,52.3,1847374
ORIENTBELL,20191115,117.2,123,117,121.25,8842
ORIENTCEM,20191115,73.95,75,73.3,73.9,84870
ORIENTELEC,20191115,190,191.5,186.2,187.7,104803
ORIENTHOT,20191115,32.8,35,32.8,33.55,32810
ORIENTLTD,20191115,99.95,102.9,93.2,95.75,155
ORIENTPPR,20191115,25.05,25.1,24.75,24.85,176650
ORIENTREF,20191115,212.1,217,209.7,212.85,42294
ORISSAMINE,20191115,1321.95,1321.95,1219.5,1227.7,29437
ORTINLABSS,20191115,9.45,9.8,9.15,9.2,32056
OSWALAGRO,20191115,5.95,5.95,5.3,5.4,4414
PAEL,20191115,2.9,2.9,2.9,2.9,988
PAGEIND,20191115,23999.95,24694.3,23625.5,23761.75,80450
PAISALO,20191115,430,441.55,426.3,432.55,8349
PALASHSECU,20191115,29.2,29.2,26,26.5,2085
PALREDTEC,20191115,18.65,20.2,18.6,20,541
PANACEABIO,20191115,131,133,117.6,120,74897
PANAMAPET,20191115,66.05,66.5,65,65.05,51439
PAPERPROD,20191115,252,252,247.1,248.05,15797
PARABDRUGS,20191115,1.55,1.55,1.55,1.55,3093
PARACABLES,20191115,8.8,9.05,8.65,8.75,65425
PARAGMILK,20191115,130.95,130.95,125.15,126.3,246395
PARSVNATH,20191115,2.25,2.3,2.2,2.25,127258
PATELENG,20191115,13.2,14.4,13.15,14.4,235957
PATINTLOG,20191115,21,21.9,20.9,21.15,8054
PATSPINLTD,20191115,5.85,5.9,5.6,5.85,1331
PCJEWELLER,20191115,33,33.55,32,32.15,6935783
PDMJEPAPER,20191115,14.95,15.2,14.7,14.85,22422
PDPL,20191115,2.45,2.45,2.45,2.45,406
PDSMFL,20191115,317.05,325,309,318.1,3137
PEARLPOLY,20191115,11.85,11.95,11.85,11.95,2010
PEL,20191115,1770.05,1790,1760,1766.95,820115
PENIND,20191115,28.05,29.5,27.15,27.35,261185
PENINLAND,20191115,3.85,4.2,3.85,4.2,230674
PERSISTENT,20191115,666.05,672,633.85,652.65,175381
PETRONENGG,20191115,6.85,6.85,6.25,6.85,1102
PETRONET,20191115,277.45,280.55,273.55,277.95,3235494
PFC,20191115,111.5,112.35,109.75,111.15,3149616
PFIZER,20191115,4011,4013.3,3974.65,3980.75,46926
PFOCUS,20191115,83.4,83.4,67.15,67.15,299275
PFS,20191115,12.5,12.75,12.4,12.5,425254
PGEL,20191115,40,40.3,38,38.65,117552
PGHH,20191115,10999,11350,10862.9,11160.5,14488
PGHL,20191115,4282,4338.35,4274.05,4301.2,9431
PGIL,20191115,182.85,182.85,166.1,166.8,15799
PHILIPCARB,20191115,123.4,126.3,122.05,125.1,802969
PHOENIXLTD,20191115,706,729,706,713.4,36884
PIDILITIND,20191115,1345,1345,1314.35,1316.65,699645
PIIND,20191115,1433.75,1445,1421,1434.85,73911
PILANIINVS,20191115,1880,1880,1769.2,1778.95,3543
PILITA,20191115,5.9,6,5.75,5.9,38564
PIONDIST,20191115,142.4,142.4,135.1,136.75,4196
PIONEEREMB,20191115,26.9,26.9,24.3,25.4,6266
PIRPHYTO,20191115,23.65,24.5,23.5,23.5,1341
PITTIENG,20191115,41.1,47.3,41.05,46.2,150336
PKTEA,20191115,126.05,137.4,125,126.05,386
PLASTIBLEN,20191115,174.75,178.05,172.7,173.6,1654
PNB,20191115,60.9,63.8,60.8,61.9,38997998
PNBGILTS,20191115,27.75,28.05,27.6,27.75,94530
PNBHOUSING,20191115,544.4,548,525,530.4,209665
PNC,20191115,13.6,14.9,13.2,14.65,20204
PNCINFRA,20191115,187,197.45,183.3,187.95,381549
PODDARHOUS,20191115,351.6,369.5,334.4,335,924
PODDARMENT,20191115,175,180,174.1,176.25,986
POKARNA,20191115,170.15,172.4,158.95,160.5,97805
POLYCAB,20191115,908.4,938.85,895,897.6,323967
POLYMED,20191115,221.7,221.7,216,217.75,80532
POLYPLEX,20191115,502.45,503,495.05,497.55,87176
PONNIERODE,20191115,153,160,139.55,145.3,16900
POWERGRID,20191115,188,188.9,186.75,187.65,10269025
POWERMECH,20191115,677,690.5,663,667.9,2491
PPAP,20191115,177.95,178.95,175,175.95,6797
PPL,20191115,78.5,79.5,77.6,78.5,14063
PRABHAT,20191115,87.75,89,87.3,88.2,38359
PRADIP,20191115,0.5,0.5,0.5,0.5,78
PRAENG,20191115,7.25,7.25,6.25,6.75,10228
PRAJIND,20191115,108.45,112.45,108.3,111.4,916557
PRAKASH,20191115,48.55,50.25,48.5,49.25,311216
PRAKASHSTL,20191115,0.25,0.25,0.25,0.25,22561
PRAXIS,20191115,61,65.5,60.65,60.65,2437
PRECAM,20191115,33.3,36,31.05,36,313564
PRECOT,20191115,26.25,28,26,28,505
PRECWIRE,20191115,156.1,157.9,153.4,155.7,2300
PREMEXPLN,20191115,159,159.7,152.8,153.75,5123
PREMIERPOL,20191115,19.4,19.4,17.65,18.45,582
PRESSMN,20191115,20.35,21.55,19.6,20.35,15589
PRESTIGE,20191115,305,307,285.25,288.45,210709
PRICOLLTD,20191115,36.5,36.85,34.1,34.55,190692
PRIMESECU,20191115,49.6,49.6,45.5,46.35,18839
PROSEED,20191115,0.25,0.3,0.25,0.25,33606
PROZONINTU,20191115,19.05,20.45,19.05,19.8,29558
PRSMJOHNSN,20191115,72.25,74.8,68.3,69.55,880586
PSB,20191115,18.1,18.75,18,18.3,105959
PSL,20191115,0.6,0.7,0.6,0.7,13771
PSPPROJECT,20191115,537.95,542.4,522.25,525.3,41080
PSUBNKBEES,20191115,262,273.98,261.6,270.7,11529
PTC,20191115,55.65,56,55.1,55.3,331613
PTL,20191115,37.35,37.35,35.7,35.9,4251
PUNJABCHEM,20191115,523.9,524,511.5,512.95,604
PURVA,20191115,61.1,62.9,60.05,60.7,150662
PVR,20191115,1760,1769,1730,1739.5,182799
QGOLDHALF,20191115,1675.15,1689.8,1670,1670.6,699
QNIFTY,20191115,1222,1224,1222,1223.6,25
QUESS,20191115,577.05,593,545,550.75,308471
QUICKHEAL,20191115,131,133.9,129.1,129.85,95260
RADICO,20191115,314.85,319.7,303.25,306.8,362895
RADIOCITY,20191115,29.5,30.3,28.75,29.95,47623
RAIN,20191115,105.5,107.9,103.35,104.65,1030538
RAJESHEXPO,20191115,687.9,710.8,680.5,700.6,202979
RAJSREESUG,20191115,16.6,18.4,16.6,17.8,3973
RAJTV,20191115,41.05,44.5,41.05,43.4,2730
RALLIS,20191115,168.55,183.7,168.55,174.9,1217437
RAMANEWS,20191115,15.2,15.2,14.95,15.05,4286
RAMASTEEL,20191115,45.15,46,44.1,44.95,17172
RAMCOCEM,20191115,784,794.8,780.75,784.6,100788
RAMCOIND,20191115,196.95,198,190.5,191.45,51196
RAMCOSYS,20191115,147.5,149.6,145.85,146.5,13557
RAMKY,20191115,43.6,44.8,42.45,42.6,36214
RANASUG,20191115,2.85,3.35,2.85,3.35,1667593
RANEENGINE,20191115,206.7,216.45,204.65,210.85,2329
RANEHOLDIN,20191115,765.1,799.9,763,779.2,4865
RATNAMANI,20191115,958.6,972.25,955,959.1,4094
RAYMOND,20191115,750,767,737.5,742,819277
RBL,20191115,497,514,495.95,501.95,16773
RBLBANK,20191115,321,329.35,316.2,317.9,10046670
RCF,20191115,48.4,49,47.85,48.1,608519
RCOM,20191115,0.6,0.6,0.55,0.6,11010749
RECLTD,20191115,135.2,136.25,133.1,134.05,3942881
REDINGTON,20191115,116,116,111.4,115,173028
REFEX,20191115,59.35,59.35,59.35,59.35,12608
RELAXO,20191115,546.7,550,540.1,545.6,64611
RELCAPITAL,20191115,21.05,21.05,21.05,21.05,240001
RELIANCE,20191115,1465.65,1486.8,1463.15,1470.85,7173674
RELIGARE,20191115,51,53.5,50.6,52.55,315356
RELINFRA,20191115,40.15,41.2,38.15,38.4,9689304
REMSONSIND,20191115,81.95,82.4,79.2,80.7,8528
RENUKA,20191115,9.65,9.8,9.15,9.3,1226591
REPCOHOME,20191115,288.8,289.85,282.05,283.5,31712
REPRO,20191115,630.6,636.6,620,630.9,2382
RESPONIND,20191115,92.7,93,85.15,92.1,166753
REVATHI,20191115,343.05,403,343.05,362.5,121
RGL,20191115,250,257.9,238,241.1,1687
RHFL,20191115,5.15,5.15,5.15,5.15,55097
RICOAUTO,20191115,47,49.9,46.2,46.7,1561821
RIIL,20191115,304,316.8,295.6,308.8,735696
RITES,20191115,292.9,298.3,286.7,295.2,540234
RKDL,20191115,6.45,6.45,6.1,6.25,1567
RKFORGE,20191115,287.3,290,282.6,285.2,13032
RMCL,20191115,3.45,3.7,3.45,3.6,75952
RML,20191115,239.95,257,236.2,248.65,12760
RNAM,20191115,360,369,354.05,357.8,3261017
RNAVAL,20191115,5.3,5.3,5.3,5.3,225168
ROHITFERRO,20191115,0.85,0.9,0.85,0.9,26213
ROHLTD,20191115,71.05,73.4,71.05,71.95,8103
ROLLT,20191115,1.85,1.85,1.85,1.85,2706
ROLTA,20191115,4.7,4.7,4.7,4.7,31358
ROSSELLIND,20191115,67,68.55,65.5,66.15,9029
RPGLIFE,20191115,271,292.6,271,278.35,110030
RPOWER,20191115,4,4,4,4,1358053
RPPINFRA,20191115,86.3,88,82,87,15810
RSSOFTWARE,20191115,19.5,19.5,18.7,18.7,8019
RSWM,20191115,98.7,100,98,99.05,16516
RSYSTEMS,20191115,48,49.85,48,48.4,3084
RTNINFRA,20191115,1.6,1.7,1.6,1.6,188959
RTNPOWER,20191115,1.85,1.85,1.8,1.85,1019457
RUBYMILLS,20191115,208,209,193.05,202.2,1952
RUCHINFRA,20191115,2.15,2.2,2.05,2.05,11142
RUCHIRA,20191115,77,79.6,77,78.15,35506
RUPA,20191115,189.95,193,181.7,183.25,76242
RUSHIL,20191115,131.8,131.8,119.3,131.8,67208
RVNL,20191115,24.25,24.7,24.1,24.55,11003819
SABEVENTS,20191115,0.7,0.7,0.7,0.7,1000
SABTN,20191115,1.6,1.7,1.6,1.7,40586
SADBHAV,20191115,120.05,120.75,115,119.9,145151
SADBHIN,20191115,40.5,40.5,39,39.45,2112
SAFARI,20191115,576,576,561.05,565.8,2058
SAGARDEEP,20191115,75.75,75.85,69.5,75.85,4361
SAGCEM,20191115,564.85,574,558,560.5,1488
SAIL,20191115,36.8,37.45,36.05,36.4,37075054
SAKAR,20191115,52,52.5,48.45,51.5,18116
SAKHTISUG,20191115,9,9.4,9,9.3,22988
SAKSOFT,20191115,235,235,216.55,223.85,9617
SAKUMA,20191115,7.15,7.2,6.8,7.1,483897
SALASAR,20191115,116.85,118,114.05,117.05,4909
SALONA,20191115,65.1,67.45,64.5,64.95,214
SALSTEEL,20191115,2.8,2.85,2.65,2.85,17561
SALZERELEC,20191115,122.3,122.3,117.5,117.6,5747
SAMBHAAV,20191115,3.6,3.85,3.5,3.6,9701
SANCO,20191115,16.15,16.15,15.1,15.85,429760
SANDESH,20191115,593.75,601.05,571.35,588.85,452
SANDHAR,20191115,243.15,243.15,239.15,240.05,2141
SANGAMIND,20191115,49,51.05,48.3,48.5,6800
SANGHIIND,20191115,38.45,38.5,37.25,37.5,121633
SANGHVIFOR,20191115,30.4,30.4,30.4,30.4,5
SANGHVIMOV,20191115,82,86.1,80.55,85.1,75951
SANGINITA,20191115,151.95,151.95,147,148.5,98102
SANOFI,20191115,6565,6602.25,6483,6487.65,4297
SANWARIA,20191115,2.65,2.65,2.45,2.45,13644583
SARDAEN,20191115,182,182,175,176.45,16481
SAREGAMA,20191115,410.3,443.5,410.3,426.45,118122
SARLAPOLY,20191115,22,22.6,21.25,21.4,113633
SASKEN,20191115,632,665,629.3,651.35,46388
SASTASUNDR,20191115,84.6,86.9,84.6,86.25,777
SATHAISPAT,20191115,2.9,3,2.85,2.85,11176
SATIA,20191115,87,89.7,83.5,85.3,37642
SATIN,20191115,227.85,228.55,219.3,221.5,69077
SBIETFQLTY,20191115,105,105,97.25,100.08,2173
SBILIFE,20191115,1008.2,1026,995.45,1002.85,2687762
SBIN,20191115,312,323.7,310.05,321.9,95199897
SCAPDVR,20191115,0.45,0.45,0.35,0.4,6972
SCHAEFFLER,20191115,4300,4312,4253.4,4278.15,4189
SCHAND,20191115,74.05,75.9,70.15,71,20099
SCHNEIDER,20191115,67.15,68.6,65.7,66.2,67336
SCI,20191115,58.45,58.9,57.2,58,1592548
SDBL,20191115,113.85,113.85,109.1,110.7,15035
SEAMECLTD,20191115,455.05,499,455,491.45,14304
SELAN,20191115,148.45,149,142,143.85,46745
SELMCL,20191115,0.75,0.75,0.6,0.6,171106
SEPOWER,20191115,2.8,3,2.8,3,1830
SEQUENT,20191115,68,68.85,67.05,67.35,132691
SESHAPAPER,20191115,181.45,182,175.95,177.05,10533
SETCO,20191115,15.1,15.45,14.35,14.45,184511
SETF10GILT,20191115,187.88,187.88,187.88,187.88,1
SETFGOLD,20191115,3457.35,3460,3420.05,3424,14365
SETFNIF50,20191115,124.5,124.5,122.13,122.52,183511
SETFNIFBK,20191115,312,315,312,313.79,30724
SETFNN50,20191115,287,293.5,286,289.34,10236
SETUINFRA,20191115,1.35,1.4,1.35,1.4,24649
SEYAIND,20191115,143.45,143.45,143.45,143.45,1597
SFL,20191115,1285.2,1313,1263.95,1301.1,5989
SGL,20191115,6.8,7.25,6.7,6.7,14146
SHAHALLOYS,20191115,8.6,8.9,8.25,8.6,5062
SHAKTIPUMP,20191115,221.95,221.95,208.05,209.85,100794
SHALBY,20191115,104.85,106.6,94.5,98.15,52109
SHALPAINTS,20191115,89,92.4,88.35,90.3,90149
SHANKARA,20191115,326,342.35,326,328.75,92158
SHANTIGEAR,20191115,102.95,103.7,98.2,99.15,12562
SHARDACROP,20191115,261,266.95,255,255.8,9580
SHARDAMOTR,20191115,1099.95,1100,1075.6,1080,3787
SHARIABEES,20191115,256.5,257.4,254.5,254.66,200
SHEMAROO,20191115,161.35,166.35,150,152.4,15988
SHILPAMED,20191115,303,303.05,289,291.85,30327
SHIRPUR-G,20191115,6.75,6.85,6.35,6.85,20232
SHIVAMAUTO,20191115,27.3,28.5,25.85,26.1,324606
SHIVAMILLS,20191115,32.25,32.95,30.5,31.05,2064
SHIVATEX,20191115,103,109.5,103,105.4,919
SHK,20191115,119.5,121.45,116.2,117.05,23839
SHOPERSTOP,20191115,361,374.5,361,365.35,6793
SHREDIGCEM,20191115,22,24.05,22,24.05,1071551
SHREECEM,20191115,19793.4,19800,19368.05,19531.75,31867
SHREEPUSHK,20191115,96.1,96.9,94.6,95.65,14519
SHREERAMA,20191115,4.4,4.4,4.2,4.4,14188
SHRENIK,20191115,52.8,53,51.25,51.4,27837
SHREYANIND,20191115,107.85,110.8,106.5,108.6,12642
SHREYAS,20191115,74,76.55,73,75.15,14305
SHRIPISTON,20191115,680.1,747.9,680.1,747.9,322
SHRIRAMCIT,20191115,1333.65,1344.05,1331.5,1342,2527
SHRIRAMEPC,20191115,6.7,6.75,6.45,6.5,91493
SHYAMCENT,20191115,2.9,2.9,2.8,2.9,15989
SHYAMTEL,20191115,5.7,6.3,5.7,6.3,301
SICAGEN,20191115,17.2,18,16.5,16.65,6234
SICAL,20191115,18.9,20.8,18.9,20.8,281821
SIEMENS,20191115,1613.3,1623.2,1564.6,1575.8,995367
SIGIND,20191115,19.25,19.55,18.25,19.4,73434
SIL,20191115,10.4,10.55,10.4,10.55,3783
SILINV,20191115,144.1,154.9,144.1,147.05,2852
SIMBHALS,20191115,6.5,6.95,6.5,6.6,4250
SIMPLEXINF,20191115,48.55,51.95,48,48.6,324236
SINTEX,20191115,0.85,0.85,0.8,0.85,6699685
SIRCA,20191115,234.9,247.05,222.1,237.1,137849
SIS,20191115,901,925,901,923.1,3652
SITINET,20191115,1.8,1.9,1.8,1.9,66362
SIYSIL,20191115,242,245.65,232.1,236.25,17993
SJVN,20191115,24.65,24.85,24.4,24.5,2362237
SKFINDIA,20191115,2138.25,2148.6,2111.05,2133.6,65045
SKIL,20191115,5.5,5.5,5,5.5,18430
SKIPPER,20191115,52.1,54.1,51.45,53.25,28291
SKMEGGPROD,20191115,39.55,40.45,38.45,39.2,25176
SMARTLINK,20191115,77.45,79.9,77,77.35,11667
SMLISUZU,20191115,560,569,532.1,541.35,27719
SMSLIFE,20191115,278.05,294.05,274.1,279.85,4855
SMSPHARMA,20191115,40.95,40.95,39.7,40.15,16853
SNOWMAN,20191115,37,37.9,36.2,36.6,237754
SOBHA,20191115,398.8,401,395.05,396.7,177617
SOLARA,20191115,416,441.95,416,437.6,13555
SOLARINDS,20191115,1016.4,1029.9,1005,1016.05,6381
SOMANYCERA,20191115,182.75,182.8,178,178.35,26852
SOMATEX,20191115,2.95,3.05,2.95,3.05,328
SOMICONVEY,20191115,13.7,14.5,13.3,13.55,16490
SONATSOFTW,20191115,307.9,307.9,302.6,304.7,74026
SORILINFRA,20191115,109.9,109.9,109.9,109.9,1604
SOTL,20191115,913,913,876,902.15,438
SOUTHBANK,20191115,10.65,11.1,10.45,11.05,8292524
SOUTHWEST,20191115,17.1,17.15,17,17.1,25088
SPAL,20191115,234.9,235.1,200.1,210.05,45528
SPANDANA,20191115,1304.5,1330,1291,1307.65,48593
SPARC,20191115,149.8,154.5,148.55,151.85,850758
SPCENET,20191115,0.75,0.85,0.75,0.8,140328
SPECIALITY,20191115,68.45,68.5,66.05,67,54293
SPENCERS,20191115,68,69.35,66.9,68.15,239220
SPENTEX,20191115,0.3,0.35,0.3,0.35,1781
SPIC,20191115,19.65,20.4,19.3,20.2,37643
SPICEJET,20191115,107,108.4,106.1,106.45,729681
SPLIL,20191115,40.5,44.45,40,42.35,412098
SPMLINFRA,20191115,10.65,11.65,10.65,10.95,54835
SPTL,20191115,1.25,1.25,1.25,1.25,1165023
SPYL,20191115,0.25,0.35,0.25,0.25,54903
SREEL,20191115,173.9,175,169.95,171.15,4941
SREINFRA,20191115,9.2,9.4,8.95,9,648757
SRF,20191115,3178,3244.85,3158.2,3215.7,517635
SRHHYPOLTD,20191115,112.9,112.9,98.05,100.25,7440
SRIPIPES,20191115,170,172.45,168.8,170.1,30428
SRTRANSFIN,20191115,1136,1147.7,1123.25,1128.25,472909
SSWL,20191115,768.15,773.05,767.2,770.45,4305
STAMPEDE,20191115,0.65,0.7,0.6,0.65,94167
STAR,20191115,388.9,390,374,375.5,330725
STARCEMENT,20191115,99.55,101.9,97,99.9,125762
STARPAPER,20191115,99,100,97.6,97.65,80306
STCINDIA,20191115,54.8,56.1,50.8,55.35,21427
STEELCITY,20191115,28.6,31.4,28.6,30.3,3592
STEELXIND,20191115,15.25,16.8,15.15,16.8,158008
STEL,20191115,74.05,78.45,70.6,73.6,3477
STERTOOLS,20191115,178,179.45,172.55,177.6,9045
STINDIA,20191115,5.6,5.6,5.6,5.6,200
STRTECH,20191115,124.1,128.5,123.55,124.45,1459171
SUBEX,20191115,5.2,5.4,5.1,5.25,859359
SUBROS,20191115,259,270,255,258.35,256972
SUDARSCHEM,20191115,390,395.7,389,391.55,97364
SUJANAUNI,20191115,0.2,0.2,0.15,0.2,191939
SUMEETINDS,20191115,2.4,2.5,2.4,2.4,26084
SUMIT,20191115,20.9,21.5,20.05,20.55,13777
SUMMITSEC,20191115,484,484,450,458.05,453
SUNCLAYLTD,20191115,2251.45,2251.45,2185,2195.3,424
SUNDARAM,20191115,1.4,1.45,1.35,1.4,178427
SUNDARMFIN,20191115,1625.85,1725,1625.6,1681.5,94877
SUNDARMHLD,20191115,67.7,68,66.6,67.55,14824
SUNDRMBRAK,20191115,232,240,232,235.25,1567
SUNDRMFAST,20191115,460,465,457,460.85,15628
SUNFLAG,20191115,28.05,30.6,27.75,29.85,297682
SUNPHARMA,20191115,412.75,418.9,410.15,415.05,5416931
SUNTECK,20191115,403.45,407.1,392.2,398.85,98649
SUNTV,20191115,495.7,502,481.5,489.2,3647354
SUPERHOUSE,20191115,90.25,92.9,87.65,91.9,3271
SUPERSPIN,20191115,5.25,5.25,4.5,4.8,45216
SUPPETRO,20191115,171.4,173.9,169.15,170.35,16850
SUPRAJIT,20191115,168.9,177.25,167.6,176.55,50079
SUPREMEIND,20191115,1145,1152,1126.15,1138.7,23221
SUPREMEINF,20191115,10,10.85,10,10.75,6953
SURANASOL,20191115,6.15,6.15,5.5,5.65,5341
SURANAT&P,20191115,3.4,3.5,3.35,3.5,5584
SURYALAXMI,20191115,18.8,19,16.95,17.25,5594
SURYAROSNI,20191115,167,169.8,161,165.6,42497
SUTLEJTEX,20191115,32.85,32.9,31.55,32.55,27510
SUVEN,20191115,323.95,334.7,308.05,310.7,3017473
SUZLON,20191115,2.45,2.5,2.3,2.45,12778230
SWANENERGY,20191115,102.4,103.6,100.15,101.25,77468
SWARAJENG,20191115,1129.95,1135.05,1110,1117.3,2193
SWELECTES,20191115,117.5,119.9,113,117.55,8280
SWSOLAR,20191115,459.95,459.95,400.7,400.7,123908
SYMPHONY,20191115,1229,1229,1206,1213.95,17036
SYNCOM,20191115,0.95,0.95,0.9,0.9,11586
SYNDIBANK,20191115,25.75,27.65,25.65,26.7,1962603
SYNGENE,20191115,322.45,325.4,317.1,320.35,286011
TAINWALCHM,20191115,52.1,52.1,49.95,50.05,399
TAJGVK,20191115,166.55,167.5,160.35,161.8,14073
TAKE,20191115,105.05,107.3,102.55,103.8,80875
TALBROAUTO,20191115,116.9,117.25,112.7,113.15,9349
TALWALKARS,20191115,5,5.35,4.9,5.15,86454
TALWGYM,20191115,5.1,5.1,4.75,4.75,20908
TANLA,20191115,53.2,53.2,50.75,53.1,648983
TANTIACONS,20191115,1.05,1.15,1.05,1.15,163
TARAPUR,20191115,3.9,3.9,3.8,3.8,400
TARMAT,20191115,29.9,30,28.55,28.95,4118
TASTYBITE,20191115,9292,9698.4,9200.05,9319.3,377
TATACHEM,20191115,632.75,640.95,632,639.15,458610
TATACOFFEE,20191115,81.5,82.9,80.05,80.4,193349
TATACOMM,20191115,351.45,356,350.1,353.45,127131
TATAELXSI,20191115,795.65,807.95,786.2,792.45,396566
TATAGLOBAL,20191115,295.55,302.5,295.55,297.75,3644187
TATAINVEST,20191115,823.1,831.15,817,819.7,9156
TATAMETALI,20191115,577.9,579.5,568.9,573.05,23107
TATAMOTORS,20191115,169,173.4,167.35,168.55,29614682
TATAMTRDVR,20191115,78.5,80.75,77.65,78.25,7830361
TATAPOWER,20191115,55,55.45,54.2,54.5,5676494
TATASTEEL,20191115,392,403,390.6,394.5,11813259
TATASTLBSL,20191115,24.75,25.45,24.65,24.9,440452
TATASTLLP,20191115,390.7,392,381,383.05,16359
TBZ,20191115,38.05,38.25,35.6,37.25,60559
TCI,20191115,274.85,283,273.35,279.95,18940
TCIDEVELOP,20191115,360,360.05,348,348.45,180
TCIEXP,20191115,756.9,760.45,750.05,758.1,5393
TCIFINANCE,20191115,8.95,8.95,8.4,8.65,9250
TCNSBRANDS,20191115,684.1,695.7,683,686.15,1634
TCPLPACK,20191115,276.9,285,275,281.8,3010
TCS,20191115,2196,2211.5,2168.75,2174.45,2724180
TDPOWERSYS,20191115,155,155,145.3,149.45,61857
TEAMLEASE,20191115,2450,2489,2406.2,2455.75,73652
TECHIN,20191115,3.3,3.3,3.3,3.3,11
TECHM,20191115,758.35,763.25,749.3,751.95,1787358
TECHNOE,20191115,276,276,262.2,266.75,10140
TECHNOFAB,20191115,19.6,19.6,19.6,19.6,1801
TEJASNET,20191115,70,70.65,64.1,67.45,205398
TERASOFT,20191115,29.25,29.25,28.15,28.2,23881
TEXINFRA,20191115,44.95,46.5,43.6,44.6,36694
TEXMOPIPES,20191115,14.85,15.45,14.1,14.45,78449
TEXRAIL,20191115,43.75,46.25,43.2,44.45,458424
TFCILTD,20191115,82.5,83.9,81.15,82.05,123542
TFL,20191115,4,4.1,3.95,3.95,2908
TGBHOTELS,20191115,3.55,3.6,3.35,3.55,47238
THANGAMAYL,20191115,350.1,360,349.5,353.05,2499
THEINVEST,20191115,120.15,125,120.1,124.5,547
THEMISMED,20191115,280.25,290,280.25,280.25,1027
THERMAX,20191115,1080.2,1088.4,1041,1050,71872
THOMASCOOK,20191115,138,144.8,135.1,141.45,528291
THYROCARE,20191115,575,579.9,558.05,561.9,21690
TI,20191115,13.4,13.9,12.9,13.1,138472
TIDEWATER,20191115,4961,5024.95,4825,4837.3,1776
TIIL,20191115,328.5,342.45,314.95,326.3,3387
TIINDIA,20191115,440.55,451.9,440.55,449,112571
TIJARIA,20191115,8.7,9.1,8.6,9,15962
TIL,20191115,180.3,185.5,180.05,181.55,3611
TIMESGTY,20191115,32.8,32.8,30,31.8,6788
TIMETECHNO,20191115,62.95,65,61.5,62.35,331565
TIMKEN,20191115,888.8,897.7,865,872.15,25927
TINPLATE,20191115,139.85,141.1,137.8,138.9,568321
TIPSINDLTD,20191115,73.1,73.2,72.6,72.6,2700
TIRUMALCHM,20191115,63.55,64.25,61,62,196433
TITAN,20191115,1173,1174.8,1155.9,1158.45,1506407
TMRVL,20191115,17.4,17.4,17.4,17.4,5852
TNPETRO,20191115,37,37.3,36.1,36.4,90255
TNPL,20191115,185.5,186.05,181.05,182.45,31798
TOKYOPLAST,20191115,71.55,73.5,71.55,72.55,9354
TORNTPHARM,20191115,1774.2,1797.6,1764.15,1782.15,100024
TORNTPOWER,20191115,293,296.5,292.6,292.95,373287
TPLPLASTEH,20191115,127,129,124.05,127.95,846
TREEHOUSE,20191115,5.65,5.85,5.65,5.75,10490
TREJHARA,20191115,15.05,16.35,15,16,2430
TRENT,20191115,505,505.45,493,499.55,91939
TRF,20191115,106.5,109.7,104.25,105.65,30669
TRIDENT,20191115,62.8,63.2,62.1,62.35,336554
TRIGYN,20191115,52.8,53.7,50.65,51.45,42253
TRIL,20191115,7.7,7.95,7.45,7.6,79773
TRITURBINE,20191115,98.45,101,96.4,97.6,49705
TRIVENI,20191115,64.15,64.3,63,63.15,193958
TTKHLTCARE,20191115,477.05,485.1,470,474.8,1206
TTKPRESTIG,20191115,6064.8,6084,6008.6,6018.6,2637
TTL,20191115,43.05,45,42,42.85,3806
TTML,20191115,2.8,3,2.6,2.7,2109973
TV18BRDCST,20191115,22.75,23.25,22.7,22.85,833049
TVSELECT,20191115,108,113.7,104.5,105.1,46313
TVSMOTOR,20191115,451.1,459.9,450.25,451.8,1315879
TVSSRICHAK,20191115,1738,1755,1701,1738,1400
TVTODAY,20191115,298,298,292.1,294.4,16695
TVVISION,20191115,1.4,1.4,1.35,1.35,2050
TWL,20191115,46.05,51.2,45.3,48.65,2381828
UBL,20191115,1246,1260.45,1240.95,1247.95,254708
UCALFUEL,20191115,145.6,147.9,143,143.55,42430
UCOBANK,20191115,13.3,13.75,13.1,13.3,760459
UFLEX,20191115,200.95,208.2,200.15,205.1,63873
UFO,20191115,131.95,140.25,125.25,132.35,65548
UGARSUGAR,20191115,13.2,13.35,13.05,13.2,49191
UJAAS,20191115,3.25,3.5,3.05,3.3,388679
UJJIVAN,20191115,276,282.6,273.1,279.75,1793918
ULTRACEMCO,20191115,4043.85,4094,4015,4077.4,621773
UMANGDAIRY,20191115,41,43.9,39.75,43.35,60450
UMESLTD,20191115,0.95,0.95,0.95,0.95,1449
UNICHEMLAB,20191115,141.6,151,141.3,149.75,85014
UNIENTER,20191115,64.4,65.5,64.25,65.1,1271
UNIONBANK,20191115,51.6,54.9,51.1,53.55,31377345
UNIPLY,20191115,28.9,28.9,28.9,28.9,14088
UNITECH,20191115,0.85,0.85,0.75,0.85,13255831
UNITEDBNK,20191115,8.6,9,8.6,8.8,523107
UNITEDTEA,20191115,255,257.1,255,256.45,6
UNIVCABLES,20191115,165.2,171.2,165,167.3,21784
UPL,20191115,539,541.75,518.35,530.3,4164016
URJA,20191115,1.65,1.65,1.6,1.6,906301
USHAMART,20191115,31.25,31.7,30.55,30.85,129379
UTINEXT50,20191115,295,295,292.1,293.61,6069
UTINIFTETF,20191115,1266.7,1269,1257.4,1257.89,9772
UTISENSETF,20191115,429,429,427.5,428.11,153
UTTAMSTL,20191115,9.1,9.1,8.9,9.1,119764
UTTAMSUGAR,20191115,98.1,99.35,95.8,96.4,71725
UVSL,20191115,0.05,0.1,0.05,0.1,8921642
V2RETAIL,20191115,119,121,116.25,117.2,15386
VADILALIND,20191115,802.05,805,750,753.8,106102
VAIBHAVGBL,20191115,832,859,829.3,852.15,13404
VAKRANGEE,20191115,39.5,39.75,37.95,38.5,5773013
VARDHACRLC,20191115,34.95,34.95,33.55,33.6,26377
VARDMNPOLY,20191115,2,2,2,2,2815
VARROC,20191115,455,456,445,447.9,17624
VASCONEQ,20191115,12.6,13.25,12.6,12.95,161877
VASWANI,20191115,5,5.1,4.65,4.75,16078
VBL,20191115,729,735,702.05,707.1,235678
VEDL,20191115,145.8,146.15,141.7,142.1,17581870
VENKEYS,20191115,1709.5,1766.05,1706,1730.25,219089
VENUSREM,20191115,25.25,25.9,24.15,24.6,22698
VESUVIUS,20191115,989.15,998.7,972.1,985.75,3028
VETO,20191115,47.25,48.55,47,47.1,8154
VGUARD,20191115,235.5,236.8,228.1,229.25,232581
VHL,20191115,1498.1,1499.9,1451,1462,275
VICEROY,20191115,1.55,1.55,1.5,1.55,28125
VIDHIING,20191115,64.5,64.9,63.4,64.65,13006
VIJIFIN,20191115,0.45,0.45,0.4,0.45,9879
VIKASECO,20191115,3.5,3.55,3.4,3.4,92704
VIKASMCORP,20191115,3.8,4,3.75,3.85,78559
VIKASPROP,20191115,4.4,4.4,4.3,4.4,2269404
VIKASWSP,20191115,9.25,9.75,9.25,9.25,331397
VIMALOIL,20191115,5.3,5.3,5.3,5.3,1010
VIMTALABS,20191115,99.15,99.45,93.6,94.5,32764
VINATIORGA,20191115,1978,1978,1920,1929.75,32633
VINDHYATEL,20191115,812.95,827.15,777.75,784.1,10570
VINYLINDIA,20191115,63.05,65.7,62.65,65.3,28553
VIPCLOTHNG,20191115,8.85,8.85,8.05,8.05,687014
VIPIND,20191115,432.3,440.95,432.3,437.95,195218
VIPULLTD,20191115,23.5,23.55,22,22.5,72852
VISAKAIND,20191115,250,255,246,247.35,27021
VISASTEEL,20191115,5.15,5.4,5.15,5.25,3637
VISESHINFO,20191115,0.05,0.1,0.05,0.05,1259828
VISHAL,20191115,315,315,312,312,25
VISHNU,20191115,127.05,129.5,122.5,123.4,4731
VISHWARAJ,20191115,69.95,70.05,66.15,67.3,18581
VIVIDHA,20191115,0.2,0.2,0.15,0.2,102853
VIVIMEDLAB,20191115,13.85,14.05,11.85,13.05,635852
VLSFINANCE,20191115,56.35,56.9,55.3,56.2,36647
VMART,20191115,1720,1747.95,1695.05,1706.85,22563
VOLTAMP,20191115,1112,1129.5,1112,1117.5,7310
VOLTAS,20191115,716,718.85,710.95,713.55,976238
VRLLOG,20191115,263.25,264.9,255.1,263.4,45714
VSSL,20191115,67.15,68,65,66,1858
VSTIND,20191115,4600,4619,4500,4548.45,4940
VSTTILLERS,20191115,1172.25,1186.8,1172.25,1173.15,1544
VTL,20191115,890.65,910,886.1,908.25,15483
WABAG,20191115,171.15,172.8,165,169.85,92166
WABCOINDIA,20191115,6210,6219.1,6177.15,6209.3,1466
WALCHANNAG,20191115,64.4,65,62.05,63.45,432473
WANBURY,20191115,14.5,14.5,14.45,14.5,6221
WATERBASE,20191115,138,138,125,129.8,569514
WEBELSOLAR,20191115,24.5,24.8,22.85,23.6,213280
WEIZFOREX,20191115,266.2,272,256.5,261.7,1838
WEIZMANIND,20191115,21,24,20,20.9,7451
WELCORP,20191115,137.6,139.05,135,136.2,445229
WELENT,20191115,78.25,80.75,76,77.55,205051
WELINV,20191115,169.8,173,157.15,169.55,1492
WELSPUNIND,20191115,54,54.8,52.1,52.95,363702
WENDT,20191115,2875,2914.45,2844.25,2878.15,132
WESTLIFE,20191115,356,365.85,347.5,350.95,19558
WHEELS,20191115,649.95,649.95,625,629.45,1820
WHIRLPOOL,20191115,2282.25,2339.35,2250,2312.65,110443
WILLAMAGOR,20191115,13.65,14.3,13.1,14.3,11181
WINDMACHIN,20191115,20.7,20.7,19.75,19.75,520
WIPRO,20191115,254,254.2,251.65,252.55,1212917
WOCKPHARMA,20191115,274.5,281,270.1,271.45,547918
WONDERLA,20191115,279.6,279.6,268,269.95,19279
WSI,20191115,1,1,1,1,50
WSTCSTPAPR,20191115,217,219.75,216.2,217.05,42753
XCHANGING,20191115,52.7,52.7,52,52.3,4536
XELPMOC,20191115,65.55,70,63.45,64.9,7604
XLENERGY,20191115,0.4,0.45,0.4,0.4,7828
XPROINDIA,20191115,22.95,22.95,22,22.75,1958
YESBANK,20191115,69.2,70.2,68.3,68.7,129526064
ZEEL,20191115,284.55,293.3,278.3,287.9,11986311
ZEELEARN,20191115,21.85,23,21.6,22.45,265390
ZEEMEDIA,20191115,6.7,7.4,6.7,7.4,1433434
ZENITHBIR,20191115,0.65,0.65,0.55,0.6,18618
ZENITHEXPO,20191115,40.25,40.25,36.25,39.45,3631
ZENSARTECH,20191115,186.3,191,185.35,188.05,47442
ZENTEC,20191115,60.5,63,60.25,61.3,30205
ZICOM,20191115,1.6,1.6,1.6,1.6,24187
ZODIACLOTH,20191115,187.05,187.05,178.25,184.15,2224
ZODJRDMKJ,20191115,31.05,31.6,30,30.55,2737
ZOTA,20191115,192.05,192.05,185.05,186.8,21908
ZUARI,20191115,96.05,97,91,94.8,56582
ZUARIGLOB,20191115,57.45,57.5,54.1,54.5,55226
ZYDUSWELL,20191115,1431.9,1500,1431.9,1463.25,121512
NSENIFTY,20191115,11904.20,11973.65,11879.25,11895.45,580154179,0
NIFTYJUNIOR,20191115,28266.65,28329.30,28103.65,28195.55,1065938722,0
NIFTYMIDCAPLIQ15,20191115,3908.50,3923.95,3884.65,3891.20,58488106,0
NSE100,20191115,12034.55,12096.10,12008.55,12022.80,1653923262,0
NIFTY200,20191115,6136.75,6167.45,6125.05,6131.70,1994471435,0
NSE500,20191115,9676.95,9721.30,9657.80,9667.30,2261246332,0
NSEMIDCAP150,20191115,6171.70,6196.85,6151.90,6169.80,404167352,0
MIDCAP50,20191115,4588.00,4618.50,4584.10,4596.70,295726399,0
NSEMIDCAP,20191115,16796.80,16882.55,16771.50,16803.85,340548173,0
NIFTYSMALLCAP250,20191115,-,-,-,4733.65,-,0
NIFTYSMALLCAP50,20191115,-,-,-,2715.25,-,0
NSESMLCAP100,20191115,5693.20,5708.55,5670.40,5675.25,-,0
NIFTYLARGEMIDCAP250,20191115,-,-,-,5911.09,2058090614,0
NIFTYMIDSMALLCAP400,20191115,-,-,-,5655.35,-,0
NIFTYAUTO,20191115,8259.75,8297.15,8130.20,8153.90,100560371,0
BANKNIFTY,20191115,30912.40,31165.45,30860.70,31008.40,393946823,0
NIFTYFINSERVICE,20191115,13995.45,14094.55,13969.25,14021.00,219037793,0
NIFTYFMGC,20191115,31447.15,31624.20,31235.30,31289.70,27814384,0
NSEIT,20191115,15425.05,15471.15,15287.10,15310.60,18374737,0
NIFTYMEDIA,20191115,1800.45,1812.70,1781.10,1801.00,60243377,0
NIFTYMETAL,20191115,2512.65,2529.05,2491.00,2498.80,106985072,0
NIFTYPHARMA,20191115,7620.45,7769.30,7554.50,7720.60,45815249,0
NIFTYPVTBANK,20191115,17073.30,17178.10,17038.60,17065.70,226455034,0
NIFTYPSUBANK,20191115,2403.65,2498.35,2398.25,2457.35,250517141,0
NIFTYREALTY,20191115,277.75,279.20,276.05,276.95,17906150,0
NIFTYCOMMODITIES,20191115,3346.30,3359.10,3322.85,3328.65,165326539,0
NIFTYCONSUMPTION,20191115,5022.50,5061.70,5010.60,5017.05,112624868,0
NIFTYCPSE,20191115,1983.10,1985.45,1953.45,1957.00,56818549,0
NIFTYENERGY,20191115,15935.95,15979.55,15807.30,15856.65,63916457,0
NIFTY100ESG,20191115,-,-,-,2207.95,1504190227,0
NIFTY100ENHESG,20191115,-,-,-,2233.94,1453851030,0
NIFTYINFRA,20191115,3225.25,3255.25,3224.15,3237.95,224018269,0
NIFTYMNC,20191115,13828.00,13883.40,13776.70,13800.80,901476469,0
NIFTYPSE,20191115,3282.05,3285.50,3245.75,3253.20,128385291,0
NIFTYSMEEMERGE,20191115,-,-,-,1361.67,1115750,0
NIFTYSERVSECTOR,20191115,16820.65,16931.05,16807.65,16837.80,470978853,0
NIFTYSHARIAH25,20191115,-,-,-,4353.27,68780292,0
NIFTY50SHARIAH,20191115,-,-,-,2477.32,64147934,0
NIFTY500SHARIAH,20191115,-,-,-,2957.30,224912474,0
NIFTYABGROUP,20191115,-,-,-,2780.48,838464785,0
NIFTYMAHINDRA,20191115,-,-,-,10082.76,6954139,0
NIFTYTATA,20191115,-,-,-,6914.42,67711805,0
NIFTYTATA25CAP,20191115,-,-,-,4751.43,57345253,0
NIFTYABGROUP,20191115,-,-,-,2780.48,838464785,0
NIFTYLIQ15,20191115,3692.30,3714.90,3674.30,3679.95,367471933,0
NIFTY500VALUE50,20191115,-,-,-,3588.37,257896450,0
NIFTYALPHALOWVOL30,20191115,-,-,-,12011.24,128374638,0
NIFTYQUALLOWVOL30,20191115,-,-,-,8520.94,64764132,0
NIFTYALPHAQUALLOWVOL30,20191115,-,-,-,9687.78,71003508,0
NIFTYALPHAQUALVALLOWVOL30,20191115,-,-,-,7321.91,96526143,0
NIFTY50EQUALWEIGHT,20191115,12206.90,12276.75,12188.55,12200.85,580154179,0
NIFTY100EQUALWEIGHT,20191115,13179.10,13231.95,13141.10,13166.10,1653923262,0
NIFTY100LOWVOL30,20191115,8980.40,8995.10,8928.80,8942.80,95005133,0
NSEDEFTY,20191115,-,-,-,5741.43,-,0
NIFTY50DIVPOINT,20191115,117.35,117.35,117.35,117.35,-,0
NIFTYDIVOPPS50,20191115,2570.80,2578.80,2551.40,2554.10,217589629,0
NIFTYALPHA50,20191115,12780.70,12789.45,12665.75,12679.05,132670710,0
NIFTY50ARBITRAGE,20191115,-,-,-,1868.27,-,0
NIFTY50FUTINDEX,20191115,-,-,-,4039.99,-,0
NIFTY50FUTTRINDEX,20191115,-,-,-,12026.10,-,0
NIFTYHIGHBETA50,20191115,-,-,-,1339.43,1533609919,0
NIFTYLOWVOL50,20191115,-,-,-,10518.47,148082978,0
NIFTY200QUALITY30,20191115,-,-,-,9864.75,-,0
NIFTY50VALUE20,20191115,5471.15,5490.30,5425.20,5435.60,240793612,0
NIFTYGROWSECT15,20191115,6345.30,6368.85,6314.90,6321.10,70215675,0
NIFTY50TR2XLEV,20191115,6622.45,6698.40,6595.90,6612.75,-,0
NIFTY50PR2XLEV,20191115,5094.90,5153.35,5074.50,5087.45,-,0
NIFTY50TR1XINV,20191115,343.05,343.75,341.05,343.30,-,0
NIFTY50PR1XINV,20191115,391.05,391.85,388.80,391.35,-,0
NIFTY-GS-COMPSITE,20191115,2048.00,2049.82,2047.83,2049.29,-,0
NIFTY-GS-4-8YR,20191115,2139.11,2140.97,2138.90,2140.32,-,0
NIFTY-GS-8-13YR,20191115,2013.10,2014.91,2013.04,2014.51,-,0
NIFTY-GS-10YR,20191115,1857.26,1858.79,1855.87,1856.71,-,0
NIFTY-GS-10YR-CLN,20191115,946.10,946.89,945.39,945.83,-,0
NIFTY-GS-11-15YR,20191115,2129.24,2130.98,2128.49,2130.30,-,0
NIFTY-GS-15YRPLUS,20191115,2295.10,2295.10,2294.03,2292.54,-,0
VIX,20191115,15.65,15.65,12.52,15.03,0,0
