<ticker>,<date>,<open>,<high>,<low>,<close>,<volume>,<o/i>
20MICRONS,20191105,37.05,39.25,37.05,39,169093
21STCENMGM,20191105,13.75,13.75,13.75,13.75,203
3IINFOTECH,20191105,2.05,2.05,1.95,1.95,1445744
3MINDIA,20191105,22499.85,22650,22250,22456.5,1862
3PLAND,20191105,6.5,6.5,6.5,6.5,20
5PAISA,20191105,170.35,170.4,164,168.95,4775
63MOONS,20191105,118.2,119.95,116.9,117.45,70674
A2ZINFRA,20191105,10.25,10.3,9.85,10,241785
AARTIDRUGS,20191105,532,532,515.7,522.85,7840
AARTIIND,20191105,850.3,869.8,838,845,73911
AARVEEDEN,20191105,15.45,15.5,12.75,13.85,27199
AAVAS,20191105,1533,1548,1455,1473.75,43163
ABAN,20191105,30.85,30.85,30.85,30.85,45368
ABB,20191105,1457.25,1474,1445.55,1448.35,40619
ABBOTINDIA,20191105,12088,12088,11705,11786.55,5344
ABCAPITAL,20191105,83.65,85.95,83,85.45,3470582
ABFRL,20191105,213.85,214.95,205.8,209.6,475008
ABSLBANETF,20191105,275.19,329.9,275.19,329.9,94
ACC,20191105,1561,1564,1510.4,1514.65,914025
ACCELYA,20191105,938.9,959,925.05,952.1,8796
ACE,20191105,84.2,84.75,83.5,83.8,151284
ADANIENT,20191105,200,201.5,197.7,200.55,2326138
ADANIGAS,20191105,148.05,148.85,146.5,146.75,458786
ADANIGREEN,20191105,93.2,93.6,90.1,90.7,963016
ADANIPORTS,20191105,391.7,392.9,386.5,390,1395899
ADANIPOWER,20191105,71.6,72.45,69.35,69.9,9665951
ADANITRANS,20191105,286.7,291.8,281.7,284.25,422266
ADFFOODS,20191105,307,315,300.55,303.2,102282
ADHUNIKIND,20191105,120.85,123.5,117.05,119.1,49444
ADLABS,20191105,2.8,2.8,2.8,2.8,4525
ADORWELD,20191105,316,322.55,310,316.65,3151
ADROITINFO,20191105,7.5,7.85,7.5,7.7,3151
ADSL,20191105,15.7,15.7,14.4,14.85,27921
ADVANIHOTR,20191105,57.75,59,57.75,58.25,3607
ADVENZYMES,20191105,191.05,191.05,185,187.1,233320
AEGISCHEM,20191105,170.2,174.9,164.55,165.75,232249
AFFLE,20191105,1420,1427.9,1377,1388.05,42076
AGARIND,20191105,119.8,119.8,113.05,116.05,2693
AGCNET,20191105,116,116.45,112.5,112.5,223
AGRITECH,20191105,49.65,49.65,47.35,47.5,4949
AGROPHOS,20191105,117.3,118.2,117.3,118.05,656580
AHLEAST,20191105,186.7,186.7,180,183.95,535
AHLUCONT,20191105,303.15,305.95,302.35,305,4881
AHLWEST,20191105,273.8,283,273.8,275.75,726
AIAENG,20191105,1677.4,1735,1662.1,1718.9,7702
AIONJSW,20191105,10,10.15,9.9,9.9,88240
AIRAN,20191105,13,13,12.55,12.55,2659
AJANTPHARM,20191105,1007,1029.65,991,1002.3,192532
AJMERA,20191105,121.5,123.7,120,120.45,18139
AKASH,20191105,65.2,65.2,61.1,61.1,2607
AKSHARCHEM,20191105,216,222.35,210.7,211.55,2258
AKSHOPTFBR,20191105,8.25,8.25,7.7,7.95,668418
AKZOINDIA,20191105,2150,2270,2115,2214.65,36886
ALANKIT,20191105,17.35,17.35,15.75,17.2,391622
ALBERTDAVD,20191105,408.6,414,405.75,407.05,3799
ALBK,20191105,28,28.05,27.05,27.3,985986
ALCHEM,20191105,0.85,0.85,0.8,0.85,4108
ALEMBICLTD,20191105,49.95,51.7,49.25,50.2,237300
ALICON,20191105,392,392,386.2,389.5,506
ALKALI,20191105,54,59,52.5,52.85,160295
ALKEM,20191105,2029.8,2050,2016.35,2048.75,64950
ALKYLAMINE,20191105,913.95,914,882.1,889.3,4967
ALLCARGO,20191105,110.5,110.5,105.7,106.45,142282
ALLSEC,20191105,298,301.9,288.65,290.65,2253
ALMONDZ,20191105,9.9,10.05,9.9,10.05,3036
ALOKTEXT,20191105,1.65,1.65,1.65,1.65,208959
ALPA,20191105,18.5,19,16.95,17.05,48808
ALPHAGEO,20191105,189.5,193.15,185.1,186.55,4192
ALPSINDUS,20191105,0.45,0.45,0.4,0.45,17459
AMARAJABAT,20191105,658,666.9,652.05,657.35,435964
AMBER,20191105,1014.8,1014.8,984,988.85,16884
AMBIKCO,20191105,911.25,919.15,898,902.3,4482
AMBUJACEM,20191105,203.85,204.35,200.5,201.55,2190913
AMDIND,20191105,16.9,18,16.7,17.1,7687
AMJLAND,20191105,18.8,19.25,17.8,18.8,8392
AMRUTANJAN,20191105,449.2,468.6,445,458.7,105768
ANANTRAJ,20191105,31.5,31.7,31.05,31.25,109115
ANDHRABANK,20191105,18.5,18.6,18.15,18.15,668575
ANDHRACEMT,20191105,2.5,2.55,2.45,2.55,22566
ANDHRSUGAR,20191105,280.7,283.05,274.05,279.2,31137
ANIKINDS,20191105,8.2,8.2,8.2,8.2,1961
ANKITMETAL,20191105,0.45,0.55,0.45,0.45,25083
ANSALAPI,20191105,4.85,4.85,4.65,4.85,19285
ANSALHSG,20191105,5.45,5.5,5.15,5.3,16922
ANTGRAPHIC,20191105,0.65,0.7,0.65,0.7,22480
ANUP,20191105,485,492.65,472,474.95,8746
APARINDS,20191105,510,531.85,502,530.55,6220
APCL,20191105,152.8,159.05,150.1,154.55,15801
APCOTEXIND,20191105,170.9,173.5,161.55,164.15,36521
APEX,20191105,234,237,228.35,229.65,37569
APLAPOLLO,20191105,1524,1524,1487.55,1497.3,112676
APLLTD,20191105,581.7,584,571.6,579.8,215675
APOLLO,20191105,97.5,97.95,88,88.6,224565
APOLLOHOSP,20191105,1423.5,1446.8,1412.5,1414.95,620983
APOLLOTYRE,20191105,185.4,187.65,177.95,179.85,8595442
APOLSINHOT,20191105,796.95,797,782,784.05,1750
APTECHT,20191105,179.2,193.45,175.6,178.4,880502
ARCHIDPLY,20191105,27.65,27.9,27,27.35,9323
ARCHIES,20191105,18.75,18.85,18.5,18.75,22652
ARCOTECH,20191105,1.9,1.9,1.9,1.9,10975
ARIES,20191105,66.6,66.9,64.85,65.55,37449
ARIHANT,20191105,19.95,19.95,16.05,17.6,1918
ARIHANTSUP,20191105,24.7,26.45,24.5,26.2,197594
ARMANFIN,20191105,553.65,574.9,549.7,569.15,4788
AROGRANITE,20191105,42.55,42.55,40.8,41,2587
ARROWGREEN,20191105,52.95,53,50.6,52.95,5361
ARROWTEX,20191105,9.35,10,9.35,9.65,2255
ARSHIYA,20191105,17.3,18,17,17.4,24884
ARSSINFRA,20191105,26,26.75,24.55,25.3,24242
ARVIND,20191105,54.95,54.95,51.6,52.8,1117749
ARVINDFASN,20191105,437,443.2,436.5,438,13289
ARVSMART,20191105,101.05,105,98.25,103.45,8910
ASAHIINDIA,20191105,208,210.25,204.05,204.75,7893
ASAHISONG,20191105,159.9,159.9,152,152.9,3480
ASAL,20191105,34.75,35,33.5,33.85,7082
ASHAPURMIN,20191105,30.5,32.7,30.3,30.65,29575
ASHIANA,20191105,103.2,105.5,101.7,103.75,49708
ASHIMASYN,20191105,8.15,8.15,7.9,8.1,737
ASHOKA,20191105,100.5,101.3,94.5,95.9,518626
ASHOKLEY,20191105,75.15,76.65,74.7,74.95,15228670
ASIANHOTNR,20191105,102.8,103.65,99,101.85,388
ASIANPAINT,20191105,1780,1797.8,1767.6,1793.85,1251974
ASIANTILES,20191105,239.5,239.8,226.1,228.2,49019
ASPINWALL,20191105,144,146,137.55,144,5941
ASTEC,20191105,357.95,360.7,353,355.6,2716
ASTERDM,20191105,143.85,144.75,138,140.8,96263
ASTRAL,20191105,1088.9,1097.95,1055.1,1059.95,306566
ASTRAMICRO,20191105,76.4,76.7,72.9,76.1,99072
ASTRAZEN,20191105,2639.8,2657,2560.2,2582.95,10651
ASTRON,20191105,41.45,41.45,41.45,41.45,320533
ATFL,20191105,619.85,631,603.55,616.55,9796
ATLANTA,20191105,6.9,7,6.6,7,11353
ATUL,20191105,4286.7,4290.85,4240,4254.95,5194
ATULAUTO,20191105,228,228.4,220.2,221.45,14317
AUBANK,20191105,690,691.2,671,674.75,195701
AURIONPRO,20191105,72.35,77.5,72.3,77,4098
AUROPHARMA,20191105,478,485.5,470.4,473.9,3270484
AUSOMENT,20191105,26.65,29.5,26.65,28.65,244
AUTOAXLES,20191105,884,884,852.25,858.3,53535
AUTOIND,20191105,24.55,24.65,23.55,24.15,11685
AUTOLITIND,20191105,21.5,23.35,21.5,22.85,3720
AVADHSUGAR,20191105,312.9,314.35,294.4,298.8,118247
AVANTIFEED,20191105,466.25,466.25,455.05,462.1,274561
AVTNPL,20191105,25,25,23.9,24.05,23778
AXISBANK,20191105,741.8,745.6,730.6,738.05,7306253
AXISCADES,20191105,69,70.4,67.65,68.6,58454
AXISGOLD,20191105,3396.25,3410,3390,3395.2,231
AXISNIFTY,20191105,1227.28,1235.5,1227.28,1233.34,53
AYMSYNTEX,20191105,32.2,34.2,31.5,33.2,7884
BAGFILMS,20191105,1.85,1.85,1.75,1.85,184168
BAJAJ-AUTO,20191105,3225,3255.7,3191.15,3246.3,305513
BAJAJCON,20191105,257.7,257.95,247,251.1,158545
BAJAJELEC,20191105,390.9,394.65,380,381.9,71837
BAJAJFINSV,20191105,8800,8887.75,8655.4,8845.75,598420
BAJAJHIND,20191105,7.1,7.1,6.65,6.7,1160050
BAJAJHLDNG,20191105,3700,3745,3695.1,3728.05,17767
BAJFINANCE,20191105,4172,4255,4135,4227.8,2934652
BALAJITELE,20191105,54.5,54.5,52.3,53.7,56193
BALAMINES,20191105,325.95,333.95,321.5,331.75,29776
BALAXI,20191105,81.45,81.45,77.5,81.1,457
BALKRISHNA,20191105,19,19.8,18.3,18.75,17760
BALKRISIND,20191105,871.5,890.5,849.05,856.9,750313
BALLARPUR,20191105,0.6,0.6,0.55,0.6,3061796
BALMLAWRIE,20191105,203,204.4,197.5,198.6,134396
BALPHARMA,20191105,48.5,48.9,46,47.1,27574
BALRAMCHIN,20191105,161.1,163,156,158.3,709143
BANARBEADS,20191105,34.6,36.95,34.1,34.5,5317
BANARISUG,20191105,1220,1249.9,1180,1185.9,593
BANCOINDIA,20191105,114.5,116.35,111.65,111.9,58178
BANDHANBNK,20191105,590.9,592.9,580,587,828572
BANG,20191105,18.35,19.1,17.5,18,10707
BANKBARODA,20191105,102.15,103.95,101.3,101.9,32355920
BANKBEES,20191105,3101,3112.83,3077.09,3085.95,3985
BANKINDIA,20191105,71.35,72.65,70.1,70.4,9819361
BANSWRAS,20191105,69.6,69.6,66.65,67.95,13763
BARTRONICS,20191105,1.45,1.45,1.45,1.45,10265
BASF,20191105,1000,1040,997.5,1009.5,35558
BASML,20191105,148,151,143,148.55,11623
BATAINDIA,20191105,1730.55,1741.9,1700.6,1704.7,937911
BAYERCROP,20191105,3747.95,3747.95,3626,3670.35,4343
BBL,20191105,899.4,920,881,895.55,19350
BBTC,20191105,1226.05,1228.95,1192,1201.4,89821
BCG,20191105,3.15,3.3,3,3,707782
BCP,20191105,8.1,8.1,8.1,8.1,5569
BDL,20191105,330.3,335.1,318.55,322.5,49916
BEARDSELL,20191105,11.85,12,11.15,11.4,1015
BEDMUTHA,20191105,11.8,11.8,10.7,11.75,25008
BEL,20191105,115.3,115.9,111.6,112.6,20962769
BEML,20191105,987,998.95,965,969.2,516552
BEPL,20191105,54.7,54.7,51.25,51.85,392179
BERGEPAINT,20191105,504,508.65,491.05,498.3,3664134
BFINVEST,20191105,351.55,357.45,328.2,330.6,134409
BFUTILITIE,20191105,316,323.5,295.95,299.65,716763
BGLOBAL,20191105,2,2.1,2,2,7249
BGRENERGY,20191105,34.05,34.65,33.4,33.55,45796
BHAGERIA,20191105,113.7,116.3,109.35,112.65,11893
BHAGYANGR,20191105,19.15,19.75,19,19.1,8376
BHAGYAPROP,20191105,21.35,21.35,19.45,20.95,3112
BHANDARI,20191105,1.15,1.25,1.15,1.2,43489
BHARATFORG,20191105,469.2,486.8,457,464.55,3863420
BHARATGEAR,20191105,87.8,88.9,81.1,83.2,36076
BHARATRAS,20191105,5949.95,6175,5904.85,6020.2,2071
BHARATWIRE,20191105,32.15,32.15,31,31.05,5076
BHARTIARTL,20191105,377,385.5,374.55,383.95,6641731
BHEL,20191105,56.9,58,55.9,56.05,16670483
BIGBLOC,20191105,24.05,25.25,22.15,22.45,874
BIL,20191105,155,157.55,150,157.55,828
BILENERGY,20191105,1.25,1.25,1.25,1.25,29319
BINDALAGRO,20191105,11.2,11.45,10.9,11.25,23792
BIOCON,20191105,264.5,272.6,254.25,256.25,9080951
BIOFILCHEM,20191105,4.8,4.8,4.6,4.6,1235
BIRLACABLE,20191105,78,85.9,76.2,83.4,1706788
BIRLACORPN,20191105,617.4,632,605,624.1,269843
BIRLAMONEY,20191105,36.75,36.95,35.8,36.15,67451
BKMINDST,20191105,0.9,0.9,0.85,0.85,25246
BLBLIMITED,20191105,3.75,4,3.7,3.9,5407
BLISSGVS,20191105,144.75,148,142.45,144.4,109244
BLKASHYAP,20191105,9.3,9.3,9.25,9.3,26262
BLS,20191105,72.3,73.55,67,67.9,121184
BLUEBLENDS,20191105,0.8,0.8,0.75,0.75,761
BLUECOAST,20191105,1.55,1.55,1.55,1.55,1
BLUEDART,20191105,2335,2375,2265,2328.35,6510
BLUESTARCO,20191105,799.1,808.05,775.1,786.3,48828
BODALCHEM,20191105,76,78.2,75.9,76.25,74995
BOMDYEING,20191105,84.6,86,82.5,83.15,1724466
BOROSIL,20191105,175.3,175.3,167,167.8,76050
BOSCHLTD,20191105,15700,15744.1,15532.35,15681.05,21492
BPCL,20191105,519,522.2,513.4,517.5,3281529
BPL,20191105,20,20,19.2,19.3,96294
BRFL,20191105,4,4.1,4,4.1,9627
BRIGADE,20191105,209,209,200.2,205.55,48399
BRITANNIA,20191105,3255,3280,3202.3,3231.75,330794
BRNL,20191105,67,67,63.55,64.2,4951
BROOKS,20191105,35.9,35.9,33.8,34.25,13246
BSE,20191105,550.9,550.9,534.8,536.6,129666
BSELINFRA,20191105,1.05,1.05,1,1,18905
BSL,20191105,25.8,25.9,25,25.4,6303
BSLGOLDETF,20191105,3579,3647,3541.2,3558.5,125
BSLNIFTY,20191105,130.3,130.54,129.45,129.45,82
BSOFT,20191105,67.45,67.45,65.25,65.4,120515
BURNPUR,20191105,1.25,1.25,1.2,1.2,36063
BUTTERFLY,20191105,189,196.05,181,194.3,114560
BVCL,20191105,10.8,11,10.45,10.5,13168
BYKE,20191105,20.85,20.9,20,20.4,13520
CADILAHC,20191105,241.5,244.5,238.5,239.6,1356790
CALSOFT,20191105,18.9,18.9,17.5,17.5,27548
CAMLINFINE,20191105,65.25,67.5,65,65.2,120286
CANBK,20191105,208,213.65,205.25,206.8,10318146
CANFINHOME,20191105,431,433.7,411.2,417.35,644380
CANTABIL,20191105,203,209.45,202.25,206.75,11119
CAPACITE,20191105,222.65,224,216,219.95,73886
CAPLIPOINT,20191105,414,414,385,386.95,70698
CAPTRUST,20191105,80.75,80.8,77.1,77.1,305
CARBORUNIV,20191105,324.9,324.9,308.8,312.05,194757
CAREERP,20191105,133,134,125.45,127.3,69639
CARERATING,20191105,546,554.95,521,527.95,327413
CASTEXTECH,20191105,0.6,0.6,0.6,0.6,241736
CASTROLIND,20191105,150.05,152.25,148.25,150.75,1034058
CCHHL,20191105,3.6,3.8,3.55,3.55,20470
CCL,20191105,215.95,215.95,203.05,205.05,102738
CDSL,20191105,237,239,229,230.65,302054
CEATLTD,20191105,998,1010,990.05,1003.65,132517
CEBBCO,20191105,13.95,14,13.5,13.65,13241
CELEBRITY,20191105,5.75,5.75,5.25,5.75,64034
CELESTIAL,20191105,3.3,3.45,3.3,3.45,23965
CENTENKA,20191105,187.95,187.95,181.3,182.55,9940
CENTEXT,20191105,2.75,3.3,2.75,2.95,113287
CENTRALBK,20191105,23.25,23.4,22.1,22.2,987865
CENTRUM,20191105,21.8,21.85,20.35,21.5,253359
CENTUM,20191105,400.5,407.45,391.05,397.05,1542
CENTURYPLY,20191105,175,178.5,163.25,165.65,560333
CENTURYTEX,20191105,409.6,416.95,390.75,394.1,1497426
CERA,20191105,2708.6,2726.8,2603,2630.65,13384
CEREBRAINT,20191105,21.55,22.7,21.55,22.4,284791
CESC,20191105,832,846,798,803.3,1357799
CESCVENT,20191105,341.2,350.05,334.55,346.9,35727
CGCL,20191105,223.5,228.95,218.2,224.7,438872
CGPOWER,20191105,15.25,15.25,14.9,15.25,2371700
CHALET,20191105,328.1,340,314,320.15,470518
CHAMBLFERT,20191105,171.8,171.8,162.75,164.2,195121
CHEMFAB,20191105,179.95,179.95,175.2,175.85,297
CHENNPETRO,20191105,160,160,155.1,156.35,99328
CHOLAFIN,20191105,316.7,319.85,313.55,316.6,1976356
CHOLAHLDNG,20191105,475.7,478.45,469.2,474.4,33662
CHROMATIC,20191105,0.55,0.55,0.45,0.55,2080
CIGNITITEC,20191105,292.9,292.9,276.8,289.45,89840
CIMMCO,20191105,20.75,20.75,19.45,19.95,8706
CINELINE,20191105,34.5,34.75,33.5,33.85,9940
CINEVISTA,20191105,11.65,11.7,11.2,11.45,98760
CIPLA,20191105,470.15,475.5,465.15,467.85,1391429
CKFSL,20191105,0.4,0.5,0.4,0.4,1651048
CLEDUCATE,20191105,86,86,79.2,81.75,6776
CLNINDIA,20191105,284.5,287.1,275.55,277.05,63628
CMICABLES,20191105,61.65,66.7,61.55,66.7,77848
CNOVAPETRO,20191105,8.85,8.85,8.2,8.6,3549
COALINDIA,20191105,217,217.55,209.6,211.15,12681517
COCHINSHIP,20191105,401,420,391.2,405.85,300044
COFFEEDAY,20191105,35.3,35.3,35.3,35.3,49364
COLPAL,20191105,1544.9,1549.1,1513.15,1522.95,647110
COMPINFO,20191105,9,9.2,8.8,8.9,71496
COMPUSOFT,20191105,9.25,9.25,8.45,8.45,83739
CONCOR,20191105,581.5,586.5,572.35,576.85,811208
CONFIPET,20191105,29.4,29.4,27.75,27.85,59254
CONSOFINVT,20191105,39,39.55,33,36.05,2092
CONTROLPR,20191105,290.1,295.65,280.9,283.4,4677
CORALFINAC,20191105,13.5,14.3,12.4,13.2,39081
CORDSCABLE,20191105,46.85,47.15,43.95,44.75,9720
COROMANDEL,20191105,468.9,474,457.05,460.5,76355
CORPBANK,20191105,17.5,17.8,17.15,17.25,402272
COSMOFILMS,20191105,216.5,224.25,216.5,222.65,7427
COUNCODOS,20191105,1.7,1.7,1.6,1.7,7240
COX&KINGS,20191105,1.6,1.6,1.6,1.6,2235006
CPSEETF,20191105,25.06,25.06,24.69,24.74,5800017
CREATIVE,20191105,64.5,66,64.5,65.2,3397
CREATIVEYE,20191105,1.25,1.25,1.25,1.25,656
CREDITACC,20191105,679.35,714,676.05,700.55,297296
CREST,20191105,102.1,106.05,99.05,102.45,2582
CRISIL,20191105,1527,1527,1481.85,1498.7,17118
CRMFGETF,20191105,3452.05,3452.05,3452.05,3452.05,4
CROMPTON,20191105,255.45,255.45,248.05,249.15,1119164
CTE,20191105,29,29,27.55,27.6,1292
CUB,20191105,213.5,213.5,204.35,206.8,1245138
CUBEXTUB,20191105,13.35,13.9,13.35,13.75,1608
CUMMINSIND,20191105,550,550,541.3,546.5,574136
CUPID,20191105,204,211,202.5,205.9,130181
CURATECH,20191105,1.4,1.45,1.4,1.45,250
CYBERTECH,20191105,48.9,50.5,48.7,49.6,10780
CYIENT,20191105,412,414.85,400.25,401.15,112323
DAAWAT,20191105,25.5,25.5,24.55,24.65,977227
DABUR,20191105,459.05,483.4,455.2,481.35,8858287
DALBHARAT,20191105,818,844,800.5,823.35,4437139
DALMIASUG,20191105,92.25,95.05,90.15,90.85,174961
DAMODARIND,20191105,27.35,31.7,26.45,28.55,5546
DATAMATICS,20191105,76.05,79.35,75.8,77.45,25569
DBCORP,20191105,148.7,148.7,145.5,146.45,35589
DBL,20191105,440.4,445.95,422.05,425.2,231210
DBREALTY,20191105,8,8,7.6,7.75,210250
DBSTOCKBRO,20191105,8.95,8.95,8.95,8.95,1
DCAL,20191105,120,127.45,118.1,122.85,2465303
DCBBANK,20191105,183.5,185.75,180.75,182.7,896772
DCM,20191105,21.7,21.7,20.5,21.25,2405
DCMNVL,20191105,31,31,27.9,28.55,1693
DCMSHRIRAM,20191105,371,374.4,360.15,362.35,61232
DCW,20191105,16.2,16.2,15.3,15.45,176035
DECCANCE,20191105,357.95,364.9,351.15,354.8,8622
DEEPAKFERT,20191105,112.5,115.25,110.15,111.8,501430
DEEPAKNTR,20191105,338.95,362.6,336.4,359.8,1376398
DEEPIND,20191105,110,110,104.2,105.15,10112
DELTACORP,20191105,197.2,197.5,191.25,194.2,627397
DELTAMAGNT,20191105,36,37.8,36,37.45,796
DEN,20191105,43.55,46.95,43.5,45.7,33006
DENORA,20191105,211,211,201,203.05,3243
DFMFOODS,20191105,248.9,249,246.05,246.35,16582
DGCONTENT,20191105,4.6,4.6,4.55,4.55,3883
DHAMPURSUG,20191105,215.9,216.9,208.6,209.75,334844
DHANBANK,20191105,15.45,15.5,14.85,15.05,818239
DHANUKA,20191105,302.85,310,298.1,307.55,15398
DHARSUGAR,20191105,7.75,8,7.55,7.95,5775
DHFL,20191105,20.15,20.15,19.6,20.15,1094669
DHUNINV,20191105,216.85,220,214.45,218.7,666
DIAMONDYD,20191105,930,938,914.9,936.85,1606
DICIND,20191105,333,335,329,330,590
DIGISPICE,20191105,6.75,7,6.75,6.9,15186
DISHTV,20191105,14.65,15.45,14.25,14.5,58790224
DIVISLAB,20191105,1735,1738.25,1676.8,1687.45,587695
DIXON,20191105,3037.95,3037.95,2935.35,2952.5,8051
DLF,20191105,183.1,187.4,182.05,184.35,7847108
DLINKINDIA,20191105,98.05,101,93.7,97,59043
DMART,20191105,1960,1982.6,1935.1,1976.85,312316
DNAMEDIA,20191105,0.3,0.4,0.3,0.35,57927
DOLAT,20191105,78.15,81.45,76.4,80.25,135128
DOLLAR,20191105,179,182.95,179,180.55,2153
DONEAR,20191105,32.15,32.35,30.7,31.25,6272
DPSCLTD,20191105,9.75,9.75,9.4,9.45,10907
DQE,20191105,2.25,2.25,2.25,2.25,1162
DREDGECORP,20191105,363.5,365.5,340.75,344.9,211251
DRREDDY,20191105,2793.8,2849.5,2792,2815.7,843662
DSSL,20191105,25.4,25.85,25,25.7,2659
DTIL,20191105,162.45,167.5,157.05,162.35,16736
DUCON,20191105,5.9,5.9,5.9,5.9,6277
DVL,20191105,73.85,74,70.4,71.4,9112
DWARKESH,20191105,27.4,27.7,26.95,27.3,411162
DYNAMATECH,20191105,1160,1185,1154.35,1178.25,1477
DYNPRO,20191105,142.85,142.9,135.3,137.1,27203
EASTSILK,20191105,0.5,0.5,0.5,0.5,81
ECLERX,20191105,461.9,461.9,439.95,441.2,136952
EDELWEISS,20191105,95.85,97.4,94.6,95.85,2000048
EICHERMOT,20191105,21750,21947.3,21230.5,21287.15,149412
EIDPARRY,20191105,169.5,170.25,165.05,165.4,127394
EIHAHOTELS,20191105,348.95,348.95,322,326.8,44497
EIHOTEL,20191105,165,165.5,159.5,160.8,714100
EIMCOELECO,20191105,294.65,299.95,293.35,298,374
EKC,20191105,28.65,28.9,26.8,27,100328
ELECON,20191105,39.25,40.1,36.5,37.4,116734
ELECTCAST,20191105,13.5,13.65,13.15,13.3,167367
ELECTHERM,20191105,143.65,149.45,140.95,145.45,72494
ELGIEQUIP,20191105,275.05,277.95,273.4,276.25,87361
ELGIRUBCO,20191105,16.1,16.8,15.85,16.45,16938
EMAMILTD,20191105,330,332.8,325.55,328.55,247536
EMAMIPAP,20191105,77,77,74.1,74.95,600
EMAMIREAL,20191105,45.4,47.4,43.15,45,13416
EMCO,20191105,0.75,0.75,0.7,0.75,4265
EMKAY,20191105,79,79,76,78.2,45604
EMMBI,20191105,116.55,117,114,115.75,7319
ENDURANCE,20191105,1120,1125,1100.1,1105.45,8187
ENERGYDEV,20191105,5.3,5.7,5.25,5.25,34769
ENGINERSIN,20191105,119.5,119.5,112.8,115.3,2120549
ENIL,20191105,264.5,275.5,254.6,256.7,46620
EON,20191105,16,17.05,15.95,17.05,51364
EQ30,20191105,350,350,350,350,53
EQUITAS,20191105,98.75,100,98,98.55,1348032
ERIS,20191105,423.5,424.4,410.3,411.65,19872
EROSMEDIA,20191105,16,16.4,15.5,15.65,94554
ESABINDIA,20191105,1283.05,1300,1240,1290.15,6396
ESCORTS,20191105,651.75,665.8,646.5,652.55,2796804
ESSARSHPNG,20191105,7.7,7.7,7.15,7.5,2610
ESSELPACK,20191105,115,116.5,112.2,114.55,38554
ESTER,20191105,35,35.3,35,35.3,30295
EUROMULTI,20191105,0.4,0.4,0.4,0.4,207
EUROTEXIND,20191105,13.65,13.65,13.65,13.65,10
EVEREADY,20191105,58,58,55.2,55.2,275850
EVERESTIND,20191105,293.55,303.95,292,294.2,29919
EXCEL,20191105,1.05,1.05,0.95,1.05,100067
EXCELINDUS,20191105,980.4,1000,953.6,966.85,6919
EXIDEIND,20191105,189,192.15,185.7,188.7,2366978
EXPLEOSOL,20191105,298,300.8,286,288.05,2492
FACT,20191105,40.3,40.85,39.3,40.15,73513
FAIRCHEM,20191105,495,495,482,483.1,2815
FCL,20191105,27.7,28.15,27.3,27.5,79904
FCONSUMER,20191105,26.6,27.8,25.75,26.65,1663977
FCSSOFT,20191105,0.25,0.25,0.2,0.25,564921
FDC,20191105,178.9,179.05,173.5,174.9,35376
FEDERALBNK,20191105,88.85,88.85,84.15,84.4,19085828
FEL,20191105,25.5,29.5,24.25,27.15,1980010
FELDVR,20191105,23.2,27,23.2,26.3,117119
FIEMIND,20191105,395,395,382.15,385.4,3793
FILATEX,20191105,39,40,38.5,39.15,230522
FINCABLES,20191105,383.65,388.95,380.35,382.9,25443
FINEORG,20191105,1881,1937.8,1881,1917.75,5172
FINPIPE,20191105,590.05,595.45,580.6,585.6,13660
FLEXITUFF,20191105,4.45,4.45,4.3,4.3,16476
FLFL,20191105,405.05,413.5,397.35,399.5,10176
FLUOROCHEM,20191105,632,635,575.65,608.9,33701
FMGOETZE,20191105,545.05,550.45,541.55,545.15,2276
FMNL,20191105,36.25,37,35.15,35.2,22934
FORCEMOT,20191105,1190.4,1196.7,1135,1143.55,39537
FORTIS,20191105,150,151.4,143.25,145.25,6704050
FOSECOIND,20191105,1368,1376.4,1360.1,1364.7,305
FRETAIL,20191105,379,379.7,373,375,432776
FSC,20191105,474,485,465,476.7,11604
FSL,20191105,50.4,50.6,49,49.2,1147290
GABRIEL,20191105,119.85,124.65,117.2,119.6,125799
GAEL,20191105,137.9,137.95,133.5,135.9,18519
GAIL,20191105,136.85,138.5,135.15,137.4,7519917
GAL,20191105,1.8,1.8,1.8,1.8,2985
GALAXYSURF,20191105,1485,1508.35,1455,1476.4,6892
GALLANTT,20191105,27.45,27.45,26.2,26.4,3662
GALLISPAT,20191105,19.65,20,19,19.05,6731
GAMMNINFRA,20191105,0.3,0.3,0.25,0.3,511736
GANDHITUBE,20191105,296.6,300,295.3,300,932
GANECOS,20191105,270.7,281.45,270.7,274.25,8763
GANESHHOUC,20191105,34.35,34.95,34,34.05,8092
GANGESSECU,20191105,36.1,38.65,36.1,36.35,559
GARDENSILK,20191105,11.1,11.8,10.9,11.2,48824
GARFIBRES,20191105,1207.85,1217.15,1196.3,1202.8,3942
GATI,20191105,65,65,60.6,61.4,1086929
GAYAHWS,20191105,0.25,0.3,0.2,0.3,112569
GAYAPROJ,20191105,121,122.25,111.55,114.25,74534
GDL,20191105,90,92,89.55,90.1,108052
GEECEE,20191105,96.2,100,96.15,97.9,5183
GENESYS,20191105,83.4,83.4,76.35,78.1,6216
GENUSPAPER,20191105,5.25,5.3,5,5,66263
GENUSPOWER,20191105,24.95,25.5,24.75,24.95,46750
GEOJITFSL,20191105,29.6,30.1,28.8,29.5,149867
GEPIL,20191105,706,715.25,688.55,710.15,41204
GESHIP,20191105,293.4,298.5,291.55,292.85,54712
GET&D,20191105,201,203,193,193.5,20999
GFLLIMITED,20191105,85.9,85.9,81,81.85,95017
GHCL,20191105,214.6,214.6,209.75,210.75,50289
GICHSGFIN,20191105,171.8,171.8,162.6,163.3,90309
GICRE,20191105,294.9,299.05,276.05,280.2,521135
GILLANDERS,20191105,27.85,28.85,26.1,27.9,3909
GILLETTE,20191105,7999.95,8031.95,7814,7900.2,3289
GINNIFILA,20191105,10.35,10.35,9.7,10,60479
GIPCL,20191105,73.2,73.2,71.1,71.25,44674
GKWLIMITED,20191105,721,724.35,711.1,712.3,48
GLAXO,20191105,1657.85,1669.75,1601.2,1621.95,61682
GLENMARK,20191105,316.15,321.8,314.65,317.1,1161397
GLOBALVECT,20191105,55.1,57,54.25,56.6,3757
GLOBOFFS,20191105,5.8,6.25,5.8,6.1,5835
GLOBUSSPR,20191105,121.8,134,121.5,129.9,396732
GMBREW,20191105,405.25,408,398.05,400.1,32714
GMDCLTD,20191105,64.5,65.15,63.1,63.2,122291
GMMPFAUDLR,20191105,1401.9,1438,1398.95,1427.5,4986
GMRINFRA,20191105,20.85,21.05,20.25,20.65,6796037
GNA,20191105,269.4,291.85,265.5,277.9,176996
GNFC,20191105,219.55,219.9,210.2,211.5,306277
GOACARBON,20191105,229,229,218.05,220.05,9589
GOCLCORP,20191105,288.8,298,282,286.2,2481
GODFRYPHLP,20191105,1105,1120,1092.4,1100.95,28749
GODREJAGRO,20191105,519,519,493.5,500.65,119490
GODREJCP,20191105,724.7,725,708.6,721.5,761475
GODREJIND,20191105,424.35,428.1,420,421.95,66307
GODREJPROP,20191105,978,984.3,948.2,955.15,674484
GOKEX,20191105,93,94,86,87.05,102602
GOKUL,20191105,11.1,11.25,11,11.25,1051
GOKULAGRO,20191105,13.5,13.65,12.5,13.05,2019
GOLDBEES,20191105,3417,3421.95,3408.1,3409.15,15414
GOLDENTOBC,20191105,30.3,30.7,29.05,29.65,1682
GOLDIAM,20191105,141.45,142.4,139,141.55,38085
GOLDSHARE,20191105,3426.1,3435,3420.25,3424.9,472
GOLDTECH,20191105,10.2,10.2,9.5,9.85,14409
GOODLUCK,20191105,57,58.5,56.15,56.15,5424
GPIL,20191105,156.9,162.25,153.5,154.55,124613
GPPL,20191105,89.35,91.75,87.55,90.85,336657
GPTINFRA,20191105,41.25,43.45,40,40.95,57256
GRANULES,20191105,123.4,123.75,118.8,119.65,762432
GRAPHITE,20191105,301.8,305.9,293.65,295.75,1657068
GRASIM,20191105,785,795,759.55,768.6,2742795
GRAVITA,20191105,42.2,42.3,40.2,40.3,24016
GREAVESCOT,20191105,135.55,140,135.55,136.45,94649
GREENLAM,20191105,890.4,909.7,881.5,892.7,1679
GREENPANEL,20191105,34.2,34.45,32.1,34.1,876129
GREENPLY,20191105,161,167.5,157.2,163.6,62221
GREENPOWER,20191105,1.45,1.45,1.35,1.45,723331
GRINDWELL,20191105,606,611.7,596.9,605,35721
GROBTEA,20191105,315,315,288,291.25,174
GRPLTD,20191105,901.05,911.05,879,898.6,150
GRSE,20191105,239.75,239.8,226,229.1,384803
GSCLCEMENT,20191105,20.25,20.3,19.4,19.7,16110
GSFC,20191105,81.8,81.9,79.35,79.75,253157
GSKCONS,20191105,9170,9238,9096,9219.9,51287
GSPL,20191105,222,222.95,219.25,221.3,487249
GSS,20191105,37.95,37.95,35.25,35.4,41673
GTL,20191105,1.45,1.45,1.4,1.4,58823
GTLINFRA,20191105,0.4,0.45,0.4,0.45,2857544
GTNIND,20191105,5.75,6,5.75,5.75,896
GTNTEX,20191105,6.9,6.95,6.9,6.95,541
GTPL,20191105,74.4,75,72,72.6,19731
GUFICBIO,20191105,72.25,72.25,69.55,70.2,14905
GUJALKALI,20191105,470.2,473,463.5,465,16604
GUJAPOLLO,20191105,129.4,129.4,125,126.9,2587
GUJGASLTD,20191105,209,213,203.05,205.15,1844098
GUJRAFFIA,20191105,7.55,7.55,7.55,7.55,75
GULFOILLUB,20191105,879.15,904.85,868.9,872.4,31708
GULFPETRO,20191105,41.95,42.05,40,40.8,19291
GULPOLY,20191105,44.9,44.9,42,42.5,1540
GVKPIL,20191105,5.3,5.3,5.3,5.3,1877770
HAL,20191105,778.25,789,776.25,782.85,10198
HARITASEAT,20191105,460,465.15,460,462.55,1837
HARRMALAYA,20191105,48.5,48.8,47.8,48,49025
HATHWAY,20191105,21.6,22.3,21,21.75,302593
HATSUN,20191105,604.3,605,594,599.4,2099
HAVELLS,20191105,695.35,696.9,680.1,687.05,829450
HAVISHA,20191105,0.65,0.65,0.65,0.65,1
HBLPOWER,20191105,17.4,17.7,17.15,17.35,75582
HCC,20191105,9,9.35,8.25,8.5,2590066
HCG,20191105,115.8,115.9,110.15,114.2,111282
HCL-INSYS,20191105,8.6,8.85,8,8.1,1487144
HCLTECH,20191105,1156.1,1160.6,1143.35,1158.7,1439050
HDFC,20191105,2207.1,2209.8,2164.7,2181.3,5525743
HDFCAMC,20191105,2955,3072.5,2936.05,3008.3,1221743
HDFCBANK,20191105,1241,1244.8,1229.05,1239.5,6183905
HDFCLIFE,20191105,596,602,580.15,583.65,6170402
HDFCMFGETF,20191105,3489,3498.95,3481.45,3486.95,617
HDFCNIFETF,20191105,1253.22,1253.98,1244.62,1249,412
HDFCSENETF,20191105,4243,4257.92,4230,4239,36
HDIL,20191105,1.8,1.8,1.7,1.8,12058746
HEG,20191105,1034,1046,1007.55,1012.95,426348
HEIDELBERG,20191105,192,199,190.05,197.45,564985
HERCULES,20191105,100.7,100.7,96,97.15,15632
HERITGFOOD,20191105,346.65,352.9,330.5,337.8,117330
HEROMOTOCO,20191105,2659,2679,2638.05,2665,508321
HESTERBIO,20191105,1739,1748,1650,1655.15,8666
HEXATRADEX,20191105,13.7,13.7,12.45,12.45,37228
HEXAWARE,20191105,343,345,339.1,340,408734
HFCL,20191105,17.85,17.85,17.25,17.35,2753815
HGINFRA,20191105,188.4,188.4,183,184.5,18668
HGS,20191105,574.05,608.95,570,593.9,4694
HIKAL,20191105,124.9,124.9,118.8,119.1,223236
HIL,20191105,1179.15,1192.6,1141.9,1147.7,7897
HILTON,20191105,8,9.35,7.35,9.35,24646
HIMATSEIDE,20191105,152.55,153.4,146.6,147.2,63483
HINDALCO,20191105,199,202.7,197.35,198.6,8912298
HINDCOMPOS,20191105,180.3,183.85,175.8,178.45,1181
HINDCOPPER,20191105,43.7,43.85,41.8,42.15,866408
HINDMOTORS,20191105,6.3,6.3,5.45,5.55,307348
HINDNATGLS,20191105,35.55,35.6,34.75,35.6,656
HINDOILEXP,20191105,103.5,104,100.1,100.55,453576
HINDPETRO,20191105,317.5,322.95,311.15,312.5,3704276
HINDUJAVEN,20191105,328.9,328.9,320.1,320.25,438
HINDUNILVR,20191105,2153.5,2175.75,2143.15,2172.15,2167085
HINDZINC,20191105,213.15,214.5,206.8,207,1287977
HIRECT,20191105,195,198,186.1,187.6,38607
HISARMETAL,20191105,56,58,56,56.5,1830
HITECH,20191105,169.25,170,158.7,160.6,14226
HITECHCORP,20191105,83.55,87.5,82.1,86.85,1647
HITECHGEAR,20191105,199,203,186.1,187.45,21671
HMVL,20191105,84.8,86.9,79.55,83.05,29823
HNDFDS,20191105,647.95,647.95,610,614.9,1837
HNGSNGBEES,20191105,3218.71,3219,3200,3219,5
HONAUT,20191105,28413.2,28549,28100,28156.5,799
HONDAPOWER,20191105,1101.6,1148,1101.6,1127.2,1385
HOTELEELA,20191105,7.95,7.95,7.65,7.7,209064
HOTELRUGBY,20191105,1.15,1.15,1.15,1.15,12
HOVS,20191105,65.95,67.45,60.95,61.2,21877
HPL,20191105,44,44,41.7,42.35,17877
HSCL,20191105,76,76.75,73.5,74.2,350769
HSIL,20191105,59.9,59.9,52.5,53.05,1421528
HTMEDIA,20191105,18.8,18.8,16.9,17.05,926394
HUBTOWN,20191105,14.05,14.45,13.25,13.95,19692
HUDCO,20191105,40.95,41.35,39.7,39.85,1127054
IBMFNIFTY,20191105,115.8,118.8,115.8,118.8,1235
IBREALEST,20191105,62,63.75,61.15,63.75,4184643
IBULHSGFIN,20191105,218.8,232.65,217.7,225.05,47637319
IBULISL,20191105,73.35,73.35,73.35,73.35,5765
IBVENTURES,20191105,116.65,116.65,116.65,116.65,42350
ICICI500,20191105,152,158.65,152,156.62,1207
ICICIB22,20191105,36.25,36.55,36.17,36.25,645383
ICICIBANK,20191105,472.1,474,466.9,468.35,14952189
ICICIBANKN,20191105,305,305.5,302.21,302.96,2038
ICICIBANKP,20191105,168.04,168.04,165.27,165.96,2022
ICICIGI,20191105,1330,1345.45,1290,1305.35,506519
ICICIGOLD,20191105,35.45,35.45,34.05,34.9,12649
ICICILIQ,20191105,1000,1000,999.99,999.99,34049
ICICILOVOL,20191105,95.85,95.85,93.13,93.85,1066168
ICICIMCAP,20191105,65.25,65.25,64.25,64.35,18516
ICICINF100,20191105,129.51,129.76,128.69,129.19,1009
ICICINIFTY,20191105,128.2,139.5,124.01,125.37,46685
ICICINV20,20191105,59.3,59.75,57.75,58.01,4090
ICICINXT50,20191105,29.5,29.5,28.56,28.7,11200
ICICIPRULI,20191105,511.25,519,505.1,509.9,2268137
ICICISENSX,20191105,431,439,427.01,429.38,113
ICIL,20191105,44.5,50,44.5,48.5,179236
ICRA,20191105,2783.45,2850,2725.35,2797.9,1002
IDBI,20191105,35.45,35.45,33.45,33.8,2951514
IDBIGOLD,20191105,3565.95,3565.95,3537.25,3552.65,231
IDEA,20191105,4.5,4.65,4.1,4.2,119281067
IDFC,20191105,35.5,35.85,34.65,34.9,1243571
IDFCFIRSTB,20191105,43.9,44.25,42.7,43.05,13910867
IDFNIFTYET,20191105,122.99,124,122.99,124,43
IEX,20191105,141.8,146,140.05,145,575792
IFBAGRO,20191105,425,437.95,410.05,427,24424
IFBIND,20191105,722,750,722,733.35,11856
IFCI,20191105,8.5,8.55,8.1,8.15,3059130
IFGLEXPOR,20191105,155.5,156,148,149.1,2200
IGARASHI,20191105,243.9,252.45,237.5,239.05,88356
IGL,20191105,394,395.6,385.6,388.05,1510116
IGPL,20191105,153.1,154.95,141.2,151.3,27804
IIFL,20191105,117.95,121,116.35,119.9,1802380
IIFLSEC,20191105,29.9,30.4,28.75,28.95,144323
IIFLWAM,20191105,1327,1327,1275,1282.9,5822
IITL,20191105,64,64,64,64,20
IMFA,20191105,197.4,197.4,188.15,189.15,13720
IMPAL,20191105,678,685,650,652.85,1332
INDBANK,20191105,8.6,9.75,7.55,8.3,95983
INDHOTEL,20191105,155,158,150.6,151.5,1516772
INDIACEM,20191105,87.3,88.8,84.6,85.8,1539859
INDIAGLYCO,20191105,239.35,242.7,229,230.35,66651
INDIAMART,20191105,1835,1839.5,1776.05,1784.5,34593
INDIANB,20191105,135.5,135.95,127.45,128.7,1857979
INDIANHUME,20191105,268.35,268.35,259,260.85,10593
INDIGO,20191105,1432,1503,1411.85,1462.45,4797987
INDLMETER,20191105,19.35,19.35,19.35,19.35,544
INDNIPPON,20191105,337,339.65,325.55,327.05,3279
INDOCO,20191105,164.9,164.95,157.3,159.2,29882
INDORAMA,20191105,31.3,31.3,29.05,30.55,11321
INDOSTAR,20191105,211,217,201.5,205.7,72019
INDOTECH,20191105,95.2,98,92.3,92.55,5429
INDOTHAI,20191105,26.8,27.4,23,23.7,19826
INDOWIND,20191105,3,3.1,2.9,3,22763
INDRAMEDCO,20191105,43.5,44.5,40.9,41.2,691968
INDSWFTLAB,20191105,30.95,31.65,29.7,30.05,35146
INDSWFTLTD,20191105,3.7,3.85,3.65,3.75,5435
INDTERRAIN,20191105,76.75,76.75,73.05,74.25,6383
INDUSINDBK,20191105,1354,1360.3,1315,1320.1,2656825
INEOSSTYRO,20191105,657,665.5,657,659.4,4362
INFIBEAM,20191105,45.95,46.45,44.6,45.65,1709399
INFOBEAN,20191105,68.8,68.8,62.5,64.9,4264
INFRABEES,20191105,340.7,343.5,337.31,338.24,683
INFRATEL,20191105,217.8,224.25,212.4,222.15,9851993
INFY,20191105,708.75,708.75,691.5,696.1,12897805
INGERRAND,20191105,635,643.95,620.1,624.6,19155
INOXLEISUR,20191105,385,385.7,371.1,374.8,161385
INOXWIND,20191105,36,36.7,35,35.25,66066
INSECTICID,20191105,553.95,565,552.2,556.95,4262
INSPIRISYS,20191105,46.05,47.5,45.05,45.1,3436
INTEGRA,20191105,0.25,0.25,0.25,0.25,309
INTELLECT,20191105,169,169,149.6,150.45,3815159
INTENTECH,20191105,31.2,31.95,31.05,31.25,1659
INVENTURE,20191105,14.65,14.65,14.55,14.6,35213
IOB,20191105,10.9,10.95,10.3,10.6,5026597
IOC,20191105,138,139.5,136.2,137,8989792
IOLCP,20191105,207,211,200.75,203.4,517828
IPAPPM,20191105,308,317.2,308,313.25,5747
IPCALAB,20191105,1006,1054.9,990,994.9,251731
IRB,20191105,78.4,78.95,75,75.35,667417
IRCON,20191105,425,429,411.3,414.35,61734
IRCTC,20191105,886.7,907,871.3,881.5,2038067
ISEC,20191105,315.5,320,308,309.8,57620
ISFT,20191105,85,85.65,85,85.65,1620
ISMTLTD,20191105,4.05,4.35,4.05,4.1,7771
ITC,20191105,261,264,258.6,262.9,10278362
ITDC,20191105,369,369,352,356.8,70765
ITDCEM,20191105,65.9,66.55,60.3,60.3,709020
ITI,20191105,91.1,91.1,88.5,88.8,437363
IVC,20191105,3.6,3.95,3.6,3.95,557675
IVP,20191105,70.9,70.9,65.55,68.1,10006
IVZINGOLD,20191105,3515,3515,3515,3515,1
IVZINNIFTY,20191105,1287.1,1288.2,1268.5,1268.5,54
IZMO,20191105,31,32,30.5,30.7,3502
J&KBANK,20191105,32.75,33.4,31.85,32,723804
JAGRAN,20191105,56.85,57.05,55.3,55.5,331004
JAGSNPHARM,20191105,28.5,28.5,26.6,27.25,21975
JAIBALAJI,20191105,19,19.7,19,19,1882
JAICORPLTD,20191105,92.9,92.9,89.55,90.8,1278975
JAINSTUDIO,20191105,2.1,2.1,1.9,1.9,2877
JAMNAAUTO,20191105,44.75,49.3,44.7,45.2,4824177
JASH,20191105,122.45,122.45,110,113,3589
JAYAGROGN,20191105,139.35,140,135.25,136.2,4166
JAYBARMARU,20191105,214.2,236,212,223.85,415027
JAYNECOIND,20191105,3.9,3.9,3.65,3.7,14086
JAYSREETEA,20191105,50.3,50.65,49.8,50.1,27418
JBCHEPHARM,20191105,369,369.55,352,364.35,174536
JBFIND,20191105,8,8,7.45,7.45,22770
JBMA,20191105,222.7,239.8,220,226.7,147439
JCHAC,20191105,2055.05,2065.85,1992,2014.1,8517
JHS,20191105,17,17.8,16.45,16.75,29113
JIKIND,20191105,0.35,0.35,0.25,0.3,26685
JINDALPHOT,20191105,13.25,14,12.95,13.95,1463
JINDALPOLY,20191105,222,224.45,218.2,222.75,9195
JINDALSAW,20191105,88.35,88.65,86.3,87.5,545424
JINDALSTEL,20191105,138.95,141,132.8,134.05,43315239
JINDCOT,20191105,1.6,1.6,1.6,1.6,499
JINDRILL,20191105,84.1,90.75,82.55,84.15,175713
JINDWORLD,20191105,58,58.2,56.65,56.95,106835
JISLDVREQS,20191105,11.8,11.8,10.7,10.9,133398
JISLJALEQS,20191105,17.35,17.35,15.75,15.75,3840715
JITFINFRA,20191105,7.2,7.2,6.6,6.85,1347
JIYAECO,20191105,39.85,40.15,38.45,39.25,127517
JKCEMENT,20191105,1130,1149.5,1124.2,1130.1,60182
JKIL,20191105,151.15,153,149.15,150.95,92970
JKLAKSHMI,20191105,310.1,317,305.05,306.25,268792
JKPAPER,20191105,120.2,120.85,118,118.95,691990
JKTYRE,20191105,73.7,75.45,71.8,72.15,1227761
JMA,20191105,26.8,26.8,25.95,25.95,364
JMCPROJECT,20191105,105.7,120.9,105,117.85,1245638
JMFINANCIL,20191105,82.35,85.35,81.5,81.95,375722
JMTAUTOLTD,20191105,1.25,1.25,1.2,1.25,75416
JOCIL,20191105,108.95,111.4,93.95,101.4,37666
JPASSOCIAT,20191105,2.25,2.3,2.2,2.3,3614381
JPINFRATEC,20191105,1.3,1.3,1.25,1.25,622208
JPOLYINVST,20191105,12,12,11.1,11.15,1761
JPPOWER,20191105,1.15,1.15,1.1,1.1,1273902
JSL,20191105,38.75,39.1,35.6,36.4,502428
JSLHISAR,20191105,75,75.6,71,71.4,168356
JSWENERGY,20191105,73.8,74.8,72.2,73.15,760116
JSWHL,20191105,2553,2587,2550,2564.35,467
JSWSTEEL,20191105,253.35,254.15,244.25,246.05,10394354
JTEKTINDIA,20191105,91.95,99,90.6,91.85,358676
JUBILANT,20191105,548.5,554.5,536.55,539.45,138760
JUBLFOOD,20191105,1555,1590.95,1551,1583.85,643713
JUBLINDS,20191105,112.1,118.05,111.15,113.4,150045
JUMPNET,20191105,69.95,70.5,68.65,69.2,725764
JUNIORBEES,20191105,298.8,298.8,293.41,293.84,264741
JUSTDIAL,20191105,570.25,580.95,565.65,569.35,2357674
JYOTHYLAB,20191105,176,177.95,174.65,176.85,386975
KABRAEXTRU,20191105,72.75,72.8,70.15,70.8,5255
KAJARIACER,20191105,555,558.75,536.05,539.25,684425
KAKATCEM,20191105,172,173.7,164.55,166.1,11992
KALPATPOWR,20191105,440,444.7,436.05,439.75,151807
KALYANIFRG,20191105,172,172,165,166.05,43
KAMATHOTEL,20191105,39,39,37.05,37.25,189796
KAMDHENU,20191105,108.4,109.4,106.15,107.15,6565
KANANIIND,20191105,2.65,3.05,2.65,3.05,2290
KANORICHEM,20191105,45.4,46.2,44.2,44.5,13833
KANSAINER,20191105,533.2,536,525.1,528.7,113854
KARDA,20191105,148.05,157,148.05,151.5,78061
KARMAENG,20191105,10,10.25,9.4,9.85,2208
KARURVYSYA,20191105,57,58.5,57,58.05,1640310
KAUSHALYA,20191105,0.45,0.5,0.45,0.5,3219
KAYA,20191105,404,413.65,396.05,409.7,6028
KCP,20191105,69,69,67,67.25,17993
KCPSUGIND,20191105,13.75,13.75,13.2,13.2,105791
KDDL,20191105,388.4,388.4,330,338.9,1012
KEC,20191105,275.5,276.3,267,270.05,459411
KECL,20191105,12.85,12.85,12.5,12.85,95725
KEI,20191105,568.05,572.9,543.1,546.15,213890
KELLTONTEC,20191105,17.85,18.1,17.5,17.85,88417
KENNAMET,20191105,1125.6,1148,1118.95,1121.9,3317
KERNEX,20191105,21.55,23.1,21.4,23.05,7386
KESARENT,20191105,40.6,40.6,37.75,40.1,30302
KESORAMIND,20191105,57.7,63.85,57.05,61.85,2721202
KGL,20191105,0.4,0.4,0.35,0.35,237277
KHADIM,20191105,259.9,259.9,243.3,249.8,28253
KHAITANLTD,20191105,18.15,18.5,18.1,18.1,2499
KICL,20191105,1719,1737.95,1649.95,1656.65,750
KILITCH,20191105,137.5,142.5,131.3,133.35,44857
KINGFA,20191105,690,707,670.05,682.8,3594
KIOCL,20191105,124.25,130,122.45,127.5,55859
KIRIINDUS,20191105,411.65,413,400,400.65,74737
KIRLOSBROS,20191105,145.1,149.7,143.1,148.1,16957
KIRLOSENG,20191105,170.25,173,167.5,168.2,14886
KIRLOSIND,20191105,659.85,665,651.1,659.5,983
KITEX,20191105,87.55,87.55,84.7,85.85,162572
KKCL,20191105,985.05,1000,976,988.3,561
KMSUGAR,20191105,6.8,6.8,6.35,6.45,41668
KNRCON,20191105,262,262,241,243.45,262304
KOHINOOR,20191105,9.95,9.95,9.9,9.95,22510
KOKUYOCMLN,20191105,77.8,77.8,74.3,74.65,35969
KOLTEPATIL,20191105,257.6,257.6,252,254.65,16775
KOPRAN,20191105,31.85,31.85,30,30.15,50755
KOTAKBANK,20191105,1568.6,1569.75,1550.3,1553.9,2263394
KOTAKBKETF,20191105,311.53,311.7,308.4,309.45,64629
KOTAKGOLD,20191105,341.55,342.9,340.5,342.3,11201
KOTAKNIFTY,20191105,123.1,123.55,122.6,123.22,25714
KOTAKNV20,20191105,59.1,60,58.77,59.04,7551
KOTAKPSUBK,20191105,253,258,249,251.65,10737
KOTARISUG,20191105,10.45,10.45,10.2,10.35,11156
KOTHARIPET,20191105,16.9,17.6,16.6,16.75,5844
KOTHARIPRO,20191105,62,64.3,61.35,61.5,12736
KPITTECH,20191105,92.4,92.8,88.55,92.1,140267
KPRMILL,20191105,660.05,660.05,645.5,648.5,11355
KRBL,20191105,220.05,222,209.2,211.6,413046
KREBSBIO,20191105,89,89,86.2,87.9,277
KRIDHANINF,20191105,4.3,4.7,4.3,4.7,89242
KRISHANA,20191105,53.05,55,53,55,516
KSB,20191105,688.95,699.4,688.95,695.05,11541
KSCL,20191105,531,533.75,526,527.25,58086
KSERASERA,20191105,0.1,0.1,0.05,0.1,444855
KSK,20191105,0.6,0.65,0.55,0.65,958247
KSL,20191105,215.95,217.5,204.6,212.3,81088
KTIL,20191105,34.65,34.65,30.05,31.65,2600
KTKBANK,20191105,80.25,80.25,77.8,78.2,475440
KUANTUM,20191105,460.05,470,455.05,470,204
KWALITY,20191105,2.8,2.8,2.8,2.8,206260
L&TFH,20191105,96.8,98.1,95,95.4,7107244
LAKSHVILAS,20191105,17.75,17.75,17.75,17.75,297255
LALPATHLAB,20191105,1450.2,1497.8,1448.95,1464.35,130192
LAMBODHARA,20191105,32.85,33.05,30.1,31,12364
LAOPALA,20191105,169,170,163.7,166.05,29170
LASA,20191105,19.25,19.25,18.05,18.35,23909
LAURUSLABS,20191105,375,381.5,368.65,370.7,108061
LAXMIMACH,20191105,3550,3590.2,3501,3505.55,3457
LEMONTREE,20191105,63,63.7,61.15,62.05,682290
LFIC,20191105,55.6,55.6,51,51.05,17
LGBBROSLTD,20191105,303,305,296,297.95,44735
LGBFORGE,20191105,2.5,2.75,2.4,2.45,121739
LIBAS,20191105,52.9,53,48.05,51.6,40951
LIBERTSHOE,20191105,126,126.05,121,122.45,106007
LICHSGFIN,20191105,422,426.4,415.15,419.85,3009767
LICNETFGSC,20191105,21.05,21.8,21.01,21.2,2404
LICNETFN50,20191105,125.5,125.5,122.05,122.79,230
LICNFNHGP,20191105,124,126,124,125,7
LINCOLN,20191105,162.7,165,158.5,159.2,24646
LINCPEN,20191105,195,210,191.15,204.15,12669
LINDEINDIA,20191105,565.05,575.5,555.1,562.15,13596
LIQUIDBEES,20191105,1000,1000.01,999.99,999.99,648312
LIQUIDETF,20191105,999.99,1000.01,999.99,999.99,45167
LOKESHMACH,20191105,34.8,35.8,34.55,35.05,4990
LOTUSEYE,20191105,20.3,21.15,20.1,20.65,4601
LOVABLE,20191105,71.85,71.85,68,68.65,14627
LPDC,20191105,1.9,1.9,1.8,1.8,707
LSIL,20191105,0.5,0.6,0.45,0.5,3589441
LT,20191105,1455,1459.6,1432,1439.8,2401916
LTI,20191105,1661,1673,1661,1667.35,59607
LTTS,20191105,1502,1510,1489.65,1501.05,125081
LUMAXIND,20191105,1288.95,1290,1265.15,1272.9,1438
LUMAXTECH,20191105,95.1,106.35,94.9,100.9,143300
LUPIN,20191105,762.5,764.9,748.35,754.95,851794
LUXIND,20191105,1219.9,1225,1192.3,1211.4,44139
LYKALABS,20191105,17.5,18,17,17,2382
LYPSAGEMS,20191105,4.4,4.4,4.15,4.2,8568
M&M,20191105,583.3,590.6,577.1,580.15,2653917
M&MFIN,20191105,359,365.7,345.5,348.6,1631049
M100,20191105,17.79,17.79,17.45,17.48,79550
M50,20191105,116.49,116.9,116.33,116.55,151
MAANALU,20191105,67.6,67.6,63.25,64.15,5048
MADHAV,20191105,24.8,25.45,23.25,24.2,9258
MADHUCON,20191105,4.75,4.75,4.35,4.4,36859
MADRASFERT,20191105,20.9,20.9,20.3,20.5,183122
MAGADSUGAR,20191105,112.9,117.45,108.3,112.85,19916
MAGMA,20191105,53.05,53.4,51,51.6,63782
MAGNUM,20191105,3.6,3.6,3.45,3.6,1520
MAHABANK,20191105,13.1,13.15,12.5,12.6,730224
MAHAPEXLTD,20191105,82.85,90.9,82.85,82.85,65
MAHASTEEL,20191105,161.95,161.95,150.55,154.4,8959
MAHESHWARI,20191105,245,245,237,238.45,30780
MAHINDCIE,20191105,153.35,155.5,150.1,152.6,155581
MAHLIFE,20191105,402.65,410,400.2,402.45,49376
MAHLOG,20191105,360,375,354,372.7,131442
MAHSCOOTER,20191105,4612.9,4725,4606.1,4706.15,6573
MAHSEAMLES,20191105,378.45,382.45,370.25,372.2,5875
MAITHANALL,20191105,460.85,472.05,452.25,455.65,21358
MAJESCO,20191105,418,430,416,422.15,10812
MALUPAPER,20191105,25.35,25.35,24.25,24.4,17880
MAN50ETF,20191105,121.2,121.2,120.55,120.55,1324
MANAKALUCO,20191105,4.45,4.8,4.35,4.4,4362
MANAKCOAT,20191105,3.9,4,3.75,4,2100
MANAKSIA,20191105,38.9,39.45,37.5,38.35,41858
MANAKSTEEL,20191105,11.4,11.45,10.55,10.75,14897
MANALIPETC,20191105,18.75,18.85,17.9,18,151696
MANAPPURAM,20191105,170,171.25,166,168.15,3368530
MANGALAM,20191105,39.55,39.55,35.85,35.85,72639
MANGCHEFER,20191105,30.3,30.3,29,29.1,26299
MANGLMCEM,20191105,326.1,329.55,318.1,320.05,11440
MANGTIMBER,20191105,5.4,5.55,5.4,5.55,8204
MANINDS,20191105,47.35,47.35,44,44.45,65737
MANINFRA,20191105,26.1,26.7,25.15,25.4,74372
MANUGRAPH,20191105,16.25,16.3,15.45,15.65,5244
MARALOVER,20191105,27,28.45,24.8,25.35,24081
MARATHON,20191105,83.3,83.3,76.7,77.3,1597
MARICO,20191105,365.6,367,360.5,366.4,2459875
MARKSANS,20191105,15.65,15.8,14.85,15,846900
MARUTI,20191105,7429.95,7541.95,7325,7389,1207089
MASFIN,20191105,729.9,730.65,702.05,707.45,33558
MASTEK,20191105,339.7,339.8,331,332.55,12656
MATRIMONY,20191105,500.05,531.95,500.05,519.45,6339
MAWANASUG,20191105,35.6,35.6,34.7,35.2,81367
MAXINDIA,20191105,77.5,84.45,77.3,79.3,2864736
MAXVIL,20191105,39.05,41.6,38.5,38.85,347663
MAYURUNIQ,20191105,215.8,219,214.25,217.55,11811
MAZDA,20191105,355,365,355,355.3,14342
MBAPL,20191105,75,75,73,73.5,300
MBECL,20191105,3.9,3.9,3.75,3.75,14718
MBLINFRA,20191105,5.75,5.75,5.25,5.5,18661
MCDHOLDING,20191105,18.25,18.75,17.8,17.95,6454
MCDOWELL-N,20191105,635,637,625,628.8,896428
MCLEODRUSS,20191105,7.6,7.7,7.25,7.35,254192
MCX,20191105,1180.65,1189,1140,1149,541301
MEGASOFT,20191105,7.1,7.35,6.9,7.05,2501
MEGH,20191105,53.8,56.2,53.1,55.65,1710353
MELSTAR,20191105,0.9,0.9,0.9,0.9,420
MENONBE,20191105,58.9,59.5,57.3,57.75,8735
MEP,20191105,29,34.2,28.7,32.9,329134
MERCATOR,20191105,1.15,1.15,1.15,1.15,237105
METALFORGE,20191105,8.55,8.55,8.55,8.55,10863
METROPOLIS,20191105,1462.9,1462.9,1413.7,1438.95,14837
MFSL,20191105,431,442.35,423.05,428.7,1942276
MGL,20191105,982.7,991.95,954.25,959.7,675833
MHRIL,20191105,240,252,237,245.2,646634
MIC,20191105,0.65,0.7,0.65,0.7,43520
MIDHANI,20191105,172.6,174,162.6,167,723726
MINDACORP,20191105,96,103.2,95.55,101.7,1067883
MINDAIND,20191105,364.2,367.9,356.45,360.05,56426
MINDTECK,20191105,31.55,33,31.55,32.3,691
MINDTREE,20191105,717.85,719.1,701.2,710.05,600260
MIRCELECTR,20191105,8,8.3,7.8,8.3,303728
MIRZAINT,20191105,61,61,58.65,58.85,128949
MMFL,20191105,412,415.85,400,406,102257
MMTC,20191105,19.65,19.7,18.7,19.05,890580
MOHITIND,20191105,4.75,4.75,4.75,4.75,200
MOHOTAIND,20191105,9.55,9.95,9.1,9.15,9946
MOIL,20191105,142.85,146.25,141.5,142.9,582721
MOLDTECH,20191105,51.1,52.5,51.05,51.8,2269
MOLDTKPAC,20191105,304.35,307.45,303.3,304.95,23658
MONTECARLO,20191105,243.9,243.95,234.55,235.3,11368
MORARJEE,20191105,12.5,14.45,12.5,14.45,5869
MOREPENLAB,20191105,17.1,17.3,16.8,16.9,288522
MOTHERSUMI,20191105,123.05,129.8,122.65,126.5,14558708
MOTILALOFS,20191105,693.15,696.75,666.2,672.2,73512
MOTOGENFIN,20191105,35.95,35.95,34,35.95,52
MPHASIS,20191105,937.05,940.4,913,914.6,168201
MPSLTD,20191105,588,592.9,587,588.85,46692
MRF,20191105,64738,65200.85,63231.4,63855.75,5484
MRO-TEK,20191105,29.2,29.25,27,29,5618
MRPL,20191105,51.95,51.95,50.15,50.4,540818
MSPL,20191105,5.75,5.75,5.35,5.75,4831
MSTCLTD,20191105,118.65,123,116.4,119.65,495612
MTEDUCARE,20191105,24.65,24.65,24,24.6,75414
MTNL,20191105,8.85,8.85,8.85,8.85,1190316
MUKANDENGG,20191105,12.7,12.7,11.5,12.25,12347
MUKANDLTD,20191105,34.35,35.95,34.05,34.1,6075
MUKTAARTS,20191105,40.9,40.95,39.5,39.95,16470
MUNJALAU,20191105,45.4,50.4,43.75,46.4,1079780
MUNJALSHOW,20191105,138.35,144.15,135.45,137.8,27637
MURUDCERA,20191105,15.9,16.3,15.5,15.65,30592
MUTHOOTCAP,20191105,460.05,479,455,478,36977
MUTHOOTFIN,20191105,706.4,710.15,700,704.5,240137
MVL,20191105,0.1,0.1,0.05,0.1,203486
N100,20191105,569.95,574.9,566,574.03,24651
NACLIND,20191105,30,30.5,28.5,28.65,51775
NAGAFERT,20191105,3.5,3.5,3.5,3.5,97629
NAGAROIL,20191105,0.25,0.25,0.2,0.25,211753
NAGREEKCAP,20191105,7.3,7.3,7,7,1000
NAGREEKEXP,20191105,15.35,15.5,14.65,15.1,3515
NAHARCAP,20191105,74,75,72.5,74.7,3532
NAHARINDUS,20191105,26.2,27.35,25.75,26.75,3391
NAHARPOLY,20191105,35,35.3,34,34.75,3188
NAHARSPING,20191105,53.8,54.5,51.5,52.05,7952
NATCOPHARM,20191105,591.9,597.5,583,586.25,73045
NATHBIOGEN,20191105,330.55,339,330.55,332.7,5244
NATIONALUM,20191105,47.05,48,46.55,46.65,8195194
NATNLSTEEL,20191105,1.9,1.9,1.85,1.85,5420
NAUKRI,20191105,2539.9,2562,2444.05,2492,217982
NAVINFLUOR,20191105,890,896.5,848.05,867.25,51161
NAVKARCORP,20191105,36.3,36.7,35.55,35.9,95104
NAVNETEDUL,20191105,101.3,103.5,100.5,101.05,46839
NBCC,20191105,38.65,38.7,36.65,37.2,12134315
NBIFIN,20191105,1531,1599.9,1419.9,1437.65,1100
NBVENTURES,20191105,73.95,76.9,71.25,72.3,113612
NCC,20191105,58,59.25,54.65,58.1,41977182
NCLIND,20191105,94.1,95.6,93,93.7,177993
NDGL,20191105,570,574.5,559.95,572.9,369
NDL,20191105,34,34.2,32.1,33.95,13847
NDTV,20191105,33.25,33.95,31.7,32.35,8516
NECCLTD,20191105,5.45,5.55,5.15,5.2,21640
NECLIFE,20191105,14.9,15.25,14.05,14.2,100458
NELCAST,20191105,43.2,45.85,43.2,44.85,105967
NELCO,20191105,250.9,250.9,242.6,244.45,25151
NEOGEN,20191105,388.9,390.95,376.2,380.1,9638
NESCO,20191105,566.1,570,559.4,559.8,23072
NESTLEIND,20191105,14840,14885,14605.4,14650.2,83265
NETF,20191105,121.32,121.32,121.32,121.32,2
NETFCONSUM,20191105,54.76,54.81,54.16,54.37,3405
NETFDIVOPP,20191105,30.29,30.53,30.29,30.53,133
NETFLTGILT,20191105,20.13,20.13,20.11,20.11,81900
NETFMID150,20191105,63,63,61.52,62,36794
NETFNIF100,20191105,125,125,123.45,123.45,202
NETFNV20,20191105,592.14,596.38,588,588.07,740
NETWORK18,20191105,23.8,24.15,22.8,22.95,270452
NEULANDLAB,20191105,501.9,505,491.5,495.35,13255
NEWGEN,20191105,181,189.5,179.05,183.9,67978
NEXTMEDIA,20191105,13.25,13.25,11.55,11.55,24583
NFL,20191105,29.9,29.9,28.7,29.15,400301
NH,20191105,278.2,288.8,276.25,286.15,141484
NHPC,20191105,23.6,23.95,23.6,23.7,1546510
NIACL,20191105,162,164,154.65,155.85,362664
NIBL,20191105,7.95,8.4,7.6,7.6,5677
NIFTYBEES,20191105,1265.95,1265.95,1257.14,1260.59,35932
NIFTYEES,20191105,15400,15400,15000,15000,12
NIITLTD,20191105,97.95,98.5,96.75,97.45,224532
NIITTECH,20191105,1585.1,1586.7,1556.45,1559.35,109969
NILAINFRA,20191105,5.05,5.1,4.75,4.85,80548
NILASPACES,20191105,1.3,1.35,1.3,1.35,32923
NILKAMAL,20191105,1280.05,1280.05,1235.1,1240,13648
NIPPOBATRY,20191105,436,456.6,436,443.35,579
NITCO,20191105,23.6,24.4,23.3,23.45,70643
NITINSPIN,20191105,56.9,56.9,54.4,54.75,12889
NKIND,20191105,27.25,27.25,27.25,27.25,300
NLCINDIA,20191105,58,58.4,55.75,56.05,372558
NMDC,20191105,110,112.35,109.8,111.65,3085676
NOCIL,20191105,113.45,117.8,109,110.4,2185409
NOIDATOLL,20191105,4,4.25,3.95,4.05,16761
NPBET,20191105,168.66,168.96,167.45,168.14,141
NRAIL,20191105,233.6,233.6,225,226.5,2819
NRBBEARING,20191105,106.5,111,105,106.95,266246
NSIL,20191105,890,902.85,839,839.55,827
NTL,20191105,0.4,0.45,0.35,0.35,10727
NTPC,20191105,120.2,121.5,119.55,120.6,6156847
NUCLEUS,20191105,314.5,314.5,304,305.6,6695
OAL,20191105,200.4,205,191.5,194.95,3108
OBEROIRLTY,20191105,501,505.75,495.6,500.1,267745
OCCL,20191105,999.9,1005.9,985,990.5,3270
OFSS,20191105,3146.35,3161,3125,3130.4,6608
OIL,20191105,172,172.2,167.05,169.5,307740
OILCOUNTUB,20191105,6.75,6.75,6.5,6.55,7695
OISL,20191105,4.25,4.65,4.25,4.3,44875
OLECTRA,20191105,193.45,195,190,190.5,58219
OMAXAUTO,20191105,51.4,52.5,48.6,49.15,28220
OMAXE,20191105,184.9,187.9,184.65,184.8,64294
OMKARCHEM,20191105,4.5,4.85,4.5,4.85,20350
OMMETALS,20191105,20.5,21.1,20.35,20.9,74263
ONELIFECAP,20191105,5.75,5.75,5.75,5.75,1065
ONEPOINT,20191105,14.95,15,12.2,13.6,4643
ONGC,20191105,148.2,148.75,145,146.35,7883507
ONMOBILE,20191105,35,38.2,34.4,36.35,523853
ONWARDTEC,20191105,66.25,68.9,61.25,66,27532
OPTIEMUS,20191105,44.2,44.2,44.2,44.2,882
OPTOCIRCUI,20191105,4.3,4.4,4.15,4.2,427872
ORBTEXP,20191105,87.15,92,86.95,91.2,3748
ORICONENT,20191105,20.8,21.1,20.25,20.5,13113
ORIENTABRA,20191105,19.95,21.35,19.45,19.95,85385
ORIENTALTL,20191105,13.5,13.5,13.3,13.4,1546
ORIENTBANK,20191105,56,56.6,54.1,54.4,881809
ORIENTBELL,20191105,121.65,129.8,121.05,128.55,31941
ORIENTCEM,20191105,80.25,82,80.25,81.6,136600
ORIENTELEC,20191105,199,199.9,192.5,194.05,544034
ORIENTHOT,20191105,36.5,37,36,36.05,22683
ORIENTLTD,20191105,108.05,115.95,101.05,101.45,1246
ORIENTPPR,20191105,27.35,27.5,27,27.05,169538
ORIENTREF,20191105,215.25,224.95,215.25,221.3,35107
ORISSAMINE,20191105,1242,1280,1156.5,1208.05,122224
ORTINLABSS,20191105,9.85,10.6,9.85,10.6,32324
OSWALAGRO,20191105,6.05,6.5,5.9,5.95,11350
PAEL,20191105,3.95,3.95,3.9,3.95,6397
PAGEIND,20191105,24655,24762.65,24055,24157.15,15354
PAISALO,20191105,467.2,472,456.6,464.2,16387
PALASHSECU,20191105,33.8,33.85,33.8,33.85,103
PALREDTEC,20191105,21.6,23.3,21.35,21.35,6786
PANACEABIO,20191105,138,140.9,135.55,136.7,21125
PANAMAPET,20191105,72.75,72.75,67.5,67.85,37188
PAPERPROD,20191105,246.95,250,245,245.5,12935
PARABDRUGS,20191105,1.2,1.2,1.2,1.2,8301
PARACABLES,20191105,9.45,9.45,8.85,9.1,74285
PARAGMILK,20191105,144.85,147,136.5,137.3,355301
PARSVNATH,20191105,2.5,2.5,2.4,2.45,175943
PATELENG,20191105,16.85,16.85,16.75,16.85,221693
PATINTLOG,20191105,24.45,24.95,23,23.25,15307
PATSPINLTD,20191105,6.25,6.95,5.85,6,1653
PCJEWELLER,20191105,32.5,32.9,31.8,32.35,3674218
PDMJEPAPER,20191105,17.05,17.4,16.3,16.75,102070
PDPL,20191105,2.75,2.75,2.65,2.65,414
PDSMFL,20191105,320,320,316.05,320,2936
PEARLPOLY,20191105,9.75,10.4,9.75,9.75,5953
PEL,20191105,1739.95,1758,1705,1714.8,1043878
PENIND,20191105,29.65,30.5,27.6,27.9,331197
PENINLAND,20191105,4.5,4.8,4.35,4.5,352880
PERSISTENT,20191105,610,610,590.15,598.9,503651
PETRONENGG,20191105,6.4,6.4,6.4,6.4,100
PETRONET,20191105,287,288.75,281.55,284.95,2960869
PFC,20191105,112.5,113.25,110.05,111.9,4674551
PFIZER,20191105,4073.9,4099.95,4024.1,4055.75,19964
PFOCUS,20191105,65.65,67,62.7,65.7,25035
PFS,20191105,13.75,14.1,13.35,13.45,376658
PGEL,20191105,42.8,44.5,42.3,42.9,52668
PGHH,20191105,12190,12190,11761,11881.4,5064
PGHL,20191105,4679.8,4728,4622.1,4673.85,12164
PGIL,20191105,157.05,157.05,151.45,154.3,772
PHILIPCARB,20191105,127.9,128.5,120.3,120.95,1099438
PHOENIXLTD,20191105,715,725,698.45,705.25,147833
PIDILITIND,20191105,1405,1405,1377,1388.8,425650
PIIND,20191105,1389.5,1420.15,1369,1385.4,93176
PILANIINVS,20191105,1849,1849,1775,1796.95,4582
PILITA,20191105,5.6,5.65,5.1,5.35,43043
PIONDIST,20191105,128.05,132.35,127.2,130.2,5713
PIONEEREMB,20191105,29.55,29.7,28.4,28.75,5434
PIRPHYTO,20191105,22,22.25,21.15,22,4126
PITTIENG,20191105,42.05,43.9,41.5,41.7,20386
PKTEA,20191105,139.9,140,132,137.9,163
PLASTIBLEN,20191105,177,177.9,171.6,172.15,1050
PNB,20191105,69,69.55,64.25,64.75,80019705
PNBGILTS,20191105,29.2,30.4,29.05,29.8,204620
PNBHOUSING,20191105,565,583.8,562,568.3,1182553
PNC,20191105,15,15,14.05,14.7,319
PNCINFRA,20191105,168.3,172.8,166.5,170.7,86537
PODDARHOUS,20191105,413,413,400,400,73
PODDARMENT,20191105,175.9,177.9,171.2,173.9,2279
POKARNA,20191105,165.2,172.4,165.2,170.15,15711
POLYCAB,20191105,849.75,870,845,859.85,211894
POLYMED,20191105,203,205.25,195.4,203.5,8658
POLYPLEX,20191105,502,508,487.85,490.65,36314
PONNIERODE,20191105,122.9,124.9,115.2,115.55,1666
POWERGRID,20191105,194.75,196.5,193.9,195.4,4586524
POWERMECH,20191105,710.05,710.05,675,676.1,3620
PPAP,20191105,188.05,192,187,187.35,8887
PPL,20191105,83,84.5,79.2,79.95,47638
PRABHAT,20191105,88.3,88.5,86.1,87.75,24876
PRADIP,20191105,0.6,0.6,0.6,0.6,551
PRAENG,20191105,7,7.15,6.7,6.85,6739
PRAJIND,20191105,110.6,110.7,107.4,108.25,638899
PRAKASH,20191105,55.2,55.3,51.75,52.15,410194
PRAKASHSTL,20191105,0.2,0.2,0.2,0.2,100957
PRAXIS,20191105,64,64.25,61.3,64,5782
PRECAM,20191105,36,37.35,34.35,34.95,230303
PRECOT,20191105,30,30.75,28.65,30,1503
PRECWIRE,20191105,186.35,192,186.35,190.25,8007
PREMEXPLN,20191105,169.9,170.95,165.85,166.4,3645
PREMIER,20191105,2.4,2.5,2.3,2.3,1479
PREMIERPOL,20191105,20,20,18.3,18.5,61
PRESSMN,20191105,21.5,21.7,20.65,21.1,7529
PRESTIGE,20191105,307,307,296.5,299.9,435105
PRICOLLTD,20191105,33.6,36.4,33.3,34.6,79216
PRIMESECU,20191105,49.5,50.85,48,49.75,72839
PROSEED,20191105,0.25,0.3,0.25,0.25,12550
PROVOGE,20191105,0.95,0.95,0.95,0.95,12570
PROZONINTU,20191105,20.6,21.85,20.6,21.45,44851
PRSMJOHNSN,20191105,84.5,85.7,76.85,77.9,789288
PSB,20191105,20.7,20.9,20.15,20.2,72787
PSL,20191105,0.55,0.6,0.5,0.6,65114
PSPPROJECT,20191105,541.7,548,540,542.3,20810
PSUBNKBEES,20191105,285,286.6,278,279.42,4403
PTC,20191105,59.6,59.9,56.8,57.15,644687
PTL,20191105,38,38,37.05,37.15,10736
PUNJABCHEM,20191105,535,544.95,525.1,532.15,685
PURVA,20191105,66.3,66.3,62,62.45,73969
PVR,20191105,1741,1769.9,1695,1763.25,897297
QGOLDHALF,20191105,1699,1701,1698,1699,785
QNIFTY,20191105,1226,1227,1222.5,1225.5,26
QUESS,20191105,496,521.75,496,510.55,404850
QUICKHEAL,20191105,130.4,131.1,126.5,127.55,55491
RADICO,20191105,335,337.65,325.25,327.65,271513
RADIOCITY,20191105,31.95,33,29.3,29.95,51428
RAIN,20191105,102.5,103.75,98.4,99.5,796234
RAJESHEXPO,20191105,675.5,680.95,672.5,674.45,745720
RAJSREESUG,20191105,17.4,18.2,17.35,17.75,16327
RAJTV,20191105,44.4,44.4,41.5,44,5720
RALLIS,20191105,172.9,172.9,168,169.55,162942
RAMANEWS,20191105,15.8,16,15.3,15.85,18126
RAMASTEEL,20191105,49.8,49.8,47.9,48.2,5839
RAMCOCEM,20191105,805,811.55,787.1,791.05,237942
RAMCOIND,20191105,193,195,189.5,191.9,33765
RAMCOSYS,20191105,168.4,168.4,156.75,157.9,47709
RAMKY,20191105,49.95,49.95,47.4,47.65,48781
RANASUG,20191105,2.7,2.8,2.55,2.6,479109
RANEENGINE,20191105,212.9,217,207.8,207.9,4341
RANEHOLDIN,20191105,881.75,895,878,886.95,4153
RATNAMANI,20191105,1000,1000,928.9,942.75,23728
RAYMOND,20191105,601.7,614.9,593.55,597.85,501851
RBL,20191105,513,525,502.3,514.25,9762
RBLBANK,20191105,312.95,316.2,296,299.1,10999661
RCF,20191105,54.2,54.3,52.4,52.6,975292
RCOM,20191105,0.7,0.7,0.65,0.7,11116468
RECLTD,20191105,140.8,141.8,136.15,137.4,4295472
REDINGTON,20191105,117.9,121,114.05,115.65,351891
REFEX,20191105,50.3,51.8,47.25,47.25,187346
REGENCERAM,20191105,1.75,1.75,1.75,1.75,905
RELAXO,20191105,568,569.9,559.55,563.9,128022
RELCAPITAL,20191105,22.3,22.3,21.3,22.3,7121113
RELIANCE,20191105,1463.1,1468.95,1441,1447.3,5799318
RELIGARE,20191105,51.4,52.35,49,52.35,1527665
RELINFRA,20191105,40.45,40.45,40.45,40.45,1524853
REMSONSIND,20191105,86.1,87,82.25,83.8,14496
RENUKA,20191105,8,8.1,7.7,7.8,520250
REPCOHOME,20191105,300.95,312.85,296.35,298.2,55237
REPRO,20191105,630,699.9,602.2,643.65,32333
RESPONIND,20191105,93,93.35,90.1,91.2,122831
REVATHI,20191105,347.45,387,347.45,375.2,551
RGL,20191105,253.95,254.65,251,251.95,1766
RHFL,20191105,5.5,5.5,5.25,5.5,1220451
RICOAUTO,20191105,47.35,54,47.35,49.5,1345430
RIIL,20191105,295.5,296.5,282.5,285.3,259481
RITES,20191105,286.6,288.25,282,284,211898
RKDL,20191105,5.85,6,5.85,6,595
RKFORGE,20191105,306,316.3,290,293.45,216818
RMCL,20191105,4.05,4.05,3.8,3.8,52390
RML,20191105,262.5,268,256.85,258.55,7609
RNAM,20191105,347.75,357,330.2,332.2,3103732
RNAVAL,20191105,3.9,3.9,3.9,3.9,93549
ROHITFERRO,20191105,0.6,0.6,0.6,0.6,3191
ROHLTD,20191105,86,86.05,82.5,83.55,43828
ROLLT,20191105,2.1,2.1,2,2.1,3439
ROLTA,20191105,5.55,5.55,5.05,5.1,147000
ROSSELLIND,20191105,64.75,64.8,62.15,64.35,1061
RPGLIFE,20191105,319,319,290.1,293.4,413460
RPOWER,20191105,4,4,3.7,4,43734509
RPPINFRA,20191105,90.6,92.8,86.05,90.05,18062
RSSOFTWARE,20191105,24.2,24.2,22.25,23.25,14091
RSWM,20191105,104.3,106.1,103.7,105,13531
RSYSTEMS,20191105,52.4,52.4,51,51.2,22959
RTNINFRA,20191105,1.45,1.45,1.4,1.45,258702
RTNPOWER,20191105,1.7,1.7,1.6,1.65,1986650
RUBYMILLS,20191105,184,184,172.05,177.5,883
RUCHINFRA,20191105,1.9,1.9,1.9,1.9,400
RUCHIRA,20191105,81.25,82.8,79.7,80.5,39899
RUCHISOYA,20191105,3.45,3.6,3.35,3.6,1190614
RUPA,20191105,184.85,186.4,181.1,182.5,16806
RUSHIL,20191105,98.35,98.35,95.1,96.3,5625
RVNL,20191105,24.75,24.75,23.95,24,4367930
SABTN,20191105,1.6,1.65,1.55,1.55,7410
SADBHAV,20191105,135,135.7,130,130.85,30504
SADBHIN,20191105,42.65,42.65,40.25,41.15,6625
SAFARI,20191105,579,579,561.2,574.05,1772
SAGARDEEP,20191105,54.85,59,54.85,56.9,12274
SAGCEM,20191105,585,600,571.3,585.2,4308
SAIL,20191105,40.2,40.75,38.8,39.1,29697013
SAKAR,20191105,51.5,52.25,51,52.25,17714
SAKHTISUG,20191105,8.5,8.55,8.15,8.4,28737
SAKSOFT,20191105,240,242.1,240,240.1,5268
SAKUMA,20191105,7.15,7.15,6.9,7.05,167906
SALASAR,20191105,106.05,111.7,105.8,110.6,35294
SALONA,20191105,68.05,70.9,65,68.5,133
SALSTEEL,20191105,2.6,2.65,2.5,2.6,7403
SALZERELEC,20191105,126.05,126.7,124.1,125.05,5663
SAMBHAAV,20191105,3.9,3.9,3.4,3.4,30708
SANCO,20191105,16.1,16.55,15.5,15.9,27824
SANDESH,20191105,615,624.75,608,610,636
SANDHAR,20191105,234,249,232.35,243.8,25152
SANGAMIND,20191105,41,46.35,40.25,44.05,35502
SANGHIIND,20191105,44.35,44.7,43.95,44,228722
SANGHVIMOV,20191105,78.75,78.9,73.55,74,52517
SANGINITA,20191105,153.85,153.85,140.85,147.7,95709
SANOFI,20191105,6770,6771.85,6600,6638.4,6899
SANWARIA,20191105,2,2,1.95,2,6438226
SARDAEN,20191105,193,194.8,185.6,189.1,48245
SAREGAMA,20191105,415.7,420.05,392.4,397.8,14947
SARLAPOLY,20191105,21.25,21.6,19.8,19.95,163707
SASKEN,20191105,607,657,601.95,621.35,45320
SASTASUNDR,20191105,90,90,82.1,87,1130
SATHAISPAT,20191105,3.3,3.3,3,3.15,61301
SATIA,20191105,78.25,84.9,75.05,80.6,65636
SATIN,20191105,229.85,232,226.6,229.6,35904
SBIETFQLTY,20191105,104,104,101.19,102.17,2299
SBILIFE,20191105,1000,1003,966.1,969.8,1230007
SBIN,20191105,313.9,322,312.8,319.2,50080853
SCAPDVR,20191105,0.45,0.45,0.4,0.45,26537
SCHAEFFLER,20191105,4207.05,4258,4180,4251.25,4531
SCHAND,20191105,71.9,74.9,70.1,71.5,71061
SCHNEIDER,20191105,77.95,80.55,75.4,76.05,65462
SCI,20191105,60,60.65,58.45,59.3,2754473
SDBL,20191105,115.25,121.9,115.25,119.8,11925
SEAMECLTD,20191105,375,389.95,375,381.7,2874
SELAN,20191105,150.5,152.7,146,148.1,109987
SELMCL,20191105,0.7,0.75,0.65,0.7,68633
SEPOWER,20191105,3.1,3.35,2.95,3.3,13565
SEQUENT,20191105,77.35,77.35,73.8,74.15,139238
SESHAPAPER,20191105,178.05,181.9,176.05,177.75,12419
SETCO,20191105,15.9,16.4,15.1,15.2,193320
SETF10GILT,20191105,188.95,200,187,187.09,1569
SETFGOLD,20191105,3479.55,3488,3471,3480.9,707
SETFNIF50,20191105,125.3,136.3,122.16,122.53,47107
SETFNIFBK,20191105,312.4,315,304.5,305.61,14720
SETFNN50,20191105,296,297.83,292,293.17,7845
SETUINFRA,20191105,1.5,1.5,1.45,1.45,35734
SEYAIND,20191105,224.5,224.5,212.9,214.75,2189
SFL,20191105,1244.65,1253.85,1240,1245.7,3222
SGL,20191105,8.55,8.55,7.85,8.15,14537
SHAHALLOYS,20191105,8.55,8.85,8.3,8.8,1406
SHAKTIPUMP,20191105,260,264.45,258.6,261.9,23263
SHALBY,20191105,118.7,122,112,113.95,70256
SHALPAINTS,20191105,104,104.9,96.7,97.75,168135
SHANKARA,20191105,369.35,376.05,350.1,355.45,33118
SHANTIGEAR,20191105,104.5,104.5,100.85,101,11958
SHARDACROP,20191105,279,284.85,275.1,275.7,3636
SHARDAMOTR,20191105,1134.9,1134.9,1101.05,1110.15,1038
SHARIABEES,20191105,264.9,264.9,260.8,262,52
SHEMAROO,20191105,175.1,181,175.1,176.95,3294
SHILPAMED,20191105,333.6,333.6,305.9,310.15,49259
SHIRPUR-G,20191105,7.65,7.65,7.05,7.05,33657
SHIVAMAUTO,20191105,24.1,26.9,23.55,26.15,292264
SHIVAMILLS,20191105,34,39.45,34,35.25,7493
SHIVATEX,20191105,122,123,115.05,117.55,2073
SHK,20191105,126,128.35,125.25,126.4,17238
SHOPERSTOP,20191105,381.65,381.85,368,370.75,9926
SHREDIGCEM,20191105,21.3,22.45,20.75,21.75,530502
SHREECEM,20191105,20199,20199,19791.55,19829.3,17968
SHREEPUSHK,20191105,98.9,99.45,96.75,98.05,11215
SHREERAMA,20191105,3.65,3.8,3.65,3.8,3
SHRENIK,20191105,59.7,59.8,57.1,57.95,47431
SHREYANIND,20191105,125,125,119,120.8,14088
SHREYAS,20191105,81.05,83.45,79.3,81.1,3792
SHRIPISTON,20191105,763,763,700.2,758,80
SHRIRAMCIT,20191105,1330.2,1337.85,1321.1,1324.3,5234
SHRIRAMEPC,20191105,7.7,7.75,7.45,7.45,262437
SHYAMCENT,20191105,2.7,2.8,2.65,2.75,12133
SICAGEN,20191105,17.95,18.25,17.4,18.25,7246
SICAL,20191105,21.5,21.5,21.5,21.5,16454
SIEMENS,20191105,1679.5,1686.05,1640.2,1677.4,440520
SIGIND,20191105,23.2,23.65,22.45,23,17220
SIL,20191105,10.7,11.2,10.65,11.2,161
SILINV,20191105,143.6,149,143.6,145.9,1242
SIMBHALS,20191105,7,7,6.5,6.8,2568
SIMPLEXINF,20191105,56.4,56.95,55.5,56.05,333163
SINTEX,20191105,0.7,0.7,0.7,0.7,1660179
SIRCA,20191105,183.85,183.95,175.05,179.6,8244
SIS,20191105,911.7,912,888,891.5,4188
SITINET,20191105,1.75,1.75,1.75,1.75,6405
SIYSIL,20191105,253,259.25,245,250.7,8113
SJVN,20191105,24.5,25.3,24.35,24.5,3328210
SKFINDIA,20191105,2160.1,2174.95,2156.85,2160.55,7797
SKIL,20191105,4.3,4.7,4.3,4.7,15330
SKIPPER,20191105,57.75,60,57.75,58.85,37590
SKMEGGPROD,20191105,41.3,44.5,40.35,43.1,122607
SMARTLINK,20191105,85.15,85.15,79.9,81.75,3879
SMLISUZU,20191105,560,563.95,551,553.75,10764
SMSLIFE,20191105,294.9,294.9,294.9,294.9,3086
SMSPHARMA,20191105,42.7,42.75,38.9,39.95,94449
SNOWMAN,20191105,39.95,40.3,38.05,38.3,174966
SOBHA,20191105,416.75,429.85,410.5,413.7,199300
SOLARA,20191105,418.45,419.95,410.4,417.05,11667
SOLARINDS,20191105,1052.3,1070.05,1052.3,1060.15,3802
SOMANYCERA,20191105,188,189.8,180.5,181.85,34945
SOMATEX,20191105,3.05,3.05,2.9,2.9,1304
SOMICONVEY,20191105,15.95,15.95,14.1,14.9,213
SONATSOFTW,20191105,315.3,318.5,312.1,313.9,83422
SORILINFRA,20191105,105.45,105.45,101.05,105.45,48175
SOTL,20191105,968.3,979.95,940,955.3,774
SOUTHBANK,20191105,11.25,11.3,10.9,10.95,5676814
SOUTHWEST,20191105,17,17.05,16.75,16.95,22051
SPAL,20191105,199.9,204.9,197,201.9,24282
SPANDANA,20191105,1147,1189.75,1140.9,1161.55,121048
SPARC,20191105,144.3,147.3,140.6,142.6,632029
SPCENET,20191105,1,1.05,1,1,50686
SPECIALITY,20191105,78.9,80.9,78.5,79.3,23198
SPENCERS,20191105,73,73.55,71,71.95,68684
SPENTEX,20191105,0.3,0.35,0.3,0.35,25256
SPIC,20191105,21.45,21.7,20.8,20.85,49989
SPICEJET,20191105,113.95,120.4,113,117,1966569
SPLIL,20191105,31.55,31.55,30.6,30.8,8934
SPMLINFRA,20191105,11.25,11.25,11.25,11.25,34885
SPTL,20191105,1.5,1.5,1.5,1.5,453310
SPYL,20191105,0.25,0.3,0.25,0.3,87720
SREEL,20191105,177.9,182.45,172.95,173.25,8236
SREINFRA,20191105,9.95,9.95,9.95,9.95,286840
SRF,20191105,2900,3064.7,2890,2957.45,1150812
SRHHYPOLTD,20191105,107.25,107.25,101.8,103.1,1452
SRIPIPES,20191105,180.7,181.3,174.3,175.45,60744
SRTRANSFIN,20191105,1139,1152.2,1128,1139.2,528009
SSWL,20191105,768.95,771.4,761.1,768.1,7691
STAMPEDE,20191105,0.65,0.7,0.65,0.7,132757
STAR,20191105,401.3,407.4,393.85,397.75,498156
STARCEMENT,20191105,95.9,97.4,95.25,95.65,108257
STARPAPER,20191105,107,108.2,104.6,105.3,36164
STCINDIA,20191105,68,68.6,66.1,66.85,49436
STEELCITY,20191105,30.05,31.5,30.05,30.65,6091
STEELXIND,20191105,11.95,12.35,11.6,11.8,109729
STEL,20191105,71.95,72.25,69.75,70.65,4057
STERTOOLS,20191105,180,191,178.05,185.95,9229
STINDIA,20191105,6.05,6.05,6.05,6.05,5
STRTECH,20191105,134.5,135,131,131.8,699463
SUBCAPCITY,20191105,5.3,5.3,5.3,5.3,3
SUBEX,20191105,5.25,5.6,5.15,5.45,590808
SUBROS,20191105,253,261.8,247.6,250.65,104458
SUDARSCHEM,20191105,432.1,435,402,404.85,559219
SUJANAUNI,20191105,0.2,0.2,0.15,0.15,168465
SUMEETINDS,20191105,1.95,2,1.9,2,79510
SUMIT,20191105,20.9,21,20.05,21,27101
SUMMITSEC,20191105,452.65,460,450,450.9,811
SUNCLAYLTD,20191105,2200,2200,2145,2169.9,1632
SUNDARAM,20191105,1.4,1.4,1.35,1.4,293938
SUNDARMFIN,20191105,1611.1,1613,1575,1583.35,9707
SUNDARMHLD,20191105,68.05,69.1,68.05,68.6,21353
SUNDRMBRAK,20191105,251.25,251.25,237.05,247.3,3697
SUNDRMFAST,20191105,464.8,467.45,455.55,464.95,418518
SUNFLAG,20191105,29.4,29.4,27.35,27.65,138523
SUNPHARMA,20191105,435.5,439.8,424.05,429.9,6719996
SUNTECK,20191105,431,437.95,425,436.3,105036
SUNTV,20191105,521,527.85,514.35,520,1398222
SUPERHOUSE,20191105,94.75,94.75,89.5,92.6,9078
SUPERSPIN,20191105,4.75,5.1,4.25,4.35,166173
SUPPETRO,20191105,174.95,177.5,173.45,174.6,8268
SUPRAJIT,20191105,185.95,185.95,181.1,183,31097
SUPREMEIND,20191105,1173,1190,1150,1152,30440
SURANASOL,20191105,6.2,6.2,5.9,5.9,8857
SURANAT&P,20191105,3.3,4,3.3,3.5,1997
SURYALAXMI,20191105,17.75,17.85,17,17.5,4370
SURYAROSNI,20191105,185.9,185.9,178.1,179.05,31500
SUTLEJTEX,20191105,29.15,30.55,29,30,55687
SUVEN,20191105,283,283.65,272.75,277.3,222617
SUZLON,20191105,3,3,2.8,2.85,16504464
SWANENERGY,20191105,103.95,104,102.45,103.5,71749
SWARAJENG,20191105,1159.9,1159.9,1120.55,1128.1,3402
SWELECTES,20191105,124,126,117.6,118,4158
SWSOLAR,20191105,560,560,553.1,556.75,37834
SYMPHONY,20191105,1269.6,1304,1252.55,1276.7,4974
SYNCOM,20191105,0.9,0.95,0.85,0.95,12566
SYNDIBANK,20191105,29.7,29.8,28.8,29,965725
SYNGENE,20191105,330.35,331.8,328.25,330.25,70919
TAINWALCHM,20191105,54.1,54.1,51.65,53.9,330
TAJGVK,20191105,174,175.9,168.55,174.55,130549
TAKE,20191105,116,116,113.1,113.75,87996
TALBROAUTO,20191105,118.95,128,116.7,120.9,17018
TALWALKARS,20191105,4.45,4.45,4.45,4.45,1790
TALWGYM,20191105,4.5,4.5,4.4,4.5,44742
TANLA,20191105,46.05,46.4,45.05,45.3,75423
TANTIACONS,20191105,1.05,1.05,1,1,1000
TARAPUR,20191105,4.25,4.5,4.25,4.25,1656
TARMAT,20191105,25.35,25.35,24,24.45,4374
TASTYBITE,20191105,10458.1,10459,10330.95,10341.45,135
TATACHEM,20191105,639,647,628.7,636.85,949765
TATACOFFEE,20191105,86.9,86.9,83.1,83.55,213016
TATACOMM,20191105,369.9,376.85,356.5,360.25,97913
TATAELXSI,20191105,828,831.9,807.1,809.7,451242
TATAGLOBAL,20191105,306.6,308.15,299.55,300.5,2621087
TATAINVEST,20191105,846.75,846.75,831.3,838.3,23397
TATAMETALI,20191105,609.9,620.1,601.15,606.65,110028
TATAMOTORS,20191105,173.25,175.75,169.95,172,36268596
TATAMTRDVR,20191105,80.3,81.5,79.05,80.05,5181567
TATAPOWER,20191105,60.1,60.15,58.45,58.7,5308306
TATASTEEL,20191105,414,417.9,401.6,403.95,20874434
TATASTLBSL,20191105,26,26.4,25.5,25.6,716259
TATASTLLP,20191105,418,418.35,402,404.15,24441
TBZ,20191105,43.25,45.9,42.9,45.3,324341
TCI,20191105,289.85,289.85,282.1,284.65,10225
TCIDEVELOP,20191105,348.65,350.05,348.65,350.05,4
TCIEXP,20191105,784.95,805,762,795.9,34108
TCIFINANCE,20191105,9.9,9.9,8.65,9.05,17591
TCNSBRANDS,20191105,735,750,735,746.15,10330
TCPLPACK,20191105,282.05,290.25,280,288.1,5373
TCS,20191105,2197,2211,2169,2201.85,2693475
TDPOWERSYS,20191105,146.4,148,142.5,144.2,13697
TEAMLEASE,20191105,2894,2894.35,2770,2824.1,7131
TECHIN,20191105,3.3,3.3,3.2,3.2,2555
TECHM,20191105,772,775.55,764.8,773.25,3303839
TECHNOE,20191105,288.9,292,275.05,278.05,12613
TECHNOFAB,20191105,25.25,25.25,25.25,25.25,484
TEJASNET,20191105,79.85,80.55,74.55,77.35,57473
TERASOFT,20191105,26.85,26.85,25.55,26.5,16747
TEXINFRA,20191105,46.4,46.4,43.2,44.8,33612
TEXMOPIPES,20191105,16.15,16.15,15.85,16.05,18845
TEXRAIL,20191105,44.4,44.85,43.65,43.75,97916
TFCILTD,20191105,83,83,80.1,80.6,46020
TFL,20191105,4,4.45,4,4,1762
TGBHOTELS,20191105,3.8,3.9,3.65,3.65,40951
THANGAMAYL,20191105,349,358.5,346.5,352.75,8071
THEINVEST,20191105,126.15,134.95,123.95,132.95,2906
THEMISMED,20191105,280,285.8,259,284.9,6365
THERMAX,20191105,1145,1158.7,1135.05,1144.25,16035
THOMASCOOK,20191105,134.2,136.75,128,128.45,441088
THYROCARE,20191105,573,578.8,562.8,565.95,11152
TI,20191105,13.8,13.8,13.3,13.55,15821
TIDEWATER,20191105,5100,5140,4920,4937.6,1643
TIIL,20191105,356.05,358.95,342,345.95,1619
TIINDIA,20191105,439,449.6,435,446.4,92065
TIJARIA,20191105,9,9,8.7,8.8,5214
TIL,20191105,207,207,196,198.5,2263
TIMESGTY,20191105,34.95,34.95,31.3,32.6,389
TIMETECHNO,20191105,68.05,69.6,65.5,66.15,373418
TIMKEN,20191105,860.1,875,852.35,870.45,21976
TINPLATE,20191105,125.8,126.05,121.1,121.8,355350
TIPSINDLTD,20191105,75,75,71.1,72.7,1699
TIRUMALCHM,20191105,68.55,69.8,66.1,66.5,348412
TITAN,20191105,1295,1306.25,1277.5,1283.8,2881634
TMRVL,20191105,17.35,17.35,17.35,17.35,8226
TNPETRO,20191105,36.2,36.9,35.8,36.05,59259
TNPL,20191105,196.5,197.5,192,193.45,71027
TNTELE,20191105,1.25,1.25,1.25,1.25,774
TOKYOPLAST,20191105,79.2,81.1,76.3,78.85,14984
TORNTPHARM,20191105,1818,1829.9,1787.5,1791.65,121289
TORNTPOWER,20191105,287.45,287.5,276.8,280.1,949080
TPLPLASTEH,20191105,139.75,139.75,126.15,128.75,2076
TREEHOUSE,20191105,5.8,6.1,5.7,5.8,7524
TREJHARA,20191105,14.95,15.65,14.55,15.25,2851
TRENT,20191105,537.65,567.9,520,548.9,195548
TRF,20191105,112.55,114.15,110.45,111.05,15725
TRIDENT,20191105,66.25,66.5,65.3,65.95,841433
TRIGYN,20191105,56.25,56.3,52,52.5,69690
TRIL,20191105,8,8.15,7.7,7.75,70804
TRITURBINE,20191105,105,112,102.55,103.25,340995
TRIVENI,20191105,67.85,67.85,65.5,66.6,390137
TTKHLTCARE,20191105,510,519.15,495,500.8,1241
TTKPRESTIG,20191105,6360,6425,6165,6191.9,4159
TTL,20191105,43.75,44.55,42.4,43.05,1495
TTML,20191105,2.7,2.7,2.65,2.65,358253
TV18BRDCST,20191105,24.8,25,24,24.25,1679783
TVSELECT,20191105,129,134,128.5,129.55,10768
TVSMOTOR,20191105,460,468.3,455,458.85,1972191
TVSSRICHAK,20191105,1913.95,1913.95,1860,1872.75,1196
TVTODAY,20191105,304,305.55,293.2,296.1,48408
TVVISION,20191105,1.35,1.4,1.35,1.4,4910
TWL,20191105,43.15,43.8,41.55,42.1,533582
UBL,20191105,1229.7,1245.05,1210.5,1217.85,754430
UCALFUEL,20191105,128.1,131,126.95,128.5,10088
UCOBANK,20191105,14.6,14.75,13.9,14,824046
UFLEX,20191105,206,206.6,202.85,203.35,14156
UFO,20191105,139,140.6,137.6,138.85,36923
UGARSUGAR,20191105,13.7,13.7,12.8,12.95,201169
UJAAS,20191105,3.4,3.4,3.2,3.25,128940
UJJIVAN,20191105,282,287.75,276,279.4,3022561
ULTRACEMCO,20191105,4250,4250,4134.35,4147.4,386308
UMANGDAIRY,20191105,39.35,39.35,38,38.65,5991
UMESLTD,20191105,1,1,1,1,382
UNICHEMLAB,20191105,178.9,179.5,169.6,170.65,70048
UNIENTER,20191105,69,69,64.9,66.75,3896
UNIONBANK,20191105,59.1,59.5,56.95,57.2,10776611
UNIPLY,20191105,24.3,25,24.3,24.3,1173043
UNITECH,20191105,0.55,0.6,0.5,0.55,4327083
UNITEDBNK,20191105,9.85,9.9,9.45,9.5,907317
UNITEDTEA,20191105,283,283,267,279.55,366
UNIVCABLES,20191105,192.35,200.6,186.95,189.35,156660
UPL,20191105,596.45,617.75,590,605.65,5995240
URJA,20191105,1.65,1.65,1.65,1.65,339961
USHAMART,20191105,31.2,31.45,30.05,30.4,458624
UTINEXT50,20191105,295,295,286,291.04,284
UTINIFTETF,20191105,1259.6,1268.6,1256.25,1259.52,241
UTISENSETF,20191105,427.95,427.95,423.01,427,102
UTISXN50,20191105,321,321,305,311.95,148
UTTAMSTL,20191105,10.05,10.1,8.8,8.85,518784
UTTAMSUGAR,20191105,104.8,105.35,101.2,102.1,100000
UVSL,20191105,0.05,0.1,0.05,0.1,1977046
V2RETAIL,20191105,121.7,121.7,114.95,115.95,53044
VADILALIND,20191105,755.75,778,745.25,752.15,12209
VAIBHAVGBL,20191105,800.1,823.95,800,800.5,7619
VAKRANGEE,20191105,38.3,40.05,37.6,40,12220893
VARDHACRLC,20191105,35.65,36.4,35.65,36.2,3074
VARDMNPOLY,20191105,1.8,1.85,1.75,1.75,4565
VARROC,20191105,478.65,495,478.65,485,156033
VASCONEQ,20191105,13.95,14.35,13.55,13.9,179123
VASWANI,20191105,5.3,5.3,4.9,4.95,1060
VBL,20191105,643,727.3,643,701.9,2099994
VEDL,20191105,159.6,160.9,156.2,157.5,13732684
VENKEYS,20191105,1735,1744.45,1717,1730.25,53584
VENUSREM,20191105,24.6,26,24.05,25.1,7076
VESUVIUS,20191105,1000.1,1000.1,980,983.9,1775
VETO,20191105,49.95,50,48.8,49.1,8142
VGUARD,20191105,245.25,252.9,245.25,247.85,258717
VHL,20191105,1450,1465,1436.2,1457.35,274
VICEROY,20191105,1.45,1.45,1.35,1.45,8933
VIDHIING,20191105,64.6,65.9,64.5,65.4,27468
VIJIFIN,20191105,0.45,0.45,0.4,0.45,34272
VIKASECO,20191105,2.85,2.95,2.75,2.85,647729
VIKASMCORP,20191105,3.7,3.85,3.55,3.75,123413
VIKASPROP,20191105,4.05,4.05,4.05,4.05,19716
VIKASWSP,20191105,10.15,10.3,10.05,10.1,259234
VIMTALABS,20191105,118.4,118.4,114.25,114.6,3922
VINATIORGA,20191105,2217.85,2218,2151.3,2160.4,26695
VINDHYATEL,20191105,960,974.45,923.6,930.2,10556
VINYLINDIA,20191105,64.95,66.6,64.35,64.8,3994
VIPCLOTHNG,20191105,6.95,7.3,6.95,7.05,219747
VIPIND,20191105,482.7,482.7,455,464.05,395638
VIPULLTD,20191105,28.25,28.25,26.8,27.3,89970
VISAKAIND,20191105,268,272,265.4,267.65,41978
VISASTEEL,20191105,6.2,6.55,5.9,6.2,34260
VISESHINFO,20191105,0.05,0.1,0.05,0.1,1196302
VISHAL,20191105,322,322,321,321,50
VISHNU,20191105,134.85,136.95,130.75,131.9,994
VISHWARAJ,20191105,65.95,73.4,63.3,69.85,32274
VIVIDHA,20191105,0.2,0.2,0.2,0.2,26270
VIVIMEDLAB,20191105,14.95,15.15,14.4,14.5,41173
VLSFINANCE,20191105,56.15,57.85,55.35,56.45,23620
VMART,20191105,1909,1926.95,1812,1841.6,98257
VOLTAMP,20191105,1110,1110,1060.95,1078.85,6456
VOLTAS,20191105,689.45,689.45,674.65,679.5,808275
VRLLOG,20191105,270.7,271.7,266.55,268.8,13403
VSSL,20191105,71,71,68.05,69.8,9987
VSTIND,20191105,3988,3988,3858.6,3942.05,4417
VSTTILLERS,20191105,1330.2,1336.9,1302,1313.8,4317
VTL,20191105,915,915,903.55,911.35,11870
WABAG,20191105,193.75,195.5,184.45,185.55,134935
WABCOINDIA,20191105,6128.9,6198,6100.05,6172.8,3860
WALCHANNAG,20191105,68.35,68.35,65.3,65.9,245964
WANBURY,20191105,12.95,12.95,12.5,12.95,1725
WATERBASE,20191105,111.1,111.15,106.45,107.3,44764
WEBELSOLAR,20191105,28.15,28.15,25.55,25.7,272846
WEIZFOREX,20191105,280.15,281,265.55,279.4,1681
WEIZMANIND,20191105,22.65,24.8,22.65,24.8,105
WELCORP,20191105,141.8,142.5,136.15,137.05,4920179
WELENT,20191105,89.3,89.3,85.35,86.75,104812
WELINV,20191105,244.95,259.95,218,223.65,3671
WELSPUNIND,20191105,55.05,56.2,54.9,55.5,553307
WENDT,20191105,3188,3188,3150.25,3152.15,151
WESTLIFE,20191105,352,355,348.8,350.2,9180
WHEELS,20191105,658,665,632.7,640.25,4859
WHIRLPOOL,20191105,2176.6,2189.35,2140,2153.2,29417
WILLAMAGOR,20191105,15.9,16.5,15.15,16.05,8678
WINDMACHIN,20191105,22.5,23.15,20.8,21.45,74131
WINSOME,20191105,0.1,0.15,0.1,0.15,5382
WIPL,20191105,58.5,58.5,58.5,58.5,148
WIPRO,20191105,257.3,259.4,254.7,258.5,1584724
WOCKPHARMA,20191105,301,303.25,290.45,295.7,569226
WONDERLA,20191105,287,287,276.25,277.85,16414
WSI,20191105,0.85,0.85,0.85,0.85,9012
WSTCSTPAPR,20191105,232.65,233.45,228,229.45,40955
XCHANGING,20191105,54.3,56.45,54.3,55.55,19609
XELPMOC,20191105,71.05,72.5,67,67.45,5334
XLENERGY,20191105,0.45,0.45,0.4,0.4,6762
XPROINDIA,20191105,25,26.65,24.2,25.85,7346
YESBANK,20191105,70.3,72,67.2,68.3,294896159
ZEEL,20191105,296.1,299.65,281.6,286.15,15365133
ZEELEARN,20191105,22.4,22.4,21.5,21.55,96430
ZEEMEDIA,20191105,5.9,5.9,5.9,5.9,290959
ZENITHBIR,20191105,0.75,0.75,0.65,0.65,22057
ZENITHEXPO,20191105,37.15,47.3,37.15,40.65,461
ZENSARTECH,20191105,194,196.5,188.6,191,68302
ZENTEC,20191105,71,71.6,67.15,68.05,100025
ZICOM,20191105,1.2,1.25,1.15,1.25,30775
ZODIACLOTH,20191105,193.8,194.25,190.15,191.3,690
ZODJRDMKJ,20191105,41,41,35,36,25668
ZOTA,20191105,187,189.5,185.05,188.95,21418
ZUARI,20191105,96.6,96.6,91.75,92.3,45231
ZUARIGLOB,20191105,61.65,61.65,60.2,60.55,12943
ZYDUSWELL,20191105,1699,1703.95,1656,1664.7,7516
NSENIFTY,20191105,11974.60,11978.95,11861.90,11917.20,631952071,0
NIFTYJUNIOR,20191105,28670.85,28695.70,28375.10,28442.35,399972441,0
NIFTYMIDCAPLIQ15,20191105,3957.95,3969.35,3892.70,3900.20,58101403,0
NSE100,20191105,12119.35,12123.80,12004.15,12056.15,1037106079,0
NIFTY200,20191105,6179.85,6181.75,6118.15,6142.15,1360488386,0
NSE500,20191105,9757.75,9760.80,9657.70,9694.05,1694415268,0
NSEMIDCAP150,20191105,6234.45,6237.40,6148.25,6158.45,349164780,0
MIDCAP50,20191105,4664.45,4676.65,4590.10,4597.15,282975116,0
NSEMIDCAP,20191105,16911.45,16929.85,16660.45,16681.65,323382307,0
NIFTYSMALLCAP250,20191105,-,-,-,4794.30,-,0
NIFTYSMALLCAP50,20191105,-,-,-,2784.00,-,0
NSESMLCAP100,20191105,5816.15,5825.50,5736.55,5748.70,-,0
NIFTYLARGEMIDCAP250,20191105,-,-,-,5913.87,1386270859,0
NIFTYMIDSMALLCAP400,20191105,-,-,-,5670.85,-,0
NIFTYAUTO,20191105,8288.75,8381.20,8227.85,8256.15,88141197,0
BANKNIFTY,20191105,30403.25,30452.70,30091.35,30219.85,534711559,0
NIFTYFINSERVICE,20191105,13730.30,13748.35,13613.65,13669.40,162781045,0
NIFTYFMGC,20191105,32257.00,32390.05,32064.75,32361.45,30820818,0
NSEIT,20191105,15613.10,15613.10,15422.80,15533.45,25846772,0
NIFTYMEDIA,20191105,1868.70,1877.00,1827.10,1839.00,79693617,0
NIFTYMETAL,20191105,2667.00,2673.75,2609.20,2616.95,158682098,0
NIFTYPHARMA,20191105,7960.35,8003.85,7847.85,7879.55,26308076,0
NIFTYPVTBANK,20191105,16762.75,16784.20,16528.30,16584.20,373500219,0
NIFTYPSUBANK,20191105,2567.30,2604.05,2533.70,2539.10,199773764,0
NIFTYREALTY,20191105,269.15,270.95,266.60,267.70,13959029,0
NIFTYCOMMODITIES,20191105,3490.50,3492.85,3445.00,3448.80,213545132,0
NIFTYCONSUMPTION,20191105,5132.65,5140.25,5105.10,5135.00,76462049,0
NIFTYCPSE,20191105,2065.65,2069.60,2037.40,2040.55,77491806,0
NIFTYENERGY,20191105,16382.60,16422.40,16190.05,16274.80,53652282,0
NIFTY100ESG,20191105,-,-,-,2209.99,857968966,0
NIFTY100ENHESG,20191105,-,-,-,2240.03,833725533,0
NIFTYINFRA,20191105,3314.10,3317.50,3276.45,3290.45,116750841,0
NIFTYMNC,20191105,14235.00,14243.15,14076.85,14113.65,160326028,0
NIFTYPSE,20191105,3434.85,3442.05,3396.30,3406.20,145934324,0
NIFTYSMEEMERGE,20191105,-,-,-,1381.57,625700,0
NIFTYSERVSECTOR,20191105,16679.15,16684.75,16516.60,16595.25,543416407,0
NIFTYSHARIAH25,20191105,-,-,-,4519.71,66800214,0
NIFTY50SHARIAH,20191105,-,-,-,2546.47,66127619,0
NIFTY500SHARIAH,20191105,-,-,-,3023.93,287452153,0
NIFTYABGROUP,20191105,-,-,-,2862.31,135335509,0
NIFTYMAHINDRA,20191105,-,-,-,10296.13,8575240,0
NIFTYTATA,20191105,-,-,-,7067.55,80841065,0
NIFTYTATA25CAP,20191105,-,-,-,4913.46,74117892,0
NIFTYABGROUP,20191105,-,-,-,2862.31,135335509,0
NIFTYLIQ15,20191105,3779.30,3805.15,3744.60,3765.30,511496356,0
NIFTY500VALUE50,20191105,-,-,-,3711.35,298960433,0
NIFTYALPHALOWVOL30,20191105,-,-,-,12165.77,109293707,0
NIFTYQUALLOWVOL30,20191105,-,-,-,8677.06,88917714,0
NIFTYALPHAQUALLOWVOL30,20191105,-,-,-,9880.26,96759192,0
NIFTYALPHAQUALVALLOWVOL30,20191105,-,-,-,7493.74,105767447,0
NIFTY50EQUALWEIGHT,20191105,12520.60,12526.30,12401.15,12452.90,631952071,0
NIFTY100EQUALWEIGHT,20191105,13481.10,13488.85,13338.70,13376.00,1037106079,0
NIFTY100LOWVOL30,20191105,9126.50,9130.10,9051.10,9099.25,101408553,0
NSEDEFTY,20191105,-,-,-,5841.13,-,0
NIFTY50DIVPOINT,20191105,117.35,117.35,117.35,117.35,-,0
NIFTYDIVOPPS50,20191105,2640.65,2641.90,2620.05,2633.45,226248159,0
NIFTYALPHA50,20191105,12864.80,12884.75,12759.60,12785.25,129802100,0
NIFTY50ARBITRAGE,20191105,-,-,-,1868.28,-,0
NIFTY50FUTINDEX,20191105,-,-,-,4044.52,-,0
NIFTY50FUTTRINDEX,20191105,-,-,-,12021.24,-,0
NIFTYHIGHBETA50,20191105,-,-,-,1343.93,971194061,0
NIFTYLOWVOL50,20191105,-,-,-,10656.70,117339469,0
NIFTY200QUALITY30,20191105,-,-,-,10083.20,-,0
NIFTY50VALUE20,20191105,5572.95,5573.35,5517.55,5545.20,421696394,0
NIFTYGROWSECT15,20191105,6344.45,6349.35,6300.05,6327.00,65250906,0
NIFTY50TR2XLEV,20191105,6711.35,6716.00,6585.95,6647.15,-,0
NIFTY50PR2XLEV,20191105,5163.30,5166.90,5066.85,5113.95,-,0
NIFTY50TR1XINV,20191105,340.60,343.80,340.50,342.25,-,0
NIFTY50PR1XINV,20191105,388.30,391.95,388.15,390.15,-,0
NIFTY-GS-COMPSITE,20191105,2047.45,2047.45,2042.37,2043.54,-,0
NIFTY-GS-4-8YR,20191105,2135.14,2135.14,2131.35,2132.31,-,0
NIFTY-GS-8-13YR,20191105,2013.40,2013.40,2008.03,2009.17,-,0
NIFTY-GS-10YR,20191105,1859.87,1859.87,1852.27,1854.13,-,0
NIFTY-GS-10YR-CLN,20191105,949.15,949.15,945.25,946.20,-,0
NIFTY-GS-11-15YR,20191105,2133.46,2133.55,2127.05,2128.42,-,0
NIFTY-GS-15YRPLUS,20191105,2307.91,2307.91,2304.50,2303.33,-,0
VIX,20191105,15.93,16.34,13.51,15.92,0,0
