<ticker>,<date>,<open>,<high>,<low>,<close>,<volume>,<o/i>
20MICRONS,20191018,38.55,38.65,37.95,38.15,13667
21STCENMGM,20191018,12.65,12.65,12.65,12.65,60
3IINFOTECH,20191018,2.2,2.4,2.1,2.2,4062337
3MINDIA,20191018,23000,23000,20610,21792.25,264810
3PLAND,20191018,6.2,6.2,6.2,6.2,41
5PAISA,20191018,179.45,183.85,172,183.85,13400
63MOONS,20191018,115.8,117.5,114,114.85,145859
A2ZINFRA,20191018,10.15,10.65,10.05,10.55,162673
AARTIDRUGS,20191018,448,456.45,447.85,456,4554
AARTIIND,20191018,758.5,808,758.5,804.55,169263
AARVEEDEN,20191018,14.45,14.95,13.5,14.2,3364
AAVAS,20191018,1699,1700,1666.05,1675.85,13645
ABAN,20191018,24,25.8,24,25.45,36654
ABB,20191018,1525.7,1567.95,1519.3,1556.3,192308
ABBOTINDIA,20191018,10986,10998.8,10680,10704.5,7557
ABCAPITAL,20191018,76.6,82.4,76.5,79.4,4736445
ABFRL,20191018,203,211.5,201.25,209.2,562403
ABSLNN50ET,20191018,276,281.35,276,281,57
ACC,20191018,1535.8,1558.9,1528,1553.55,749817
ACCELYA,20191018,820,861.25,818.45,854.8,9192
ACE,20191018,77.15,83.9,77.15,80.1,460561
ADANIENT,20191018,174.9,175.8,165.1,175.1,14162661
ADANIGAS,20191018,149.8,153.45,149.6,151,1207003
ADANIGREEN,20191018,89,93,88,89.6,3174728
ADANIPORTS,20191018,410,423.8,408,421.7,4047650
ADANIPOWER,20191018,62.55,65.6,62.25,64.15,13108241
ADANITRANS,20191018,234.45,247.5,234.4,238.1,355971
ADFFOODS,20191018,259.1,265.2,259,261.65,19743
ADHUNIKIND,20191018,120.35,122.5,117.05,118.35,74898
ADLABS,20191018,1.9,2.05,1.9,1.95,431998
ADORWELD,20191018,304.8,304.8,292,300.85,5752
ADROITINFO,20191018,6.25,6.85,6.25,6.85,1097
ADSL,20191018,13.15,14.5,13.1,14.2,92567
ADVANIHOTR,20191018,52.85,54.45,52.85,53.45,2679
ADVENZYMES,20191018,151.5,154.9,151.05,154.15,37261
AEGISCHEM,20191018,164.25,172.25,164.2,169.55,346889
AFFLE,20191018,1159.6,1224.9,1153.25,1197.9,166021
AGARIND,20191018,114.7,116,111.2,114.2,22071
AGCNET,20191018,114.4,114.4,109,114.2,228
AGLSL,20191018,50,55.55,50,50.9,29802
AGRITECH,20191018,45.8,46.6,44.55,46.25,6416
AGROPHOS,20191018,110.7,111.2,110.7,111.05,289232
AHLEAST,20191018,190.05,192.05,178.05,179.05,711
AHLUCONT,20191018,272.95,289,268.05,281.05,5738
AHLWEST,20191018,296.45,296.45,278,282.4,473
AIAENG,20191018,1694.15,1758.95,1694.15,1749.5,54298
AIONJSW,20191018,9.9,10.3,9.85,10.1,104732
AIRAN,20191018,13.25,13.5,13,13,16802
AJANTPHARM,20191018,983,1024.95,974,1012.35,188639
AJMERA,20191018,115.7,120,115,117.3,56266
AKSHARCHEM,20191018,198.65,207.8,195.35,205.75,3378
AKSHOPTFBR,20191018,7.1,7.25,6.9,7.15,205921
AKZOINDIA,20191018,1949,2024.5,1949,2008.15,47690
ALANKIT,20191018,19.95,20.2,19.05,19.5,295988
ALBERTDAVD,20191018,342,352.65,331.2,345.15,1878
ALBK,20191018,25.1,26,24.3,25.7,1030312
ALCHEM,20191018,0.85,0.85,0.75,0.85,14111
ALEMBICLTD,20191018,47.65,48.35,46.15,47.65,58479
ALICON,20191018,358.6,398.95,358.6,385.4,30673
ALKALI,20191018,43,45.4,42.5,45.15,6233
ALKEM,20191018,1920.2,2027.9,1920.1,1958.95,132385
ALKYLAMINE,20191018,836.1,880,835,867.9,7119
ALLCARGO,20191018,99,102,98.95,101.35,118020
ALLSEC,20191018,281,288.6,270.25,283.75,1979
ALMONDZ,20191018,9.05,9.55,9.05,9.1,114
ALOKTEXT,20191018,1.6,1.6,1.6,1.6,688197
ALPA,20191018,14.3,14.8,14.15,14.6,9911
ALPHAGEO,20191018,175.25,187,175.25,185.1,7103
ALPSINDUS,20191018,0.35,0.4,0.3,0.35,11605
AMARAJABAT,20191018,669.45,676.85,661.25,668.5,626402
AMBER,20191018,909.9,949.9,909.9,937.5,54570
AMBIKCO,20191018,915,919.95,910,914.55,1604
AMBUJACEM,20191018,208.05,209.8,206.2,207.65,3446793
AMDIND,20191018,15.75,15.75,14.7,15.2,8497
AMJLAND,20191018,18,18.8,17.75,18.55,20855
AMRUTANJAN,20191018,355.9,365,355.9,360.3,23249
ANANTRAJ,20191018,29,30,28,29.75,180451
ANDHRABANK,20191018,16.05,16.55,15.6,16.3,438625
ANDHRACEMT,20191018,2.8,2.8,2.65,2.65,44296
ANDHRSUGAR,20191018,265.75,269.25,260.2,265.75,35091
ANIKINDS,20191018,5.35,5.6,5.15,5.6,11078
ANKITMETAL,20191018,0.4,0.45,0.4,0.4,17602
ANSALAPI,20191018,4.4,4.4,4.1,4.1,36241
ANSALHSG,20191018,4.5,4.6,4.35,4.45,54637
ANTGRAPHIC,20191018,0.7,0.75,0.7,0.75,27352
ANUP,20191018,448.1,474,448.1,469.6,11261
APARINDS,20191018,508.1,517.25,506.3,509.95,14481
APCL,20191018,146.45,146.45,141.7,142,3776
APCOTEXIND,20191018,188.45,194.9,178.1,181,112528
APEX,20191018,225.75,236.75,223,227.9,105626
APLAPOLLO,20191018,1406.95,1417,1386.05,1392.25,8689
APLLTD,20191018,550,565,535,544,73661
APOLLO,20191018,71.9,74.05,69.1,69.85,46783
APOLLOHOSP,20191018,1491,1531,1490.35,1507.85,562505
APOLLOTYRE,20191018,180,186.9,179.05,186.05,1620760
APOLSINHOT,20191018,772,775.9,748.2,762,940
APTECHT,20191018,163.35,174.15,162,165.8,479156
ARCHIDPLY,20191018,26.3,27.6,25.75,26.95,5800
ARCHIES,20191018,18.45,18.95,18,18.4,35535
ARCOTECH,20191018,1.55,1.55,1.5,1.55,18906
ARIES,20191018,62,64.9,62,63.05,16440
ARIHANT,20191018,17,19,17,18.1,539
ARIHANTSUP,20191018,24.1,26.5,24.1,26,2331
ARMANFIN,20191018,540,544.95,537.05,540.1,5143
AROGRANITE,20191018,40.95,42.65,40.05,42,10939
ARROWGREEN,20191018,54.85,55,51.25,52.65,4992
ARROWTEX,20191018,9.65,9.95,9.35,9.65,5399
ARSHIYA,20191018,17.15,17.15,16.2,17.15,51785
ARSSINFRA,20191018,24.45,24.45,23.4,24.45,20267
ARVIND,20191018,43.65,46.7,43.5,45.9,1645221
ARVINDFASN,20191018,431,454.25,430,440.85,10602
ARVSMART,20191018,87.85,93.8,87.85,92.65,21198
ASAHIINDIA,20191018,194.9,204,194.2,202.8,28344
ASAHISONG,20191018,138.05,154,138,150.6,17892
ASAL,20191018,31.7,32.3,30.25,30.85,11524
ASHAPURMIN,20191018,32.9,32.9,31.05,32.9,19465
ASHIANA,20191018,101.4,101.6,96.05,96.3,91014
ASHIMASYN,20191018,8.6,8.95,8,8.3,43413
ASHOKA,20191018,100,104.5,99.55,103.95,385884
ASHOKLEY,20191018,73.8,78.25,73.05,77.5,48555721
ASIANHOTNR,20191018,97.05,109.7,97.05,102.2,1804
ASIANPAINT,20191018,1815,1824.45,1786.7,1816.75,1682488
ASIANTILES,20191018,226.35,242,226.35,237.85,352428
ASPINWALL,20191018,135,139.5,132.7,133,439
ASSAMCO,20191018,0.45,0.5,0.45,0.45,247282
ASTEC,20191018,346.65,352.75,345,349.05,6340
ASTERDM,20191018,117.25,119.35,117.1,118.2,39799
ASTRAL,20191018,1180,1180,1156.45,1165.1,384853
ASTRAMICRO,20191018,79,80.1,78.35,78.75,137448
ASTRAZEN,20191018,2308.75,2344,2260.25,2278.35,6292
ASTRON,20191018,101.4,102.8,99.7,102.1,255571
ATFL,20191018,500.6,508.95,497.05,502.7,1911
ATLANTA,20191018,6.6,7.1,6.5,7.1,15834
ATUL,20191018,4208.4,4263.3,4170,4215.55,17036
ATULAUTO,20191018,222.8,227.8,221.15,225.25,9663
AUBANK,20191018,650,666.5,641.45,654.4,701198
AURIONPRO,20191018,81.9,82.9,75.2,82.15,26649
AUROPHARMA,20191018,470,485.45,468.35,476.45,3907119
AUSOMENT,20191018,28.9,28.9,25.75,27.1,553
AUTOAXLES,20191018,910.2,940.05,880,888.95,14769
AUTOIND,20191018,22.3,23.75,21.4,23.1,220818
AUTOLITIND,20191018,21,21.2,18.1,20.8,11289
AVADHSUGAR,20191018,254.5,260,252,255.35,43002
AVANTIFEED,20191018,389.9,412,388.35,407.3,716915
AVTNPL,20191018,22.7,23.5,22.4,23.05,25344
AXISBANK,20191018,709.85,715.7,705.25,709.55,9500635
AXISCADES,20191018,74.9,75.9,70.7,71.95,157293
AXISGOLD,20191018,3387,3387,3355.05,3357.75,154
AXISNIFTY,20191018,1192.01,1202.97,1192.01,1196.81,35
AYMSYNTEX,20191018,32,32.5,31.6,32,931
BAGFILMS,20191018,1.7,1.7,1.7,1.7,80644
BAJAJ-AUTO,20191018,3119,3119.95,3075,3087.05,398223
BAJAJCON,20191018,259.9,266,252.5,264.05,1828001
BAJAJELEC,20191018,385,399,381.05,397.95,266336
BAJAJFINSV,20191018,8316,8437.6,8230,8265.95,352909
BAJAJHIND,20191018,6,6.2,6,6.15,619944
BAJAJHLDNG,20191018,3688.95,3745,3670.05,3742.5,29744
BAJFINANCE,20191018,4100,4199,4080,4137.65,1836213
BALAJITELE,20191018,51.35,51.4,49.45,50.1,34921
BALAMINES,20191018,303.55,324.05,303.5,318.9,25344
BALAXI,20191018,79.45,80,77.05,77.1,220
BALKRISHNA,20191018,20.2,21.1,19.35,19.55,18712
BALKRISIND,20191018,794.75,851,793,837.3,1653509
BALLARPUR,20191018,0.5,0.55,0.45,0.5,2308204
BALMLAWRIE,20191018,172.7,179.3,170.95,176.35,205152
BALPHARMA,20191018,37.05,37.8,36.6,37.35,16704
BALRAMCHIN,20191018,149.15,155.9,147.5,152.95,1036265
BANARBEADS,20191018,27.4,29.75,26.4,29,3352
BANARISUG,20191018,1155,1184,1113,1150.2,752
BANCOINDIA,20191018,96.9,101.9,96.3,97.5,102598
BANDHANBNK,20191018,568,568,548,554.7,2945367
BANG,20191018,18,19,17.3,18.35,2942
BANKBARODA,20191018,88.9,90.85,88.15,89.8,26210863
BANKBEES,20191018,2960,2984.39,2940,2972.04,3359
BANKINDIA,20191018,63.55,65.3,62.55,64.2,9549933
BANSWRAS,20191018,68.6,69.85,67,68.05,827
BARTRONICS,20191018,1.5,1.5,1.5,1.5,14518
BASF,20191018,980,994.9,961,964,35438
BASML,20191018,141.05,149.9,138.2,147.85,8624
BATAINDIA,20191018,1740,1780,1736.15,1769.1,898576
BAYERCROP,20191018,3262.8,3337.9,3262.8,3308.25,2140
BBL,20191018,895.05,933,895.05,916.45,8971
BBTC,20191018,1147.2,1196,1147.2,1172.75,197663
BCG,20191018,3.1,3.3,3.05,3.05,267749
BCP,20191018,8.4,8.4,8.4,8.4,111
BDL,20191018,281.9,292,279.7,287,44567
BEARDSELL,20191018,10.45,10.45,9.85,10.4,1022
BEDMUTHA,20191018,11,11.05,10.3,10.9,7663
BEL,20191018,112.95,121,112.9,116.55,25981224
BEML,20191018,911.8,963.85,909.1,955.7,1422018
BEPL,20191018,49.35,52.3,49.35,50.25,619495
BERGEPAINT,20191018,488,506,487.3,499.05,2623650
BFINVEST,20191018,312.4,320.95,308.1,309.85,83442
BFUTILITIE,20191018,230.95,232.9,222.3,224.05,543238
BGLOBAL,20191018,1.75,1.75,1.75,1.75,2641
BGRENERGY,20191018,31.75,33.4,31.75,32.8,106232
BHAGERIA,20191018,108.4,113.4,106.75,109.95,31625
BHAGYANGR,20191018,19.1,20,19.1,19.1,1268
BHAGYAPROP,20191018,21.4,21.4,19,20.25,16
BHANDARI,20191018,1.1,1.15,1,1.15,129489
BHARATFORG,20191018,453,454.5,442.85,445.8,1291597
BHARATGEAR,20191018,62,62,59.4,60.7,12227
BHARATRAS,20191018,5905,6150,5905,6125.3,1188
BHARATWIRE,20191018,25.5,30.75,25.2,28.75,30106
BHARTIARTL,20191018,384.95,386.4,380.5,383.5,3979009
BHEL,20191018,49.05,57.6,49.05,54.35,167677342
BIGBLOC,20191018,23.35,25.4,23.35,23.9,4899
BIL,20191018,117,128,116.55,118.65,6335
BILENERGY,20191018,0.65,0.75,0.65,0.7,168482
BINDALAGRO,20191018,9.8,9.85,9.5,9.8,9101
BIOCON,20191018,258,262.85,255.9,259.45,2197794
BIOFILCHEM,20191018,4.55,4.55,4.55,4.55,1908
BIRLACABLE,20191018,55.25,57.4,53.1,55.3,133190
BIRLACORPN,20191018,541.1,594.9,534.2,586.1,105460
BIRLAMONEY,20191018,35.5,37.25,34.4,36.25,112554
BKMINDST,20191018,0.8,0.9,0.8,0.9,22155
BLBLIMITED,20191018,3.35,3.9,3.3,3.35,12675
BLISSGVS,20191018,117.7,138.4,115.05,128.2,361492
BLKASHYAP,20191018,7.9,7.9,7.7,7.8,57805
BLS,20191018,79.1,80,77,77.65,13022
BLUEBLENDS,20191018,1.1,1.1,1.1,1.1,40
BLUECOAST,20191018,1.8,1.8,1.8,1.8,214
BLUEDART,20191018,2293.65,2320,2265,2284.05,3117
BLUESTARCO,20191018,829.9,848.85,815,832.5,114208
BODALCHEM,20191018,70.75,74.25,70.75,71.25,302860
BOMDYEING,20191018,75.8,79.9,74.5,77.3,2776703
BOROSIL,20191018,167,175.8,165.95,173.2,116745
BOSCHLTD,20191018,14081.9,14389,14062.1,14139.5,14639
BPCL,20191018,510,534.9,506.75,520.3,14186741
BPL,20191018,19.75,20.85,19.75,20.25,387521
BRFL,20191018,4.6,4.75,4.55,4.55,52785
BRIGADE,20191018,192.05,198.9,192,197.95,103233
BRITANNIA,20191018,3227.85,3259.2,3222.55,3252.35,230815
BRNL,20191018,63.35,64.55,62.25,63.55,10123
BROOKS,20191018,31.65,33.8,31.6,32.35,38947
BSE,20191018,523,530.95,523,527.65,67275
BSELINFRA,20191018,1.05,1.1,1,1,18425
BSL,20191018,25.1,27,25.1,26.3,5818
BSLGOLDETF,20191018,3575,3575,3507,3507,96
BSLNIFTY,20191018,126.21,127.3,126.21,126.99,457
BSOFT,20191018,64.75,67,64.1,66,342509
BURNPUR,20191018,1.1,1.15,1.05,1.1,51459
BUTTERFLY,20191018,153,153,147.5,147.95,48055
BVCL,20191018,10.25,11.25,10.25,11.25,2234
BYKE,20191018,19.5,21.2,19.1,21.15,44646
CADILAHC,20191018,236.8,242.9,236.7,240.65,805730
CALSOFT,20191018,13.2,13.25,12.65,12.9,23084
CAMLINFINE,20191018,54.85,58.65,54.8,57.95,168849
CANBK,20191018,186,190,185,188.85,6751345
CANFINHOME,20191018,386.8,405.9,386.05,402,360080
CANTABIL,20191018,216,217.15,213,214.15,10872
CAPACITE,20191018,193,198.85,191.3,197.9,17613
CAPLIPOINT,20191018,394,402.9,394,396.85,15858
CAPTRUST,20191018,90.25,91.95,90.25,90.25,205
CARBORUNIV,20191018,299.35,312,297,308.75,108573
CAREERP,20191018,83.05,86.2,82.1,84.85,8583
CARERATING,20191018,531.25,541.25,509.95,514.95,100269
CASTEXTECH,20191018,0.3,0.4,0.3,0.35,37653
CASTROLIND,20191018,132.4,136.45,131.5,133.8,2359828
CCHHL,20191018,3.2,3.3,3.05,3.2,119579
CCL,20191018,229,232.45,226.95,227.65,47715
CDSL,20191018,210,213,207.95,209,192390
CEATLTD,20191018,969.95,993,956.35,966.85,182963
CEBBCO,20191018,13.65,14.45,13.5,14.2,44628
CELEBRITY,20191018,4.25,4.55,4.25,4.55,4973
CELESTIAL,20191018,3.4,3.7,3.4,3.5,8855
CENTENKA,20191018,171,177.4,171,175.55,18352
CENTEXT,20191018,2.7,2.7,2.6,2.7,24881
CENTRALBK,20191018,16.95,17.5,16.85,17.35,330723
CENTRUM,20191018,23.95,24.5,23.1,24.05,216070
CENTUM,20191018,391.15,425,391.15,419.85,1148
CENTURYPLY,20191018,157.8,164.3,156.85,162.65,132892
CENTURYTEX,20191018,387,408.25,378.95,400.05,894903
CERA,20191018,2460,2612,2456.35,2587.4,3517
CEREBRAINT,20191018,22.55,22.6,21.5,22,135337
CESC,20191018,789.95,816,788,812.65,662249
CESCVENT,20191018,351,362.5,349,359.7,16256
CGCL,20191018,204.8,209.55,204,208.05,332877
CGPOWER,20191018,15.1,15.1,15.1,15.1,295570
CHALET,20191018,315.05,323.95,308.3,322.2,1984
CHAMBLFERT,20191018,154.5,158.9,153.5,155.4,147570
CHEMFAB,20191018,178.05,181,178,178.95,533
CHENNPETRO,20191018,161,161.75,153.85,160,336062
CHOLAFIN,20191018,287.05,304.35,284.5,302.5,2162692
CHOLAHLDNG,20191018,462.35,467.3,459.1,464.9,444249
CHROMATIC,20191018,0.45,0.5,0.45,0.5,1196
CIGNITITEC,20191018,296,310,290.35,308.7,52891
CIMMCO,20191018,17.45,17.9,16.9,17.75,66235
CINELINE,20191018,34.45,36.75,31.5,32.95,36327
CINEVISTA,20191018,12.4,12.4,12.4,12.4,486
CIPLA,20191018,448.5,451.15,440.1,444.15,2850227
CKFSL,20191018,0.6,0.6,0.5,0.55,214695
CLEDUCATE,20191018,74.9,75,73.3,74.95,893
CLNINDIA,20191018,284,285.2,282,283.05,9377
CMICABLES,20191018,54,58.5,54,56.8,13319
CNOVAPETRO,20191018,9.3,9.3,8.5,9.15,136
COALINDIA,20191018,198.8,206.5,197.75,205.95,12709671
COCHINSHIP,20191018,330.1,343,326.9,329.25,363957
COFFEEDAY,20191018,36.8,36.8,33.3,33.75,1155105
COLPAL,20191018,1535,1547.4,1528.95,1540.8,431992
COMPINFO,20191018,9.8,9.8,9.5,9.7,79770
COMPUSOFT,20191018,7.85,8.05,7.7,7.85,18658
CONCOR,20191018,599,620.4,595.2,611.5,2556249
CONFIPET,20191018,27.2,28.4,26.8,27.25,94893
CONSOFINVT,20191018,35.75,36.05,35.75,36,5033
CONTROLPR,20191018,244.85,246.5,244,244.1,991
CORALFINAC,20191018,10.5,11,9.9,10.25,5236
CORDSCABLE,20191018,42.75,45.9,41.8,45.2,12159
COROMANDEL,20191018,411.1,421.7,409.05,418.35,295109
CORPBANK,20191018,13.85,14.9,13.75,14.25,263864
COSMOFILMS,20191018,198.6,205,197,204.55,11403
COUNCODOS,20191018,1.7,1.7,1.65,1.65,5860
COX&KINGS,20191018,2.3,2.3,2.3,2.3,327441
CPSEETF,20191018,24.39,24.74,24,24.69,51143860
CREATIVE,20191018,60,65,60,64.5,10110
CREDITACC,20191018,639.45,641.5,626.6,638.3,64382
CREST,20191018,85.55,88.05,83,87,5397
CRISIL,20191018,1338,1381,1338,1372.8,25335
CRMFGETF,20191018,3515,3520,3515,3520,2
CROMPTON,20191018,265,268.8,263.5,266.1,288820
CTE,20191018,25.4,25.4,23,24,5790
CUB,20191018,217,223.2,212.55,215.55,1026344
CUBEXTUB,20191018,10.4,12,10.4,11.55,2439
CUMMINSIND,20191018,570.9,594.9,570,583.3,789534
CUPID,20191018,136.6,141,135.15,137.1,24896
CURATECH,20191018,1.05,1.05,1.05,1.05,25
CYBERMEDIA,20191018,3.1,3.25,3.1,3.25,1316
CYBERTECH,20191018,50.15,54.5,49,50.7,75423
CYIENT,20191018,455,459,439.3,448.1,346430
DAAWAT,20191018,24.1,24.4,23.75,23.95,913597
DABUR,20191018,462.5,467.7,461,466.5,918558
DALBHARAT,20191018,809.6,832,807.65,817.15,120027
DALMIASUG,20191018,87.05,88.15,86.4,87.35,62045
DAMODARIND,20191018,29.9,29.9,28,28.05,433
DATAMATICS,20191018,72,74.5,71.75,73.45,21143
DBCORP,20191018,156.8,159.8,155.3,155.85,90439
DBL,20191018,373.1,392.25,371.45,388.5,275217
DBREALTY,20191018,6.35,6.6,6.15,6.5,170003
DCAL,20191018,156.7,158.5,153.6,155.2,86517
DCBBANK,20191018,182,182.9,180.5,181.45,395305
DCM,20191018,22.85,22.85,20.8,21.8,9017
DCMNVL,20191018,28,30.7,28,29.9,8437
DCMSHRIRAM,20191018,388.9,399,384.85,389.8,186507
DCW,20191018,14.7,15.45,14.45,15.1,262187
DECCANCE,20191018,335,340,332.45,336.75,5206
DEEPAKFERT,20191018,92.7,93.8,91,92.45,128260
DEEPAKNTR,20191018,317,323.4,315.1,317.85,407111
DEEPIND,20191018,99.3,102.85,99,101.6,6224
DELTACORP,20191018,178.25,192,177.1,187.35,2042909
DELTAMAGNT,20191018,31.3,31.3,31.3,31.3,12
DEN,20191018,52,52,49.55,50.1,29638
DENORA,20191018,201.15,215,201.15,209.1,2985
DFMFOODS,20191018,247.05,249.1,245.7,248.1,38045
DGCONTENT,20191018,4.9,5.25,4.75,4.75,9485
DHAMPURSUG,20191018,199,203.85,198.1,200.95,418238
DHANBANK,20191018,14.35,14.7,14.3,14.5,133973
DHANUKA,20191018,295.1,304,287.5,291,37643
DHARSUGAR,20191018,7.05,7.3,6.65,7.2,8114
DHFL,20191018,20.45,21.45,19.5,21.45,3232344
DHUNINV,20191018,191.7,208.9,191.7,198.45,810
DIAMONDYD,20191018,880.95,880.95,868.9,875.2,490
DICIND,20191018,327.7,341,327.7,337.9,880
DIGISPICE,20191018,5.55,5.95,5.5,5.95,12707
DISHTV,20191018,17,17.1,15.7,16.65,48918299
DIVISLAB,20191018,1720,1742.6,1717.05,1738,271062
DIXON,20191018,3068,3125,3042.65,3085.2,9378
DLF,20191018,163.6,169.6,162.8,168.85,12716934
DLINKINDIA,20191018,93.7,94.1,91.55,93.5,22779
DMART,20191018,1918,1964.9,1903.6,1924.85,497747
DNAMEDIA,20191018,0.3,0.35,0.3,0.35,6367
DOLAT,20191018,63.6,67.55,62.05,63.7,210968
DOLLAR,20191018,185,185,174.05,176.05,61665
DONEAR,20191018,28.5,30.95,28.5,30.1,30901
DPSCLTD,20191018,10.05,10.5,9.5,9.8,27337
DQE,20191018,2.4,2.4,2.4,2.4,595
DREDGECORP,20191018,318.9,349,318.85,339.35,649368
DRREDDY,20191018,2720,2744.95,2710.05,2724.85,289279
DSSL,20191018,26,27,26,26.55,8496
DTIL,20191018,160.3,162.8,156.3,159.25,3881
DUCON,20191018,4.55,4.6,4.3,4.6,90386
DVL,20191018,72.8,72.85,66.6,68.2,5662
DWARKESH,20191018,23.75,24.45,23.75,24.2,202398
DYNAMATECH,20191018,1149.9,1157.05,1128,1148.75,691
DYNPRO,20191018,125,125.9,122.4,125.05,9588
EASTSILK,20191018,0.55,0.6,0.5,0.5,22223
ECLERX,20191018,412.1,441,409.05,427.95,34774
EDELWEISS,20191018,87.2,90.7,85.5,89.8,5268158
EICHERMOT,20191018,20600,20680,20065.1,20275.9,295066
EIDPARRY,20191018,153.5,161.7,153.5,159.85,285025
EIHAHOTELS,20191018,302.7,321.8,302.7,318.85,1709
EIHOTEL,20191018,172.9,183.5,170.8,180.9,344256
EIMCOELECO,20191018,295,300,290.15,295.55,1004
EKC,20191018,24.25,24.8,24.1,24.3,37001
ELECON,20191018,30,32,30,31.65,68472
ELECTCAST,20191018,13.4,13.5,13.25,13.45,82116
ELECTHERM,20191018,130,130,125.05,127.9,30402
ELGIEQUIP,20191018,269.9,273,269.2,271.25,14380
ELGIRUBCO,20191018,16.9,16.95,15.75,15.85,6059
EMAMILTD,20191018,342.9,355.4,335,351.1,1104751
EMAMIPAP,20191018,78.7,80,76,76.75,5708
EMAMIREAL,20191018,42,42.85,39.1,40.5,6226
EMCO,20191018,0.7,0.7,0.6,0.7,16694
EMKAY,20191018,68.75,69.75,66.7,67.4,6213
EMMBI,20191018,122.3,122.7,116.95,118.25,16261
ENDURANCE,20191018,1004.9,1050,987.6,1046.2,71202
ENERGYDEV,20191018,4.9,5,4.7,5,23788
ENGINERSIN,20191018,107.5,114.7,107.1,108.7,4156403
ENIL,20191018,254.9,269.95,248,265.2,27727
EON,20191018,14.45,14.6,13.95,14.05,14455
EQUITAS,20191018,104.1,106.25,102.15,103.15,2728885
ERIS,20191018,418.5,429.95,414,422.6,26343
EROSMEDIA,20191018,16.95,17.35,16,16,226319
ESABINDIA,20191018,1260.05,1275,1246.05,1250.6,3804
ESCORTS,20191018,648,655.6,643.7,650.6,2609263
ESSARSHPNG,20191018,7.2,7.45,7,7.05,5938
ESSELPACK,20191018,114.05,122,113.55,119.35,220933
ESTER,20191018,31.4,31.9,30.6,31.15,190222
EUROMULTI,20191018,0.55,0.55,0.55,0.55,112
EUROTEXIND,20191018,12.5,12.5,12.5,12.5,1446
EVEREADY,20191018,38.9,39.75,36.3,39.75,3233370
EVERESTIND,20191018,326.9,334.5,323.95,326.5,16755
EXCEL,20191018,0.9,1,0.9,1,29152
EXCELINDUS,20191018,891.35,917.9,891.35,906.75,7039
EXIDEIND,20191018,178.6,184.2,176.7,183,2520836
EXPLEOSOL,20191018,283.95,299.65,280.95,288.65,3200
FACT,20191018,38.55,40.7,38.35,39.7,131878
FAIRCHEM,20191018,485,495,477,491.45,4930
FCL,20191018,25.8,27.1,25.5,26.75,174498
FCONSUMER,20191018,23.8,24.8,23.7,24.5,814618
FCSSOFT,20191018,0.2,0.25,0.2,0.2,1326652
FDC,20191018,162.55,163,160.05,160.9,77336
FEDERALBNK,20191018,84.35,84.8,83.5,84,11094728
FEL,20191018,23.3,23.95,23,23.55,146803
FELDVR,20191018,22.35,23,22.05,22.3,6830
FIEMIND,20191018,349.25,365.75,345.55,360.2,11273
FILATEX,20191018,35.25,37.9,35,37.65,229627
FINCABLES,20191018,357.9,368.35,356.15,365.45,73540
FINEORG,20191018,1892,1983.3,1890.05,1941,28117
FINPIPE,20191018,595.1,625,592.25,612.05,104544
FLEXITUFF,20191018,5.55,5.8,5.3,5.75,17306
FLFL,20191018,404.7,414,401.1,408.7,16689
FLUOROCHEM,20191018,710.35,748.95,690,719.4,82769
FMGOETZE,20191018,541.6,547.35,540.6,543.4,1166
FMNL,20191018,40.55,40.55,40.55,40.55,2999
FORCEMOT,20191018,1065,1089.35,1055,1075.5,32129
FORTIS,20191018,136.1,139.8,136.1,138.25,1027099
FOSECOIND,20191018,1364.4,1388,1326.45,1357.2,1822
FRETAIL,20191018,381.2,402,381.2,396.8,145969
FSC,20191018,517.6,518,497.05,500.35,15744
FSL,20191018,50,50.9,49.2,50.4,4353029
GABRIEL,20191018,100.85,104.9,100.85,104.45,131758
GAEL,20191018,149,149,142.05,145.2,60146
GAIL,20191018,128.5,130.4,127.8,129.55,8902057
GAL,20191018,2.1,2.1,1.95,2,5983
GALAXYSURF,20191018,1474.95,1544.7,1461.95,1505.15,31635
GALLANTT,20191018,26.25,27.95,26.25,26.85,5573
GALLISPAT,20191018,21.35,21.35,19.25,20.5,12047
GAMMNINFRA,20191018,0.3,0.3,0.25,0.3,1312567
GANDHITUBE,20191018,311,311.7,302.5,306,26203
GANECOS,20191018,248.35,259.45,246,258,4495
GANESHHOUC,20191018,36.05,38.9,34.4,37.1,26166
GANGESSECU,20191018,34.95,34.95,33,33.05,1677
GARDENSILK,20191018,13.5,13.85,12.55,12.85,198005
GARFIBRES,20191018,1133.95,1150,1130.05,1146.75,8290
GATI,20191018,56,59.4,56,58.05,350045
GAYAHWS,20191018,0.3,0.35,0.25,0.3,40606
GAYAPROJ,20191018,118.05,123.4,116.45,122.15,59343
GDL,20191018,93.4,94.95,92,93.9,125352
GEECEE,20191018,84.95,85.5,81.25,84.95,3833
GENESYS,20191018,61.5,73,59.05,70.85,88409
GENUSPAPER,20191018,5.05,5.15,4.95,5.05,111501
GENUSPOWER,20191018,21.1,22.4,21.1,21.85,78488
GEOJITFSL,20191018,27,27.45,26.7,26.95,113550
GEPIL,20191018,702.05,715.05,701,711.5,51939
GESHIP,20191018,279,299,279,289.95,1386966
GET&D,20191018,189,201.85,182.35,194.9,71382
GFLLIMITED,20191018,81.35,81.4,79,81.4,19876
GFSTEELS,20191018,6.95,6.95,6.95,6.95,3587
GHCL,20191018,205.85,206,197.85,199.6,213985
GICHSGFIN,20191018,152.25,160.3,151,156.15,264521
GICRE,20191018,262,289.95,254.7,279.6,2319647
GILLANDERS,20191018,28,28.05,27.5,27.55,487
GILLETTE,20191018,7810,7898.05,7606,7838.3,6806
GINNIFILA,20191018,8.3,8.45,7.7,8.45,90725
GIPCL,20191018,68.25,70.7,68.2,69.65,37043
GKWLIMITED,20191018,745,767,744.15,767,27
GLAXO,20191018,1446,1468.95,1433,1438.7,36237
GLENMARK,20191018,290,301.5,287.1,299.85,1927084
GLOBALVECT,20191018,53.95,54,50.55,51.5,1660
GLOBOFFS,20191018,6,6.05,5.55,6,12462
GLOBUSSPR,20191018,118.8,119.55,117,117.9,27192
GMBREW,20191018,379.9,396.9,377.05,383.55,72323
GMDCLTD,20191018,61.5,65.8,57.85,58.7,1067341
GMMPFAUDLR,20191018,1441,1450,1410,1420.7,9254
GMRINFRA,20191018,17.55,19.15,17.45,19.1,30202445
GNA,20191018,235.7,248.05,233.7,243.6,23666
GNFC,20191018,200,205.7,197.25,199.55,500631
GOACARBON,20191018,217.1,224,210.05,217.85,18453
GOCLCORP,20191018,283,299.95,279.65,295.05,3704
GODFRYPHLP,20191018,1064.75,1095,1057.05,1089.3,113396
GODREJAGRO,20191018,481.9,525.2,481.9,517.75,343831
GODREJCP,20191018,715,730,713.1,716.9,1207247
GODREJIND,20191018,393.3,403.95,391.1,399.7,126642
GODREJPROP,20191018,999.85,999.95,967.1,974.95,273475
GOKEX,20191018,86.25,88.4,85.2,86.15,38495
GOKUL,20191018,11.85,12.9,11.85,12,11289
GOKULAGRO,20191018,13.75,14.5,13.75,14.15,27573
GOLDBEES,20191018,3394,3394,3375,3376.3,8216
GOLDENTOBC,20191018,27.9,27.9,25.8,27.9,4202
GOLDIAM,20191018,132,135.8,130.95,132.05,28076
GOLDSHARE,20191018,3769.2,3769.2,3390.1,3399.8,2507
GOLDTECH,20191018,9.3,9.75,8.55,9.45,12786
GOODLUCK,20191018,47.65,54.4,47.65,52.15,56413
GPIL,20191018,142.25,146.4,142,142.8,38597
GPPL,20191018,80.65,80.65,77.2,78.15,955886
GPTINFRA,20191018,40.5,41.5,39,40.85,11843
GRANULES,20191018,97.8,102.4,97.3,101.5,416701
GRAPHITE,20191018,282.5,297.5,280.2,291.95,2624986
GRASIM,20191018,725.5,749,718.3,746.5,2263929
GRAVITA,20191018,41.5,43.25,40.95,41.2,70109
GREAVESCOT,20191018,133.45,134.25,126.7,127.6,935857
GREENLAM,20191018,899.3,899.3,868,884.2,3371
GREENPLY,20191018,158.45,162.4,158.45,160.2,26471
GREENPOWER,20191018,1.65,1.65,1.65,1.65,61214
GRINDWELL,20191018,596.65,603.55,590.35,601.85,29146
GROBTEA,20191018,299,299,277.05,285.3,140
GRPLTD,20191018,883.05,939,883,934.95,139
GRSE,20191018,168.1,180.9,168.1,175.3,339979
GSCLCEMENT,20191018,16.75,17.15,16.75,17.15,13980
GSFC,20191018,76.3,78.75,76.25,78.05,275279
GSKCONS,20191018,8910,8997.8,8889,8953.65,14643
GSPL,20191018,211.2,214.7,208.4,209.65,381128
GSS,20191018,23.65,23.8,22.15,23.8,12233
GTL,20191018,1.5,1.5,1.5,1.5,44257
GTLINFRA,20191018,0.45,0.5,0.4,0.45,3643402
GTNIND,20191018,5.55,6.35,5.55,5.75,1412
GTNTEX,20191018,7.65,7.65,7.3,7.65,90
GTPL,20191018,72.85,73.8,70,71.2,90055
GUFICBIO,20191018,72.2,73.25,71.1,71.7,13648
GUJALKALI,20191018,437.45,454,431.25,438.35,39183
GUJAPOLLO,20191018,135.5,135.95,131,132.95,1098
GUJGASLTD,20191018,177.6,178.6,175.15,177.85,593140
GUJRAFFIA,20191018,8.55,8.55,8.55,8.55,2
GULFOILLUB,20191018,848,874,844.05,871.1,10670
GULFPETRO,20191018,41.5,42.95,41,42.15,20087
GULPOLY,20191018,40,40,37.5,38.1,11382
GVKPIL,20191018,3.1,3.2,3,3.2,2465738
HAL,20191018,715.1,717,706.55,709.55,8568
HARITASEAT,20191018,412,430,407.1,423,3925
HARRMALAYA,20191018,49,51,48.3,49,58199
HATHWAY,20191018,23.15,23.15,22.05,22.3,502190
HATSUN,20191018,625.1,632.95,622.95,625,5961
HAVELLS,20191018,686,694.7,679.7,689.6,1104118
HAVISHA,20191018,0.4,0.45,0.4,0.45,501
HBLPOWER,20191018,16.65,17.3,16.1,16.8,240919
HBSL,20191018,6.95,6.95,6.95,6.95,10
HCC,20191018,7.85,8.25,7.7,8,1686348
HCG,20191018,108.5,109.9,106,108.75,3366
HCL-INSYS,20191018,6.35,6.9,6.2,6.65,1373204
HCLTECH,20191018,1094.95,1105.45,1088.4,1095.5,823815
HDFC,20191018,2089,2102,2065.1,2094.45,2760381
HDFCAMC,20191018,2727.95,2927.85,2671,2882.65,1299013
HDFCBANK,20191018,1225.45,1233.85,1220.35,1229,5616903
HDFCLIFE,20191018,615.7,616.5,607,608.45,1922910
HDFCMFGETF,20191018,3461.05,3469.95,3452,3456.1,2628
HDFCNIFETF,20191018,1209.38,1220,1209.38,1219.65,634
HDFCSENETF,20191018,4120,4120,4106.74,4120,62
HDIL,20191018,2.4,2.4,2.4,2.4,584952
HEG,20191018,940,993.8,928,969.75,608290
HEIDELBERG,20191018,186,196.05,184,192.45,434897
HERCULES,20191018,93.25,93.25,88.15,89.65,49488
HERITGFOOD,20191018,321.2,325.55,318,319.65,47493
HEROMOTOCO,20191018,2629,2662.05,2605.85,2646.15,1179162
HESTERBIO,20191018,1733.95,1740,1695.1,1730.9,1794
HEXATRADEX,20191018,9.05,9.05,9.05,9.05,918
HEXAWARE,20191018,369.75,381.35,369.75,379.45,534866
HFCL,20191018,17.7,19,17.6,18.75,2121700
HGINFRA,20191018,194,201.9,191.45,199.1,24972
HGS,20191018,569.95,580,563,576.35,1896
HIKAL,20191018,138.65,141.65,138.65,139.4,173103
HIL,20191018,1220.5,1242.15,1213,1217.5,6891
HILTON,20191018,7.8,7.8,6.2,7.15,6846
HIMATSEIDE,20191018,139.1,144.95,139.1,141.75,562895
HINDALCO,20191018,187.95,191.35,186.65,187.4,7347790
HINDCOMPOS,20191018,170,183.95,170,179.1,671
HINDCOPPER,20191018,32.45,38.75,32.45,38.55,10141035
HINDMOTORS,20191018,5.45,5.6,5.15,5.55,142733
HINDNATGLS,20191018,31,32.25,29.7,31.5,1086
HINDOILEXP,20191018,95.35,99.35,94.35,98.35,114644
HINDPETRO,20191018,313,322.35,310.65,313.85,6703804
HINDUJAVEN,20191018,307.95,319,307.95,314.1,930
HINDUNILVR,20191018,2100,2116,2090.7,2106.85,2202270
HINDZINC,20191018,213.1,218.9,212,216.4,988749
HIRECT,20191018,168.35,172,164.45,166.45,12337
HISARMETAL,20191018,50.95,50.95,49.5,50,1594
HITECH,20191018,149.4,166,143.5,160.25,18799
HITECHCORP,20191018,76.05,83.4,76.05,82,1358
HITECHGEAR,20191018,189.5,192.95,172.5,175.85,40298
HMVL,20191018,71,74,70,71.6,8510
HNDFDS,20191018,528.05,572.8,528.05,572.8,3759
HNGSNGBEES,20191018,3295.99,3295.99,3152,3200,17
HONAUT,20191018,28600.85,28899,28370.15,28479.15,1119
HONDAPOWER,20191018,1140.05,1200,1140.05,1168.65,10044
HOTELEELA,20191018,8.7,9.15,8.45,8.85,2460602
HOVS,20191018,62.9,65.9,62.9,63.8,4551
HPL,20191018,41.6,42,40,41.75,15670
HSCL,20191018,74.1,75.9,74.1,75.5,470441
HSIL,20191018,39.85,40.2,39.4,39.45,176239
HTMEDIA,20191018,19.6,20.55,19.6,20,213715
HUBTOWN,20191018,12.05,12.6,11.85,12.4,16532
HUDCO,20191018,33.1,35.4,33.1,35,1536492
IBMFNIFTY,20191018,112,120.5,112,115,365
IBREALEST,20191018,45,46.5,44.05,46.5,3190668
IBULHSGFIN,20191018,198,259.95,196.5,231.2,71353309
IBULISL,20191018,72,75.9,70.2,70.75,1439272
IBVENTURES,20191018,85.7,89.85,85.6,89.85,1158312
ICICI500,20191018,152.75,153.49,152.23,152.9,1201
ICICIB22,20191018,34.74,35.32,34.55,35.19,5323523
ICICIBANK,20191018,437.7,443.7,435.25,437.8,15988455
ICICIBANKN,20191018,292,292.94,290.82,292.45,94299
ICICIBANKP,20191018,163.15,163.54,161.99,163.38,684
ICICIGI,20191018,1252,1264.4,1231,1244.05,696248
ICICIGOLD,20191018,35.15,35.15,34.05,34.7,20290
ICICILIQ,20191018,999.95,1000,999.95,1000,28484
ICICILOVOL,20191018,94.7,94.7,89.7,92.55,1104
ICICIMCAP,20191018,65,65,62.55,63.17,5272
ICICINF100,20191018,125.55,126.65,125.55,126.6,8656
ICICINIFTY,20191018,123,123,120.07,122.52,64546
ICICINV20,20191018,58,58,56.04,56.85,4221
ICICINXT50,20191018,28.25,28.25,27.5,28.12,24940
ICICIPRULI,20191018,472.5,478,467.2,476.75,2194880
ICICISENSX,20191018,414,418,414,416.91,245
ICIL,20191018,40.1,43.85,40.1,43.45,197062
ICRA,20191018,2644,2649.8,2551,2572.35,2041
IDBI,20191018,29.65,32.35,29.55,30.7,2824729
IDBIGOLD,20191018,3508.4,3530.05,3508.4,3518.3,11
IDEA,20191018,6.35,6.6,6.25,6.4,103591923
IDFC,20191018,32.1,33.45,31.95,33,876583
IDFCFIRSTB,20191018,40.1,40.65,39.5,39.7,14532569
IDFNIFTYET,20191018,122,125.41,112.35,113.39,288
IEX,20191018,133,149.4,130.7,146.65,1077726
IFBAGRO,20191018,387,408.8,387,396.15,18128
IFBIND,20191018,662.85,680,650.05,675.3,11661
IFCI,20191018,6.55,7.1,6.45,6.6,3180572
IFGLEXPOR,20191018,145.25,148,139.95,144.3,3031
IGARASHI,20191018,208.95,224.7,207.65,217.3,187285
IGL,20191018,369,381.5,369,379.8,1822157
IGPL,20191018,149,151.35,145.8,147.7,38112
IIFL,20191018,113.95,123.4,111.2,116.35,163431
IIFLSEC,20191018,22.2,24.25,22,23.85,404452
IIFLWAM,20191018,1240,1240,1180,1202.75,4966
IITL,20191018,61.1,61.1,61.1,61.1,40
IMFA,20191018,180,189.15,180,183.85,22501
IMPAL,20191018,1034,1034,990,1007.55,2091
IMPEXFERRO,20191018,0.25,0.3,0.25,0.3,683
INDBANK,20191018,6.85,7.5,6.6,7.4,41348
INDHOTEL,20191018,151.85,153.45,148,149.4,1353287
INDIACEM,20191018,79.5,81.5,79.5,80.65,1799317
INDIAGLYCO,20191018,212.75,220,210.15,213.05,45866
INDIAMART,20191018,2026,2079.5,2000,2020.4,37760
INDIANB,20191018,118.35,123.95,117.4,122.8,2024230
INDIANCARD,20191018,105.1,112.95,105.05,107.65,741
INDIANHUME,20191018,253,264,253,258.45,16583
INDIGO,20191018,1729,1748,1706.05,1729.9,1000146
INDLMETER,20191018,13.35,14.75,13.35,14.75,7508
INDNIPPON,20191018,329,343,321,325.65,11160
INDOCO,20191018,141,154.35,141,151.6,63835
INDORAMA,20191018,25.9,26.8,25.75,25.8,41191
INDOSTAR,20191018,181,199.1,179.3,191.5,152717
INDOTECH,20191018,87.5,92.9,84.7,91.65,49432
INDOTHAI,20191018,26.75,26.75,21.3,22.85,3956
INDOWIND,20191018,2.95,3.05,2.85,2.9,20424
INDRAMEDCO,20191018,35.6,37.95,35.5,37.6,109309
INDSWFTLAB,20191018,34,35.4,32.1,32.1,105126
INDSWFTLTD,20191018,4.55,4.7,4.5,4.5,13601
INDTERRAIN,20191018,73.3,75.4,71.3,72.85,3046
INDUSINDBK,20191018,1332,1361.7,1317.1,1342.65,5604223
INEOSSTYRO,20191018,645.9,648.55,635.1,641.05,1317
INFIBEAM,20191018,40.35,42.45,40.35,42.15,1451376
INFOBEAN,20191018,69.25,71.8,65.7,66.55,11720
INFRABEES,20191018,339,341,335.31,338,864
INFRATEL,20191018,256.8,263,254,261.6,3004253
INFY,20191018,763.8,773.8,760,767.85,10037200
INGERRAND,20191018,612.6,621.85,609.8,611.45,7985
INOXLEISUR,20191018,340,358.9,338.5,351.85,442056
INOXWIND,20191018,36,37.5,33.85,34.8,151777
INSECTICID,20191018,549,568,549,558.25,2729
INSPIRISYS,20191018,46.4,49.95,44.2,46.15,1663
INTELLECT,20191018,188.05,195.4,186.25,191.65,257611
INTENTECH,20191018,28.7,30,27.9,29.55,14959
INVENTURE,20191018,14,14,13.65,14,32707
IOB,20191018,9.45,9.8,9.4,9.7,625551
IOC,20191018,146.1,148.2,144.75,145.6,13907954
IOLCP,20191018,175.9,176.9,171.2,172.1,201128
IPAPPM,20191018,336.05,342.55,325,327.85,12109
IPCALAB,20191018,915,954,915,946.7,168190
IRB,20191018,66.75,70.9,65.85,67.25,1724379
IRCON,20191018,368,384.45,366.05,381.15,96180
IRCTC,20191018,725,789.9,716.05,779.15,9733230
ISEC,20191018,282.1,296.6,277.2,285.5,432300
ISFT,20191018,87.9,87.9,82.15,87.2,569
ISMTLTD,20191018,4.1,4.1,3.8,3.95,12866
ITC,20191018,246,247.8,245.1,246.5,12833554
ITDC,20191018,343.55,368,341.55,350.75,543653
ITDCEM,20191018,36.75,40.2,36.6,40.2,294849
ITI,20191018,81,84.4,81,82.95,1116293
IVC,20191018,3.9,3.95,3.5,3.85,96216
IVP,20191018,53.3,64.8,53.3,64.75,1412
IVZINGOLD,20191018,3461,3525,3461,3525,2
IZMO,20191018,27.55,28.15,26.55,28,10579
J&KBANK,20191018,29.8,32.5,29.6,31.55,1245450
JAGRAN,20191018,58.5,59.6,58.4,58.95,205439
JAGSNPHARM,20191018,22.95,24.6,22.95,24.1,9612
JAIBALAJI,20191018,17.8,19.25,17.8,18.8,2933
JAICORPLTD,20191018,82.1,84.5,81.4,83.1,1198760
JAMNAAUTO,20191018,37.8,41.4,37.3,40.85,1498226
JAYAGROGN,20191018,136.3,142.4,133.7,141.25,12414
JAYBARMARU,20191018,188,193.3,183,188.75,178033
JAYNECOIND,20191018,3.25,3.55,3.25,3.55,58148
JAYSREETEA,20191018,48.75,50,48,49.1,96633
JBCHEPHARM,20191018,362.2,371.9,357.6,366.55,139422
JBFIND,20191018,7.25,7.4,7.05,7.4,10145
JBMA,20191018,224.95,227.5,217.25,219.95,60241
JCHAC,20191018,1999.9,2049,1974.1,2039,5411
JHS,20191018,16.05,16.7,15.85,16.45,24382
JIKIND,20191018,0.3,0.3,0.25,0.25,12940
JINDALPHOT,20191018,13.15,14.35,13.15,13.4,1476
JINDALPOLY,20191018,219.55,227.25,218,222.75,21828
JINDALSAW,20191018,84.85,89,84.4,88,900701
JINDALSTEL,20191018,104.4,108.4,103.7,107.65,18095628
JINDCOT,20191018,1.75,1.75,1.7,1.7,10510
JINDRILL,20191018,79.1,82,76.65,79.3,12864
JINDWORLD,20191018,58.9,59.45,58,58.45,188854
JISLDVREQS,20191018,8.9,9.8,8.9,8.95,186746
JISLJALEQS,20191018,11.8,12.1,10.6,11.25,6304586
JITFINFRA,20191018,6.7,7.35,6.7,6.75,2926
JIYAECO,20191018,42.8,43.9,42.1,42.9,159070
JKCEMENT,20191018,1075.9,1143.75,1059.8,1129.9,81643
JKIL,20191018,148.7,160.95,148.7,159.5,1341378
JKLAKSHMI,20191018,289.4,292.1,286,288,27806
JKPAPER,20191018,121,124.65,120.1,123.6,1371053
JKTYRE,20191018,67.5,69.15,67.15,67.85,448442
JMA,20191018,26,26,23.85,24.7,1899
JMCPROJECT,20191018,110.75,110.75,107.25,109.9,18729
JMFINANCIL,20191018,73,77.15,71.2,72.35,780984
JMTAUTOLTD,20191018,1.1,1.2,1.1,1.15,112887
JOCIL,20191018,85.05,89.5,85,89.45,1209
JPASSOCIAT,20191018,2.05,2.25,2,2.15,7422711
JPINFRATEC,20191018,1.25,1.25,1.15,1.25,1715428
JPOLYINVST,20191018,11.3,12.05,11.25,12.05,528
JPPOWER,20191018,1.15,1.25,1.1,1.15,3010883
JSL,20191018,33.8,35,33.8,34.65,265179
JSLHISAR,20191018,64.45,66.7,64.3,65.1,131947
JSWENERGY,20191018,66.4,68.9,66.4,68.55,686912
JSWHL,20191018,2711.4,2779.55,2662,2746.3,954
JSWSTEEL,20191018,222.1,225.2,220.3,223.35,9026105
JTEKTINDIA,20191018,79.7,86.3,79.4,84.75,140173
JUBILANT,20191018,473,510.9,472.1,503.05,566130
JUBLFOOD,20191018,1344.05,1380,1331.05,1359.6,702710
JUBLINDS,20191018,100.1,103.9,100,102.45,10988
JUMPNET,20191018,55,55,53.9,54.25,97044
JUNIORBEES,20191018,287,289.96,285.05,289.16,190534
JUSTDIAL,20191018,608,636,605.5,634.2,2361236
JYOTHYLAB,20191018,161,174,160.95,172.3,588230
KABRAEXTRU,20191018,68.4,73,68.1,68.75,33566
KAJARIACER,20191018,555.1,567,537.55,552.5,268271
KAKATCEM,20191018,154.1,158.65,154.1,157.65,9231
KALPATPOWR,20191018,441.75,453,439.75,447.65,242764
KALYANIFRG,20191018,163.8,164,163.8,164,33
KAMATHOTEL,20191018,36.35,37.5,36,37.35,30266
KAMDHENU,20191018,95.2,104.75,95.2,101.9,3734
KANANIIND,20191018,2.7,2.95,2.55,2.75,407
KANORICHEM,20191018,41,43.2,41,42.4,7624
KANSAINER,20191018,529.3,546.7,520.25,541.2,674483
KARDA,20191018,161.9,167.2,156,162.1,96018
KARMAENG,20191018,9.05,10.6,9.05,10.15,367
KARURVYSYA,20191018,56.9,59.15,55,56.05,1039802
KAUSHALYA,20191018,0.35,0.4,0.35,0.4,2228
KAVVERITEL,20191018,2.5,2.5,2.5,2.5,1001
KAYA,20191018,375.6,412,374.45,401.15,24270
KCP,20191018,65,65.85,64.5,65.7,120230
KCPSUGIND,20191018,11.95,12.05,11.25,11.85,212831
KDDL,20191018,397.7,397.7,357,367.95,1264
KEC,20191018,278.25,283.3,274.8,277.35,220568
KECL,20191018,7.95,8.25,7.75,8.05,32944
KEI,20191018,542,549.8,536.15,544.85,115907
KELLTONTEC,20191018,15.5,16,15.3,15.95,174666
KENNAMET,20191018,1112,1112,1064.35,1083.6,1189
KERNEX,20191018,26.95,28.15,26.95,27.05,3191
KESARENT,20191018,29.5,34.2,29.5,30.2,13419
KESORAMIND,20191018,56.3,56.35,54.05,54.7,305932
KGL,20191018,0.2,0.2,0.15,0.15,932267
KHADIM,20191018,247,250.65,240,242.8,29580
KHAITANLTD,20191018,21,21,20.5,20.5,160
KICL,20191018,1692.95,1692.95,1610.1,1643,822
KILITCH,20191018,118.85,122,118.85,120.2,5934
KINGFA,20191018,625,635,621.1,623.55,10503
KIOCL,20191018,119.75,122.2,118.1,118.8,21989
KIRIINDUS,20191018,429.9,438.8,423.75,426.8,90578
KIRLOSBROS,20191018,141.45,156.85,141.1,155,31573
KIRLOSENG,20191018,176.55,181.8,173.55,177.7,9914
KIRLOSIND,20191018,655.5,670,655.5,668.2,2309
KITEX,20191018,86.65,88.4,86,86.9,48916
KKCL,20191018,990,1000,970.1,1000,122
KMSUGAR,20191018,5.8,6,5.6,5.95,76064
KNRCON,20191018,228.5,234.8,225.65,228.95,40939
KOHINOOR,20191018,9.05,9.05,9,9,26036
KOKUYOCMLN,20191018,64.5,74.8,63.2,71.65,99809
KOLTEPATIL,20191018,248.85,258.8,245.45,251.9,85986
KOPRAN,20191018,25.45,27.3,25.45,26.1,43208
KOTAKBANK,20191018,1603.8,1619.6,1591,1615.25,2357607
KOTAKBKETF,20191018,295.2,299.3,295.2,297.68,41605
KOTAKGOLD,20191018,347.8,347.8,340.1,340.75,22060
KOTAKNIFTY,20191018,118.95,121,118.95,120.36,102418
KOTAKNV20,20191018,57.35,58.8,57,57.99,15444
KOTAKPSUBK,20191018,218,224.98,211.7,222.76,19771
KOTARISUG,20191018,10.35,10.35,9.6,9.75,19712
KOTHARIPET,20191018,16.2,16.9,16.05,16.45,6663
KOTHARIPRO,20191018,73,73.4,64,66.55,90528
KPITTECH,20191018,97.45,98.55,96,97.1,247224
KPRMILL,20191018,574.8,611,574.8,605.55,99888
KRBL,20191018,201.95,222,201.95,216.8,137716
KREBSBIO,20191018,89.85,90,86.3,86.55,1691
KRIDHANINF,20191018,6.25,6.45,6,6.05,86785
KRISHANA,20191018,55,55,55,55,211
KSB,20191018,680,681,666.05,669.45,2916
KSCL,20191018,472.05,504.8,472.05,493.45,280436
KSERASERA,20191018,0.05,0.1,0.05,0.1,664438
KSK,20191018,0.4,0.45,0.4,0.45,426191
KSL,20191018,185.7,189.05,185,185.35,21086
KTIL,20191018,33.9,33.9,28.85,30.65,7142
KTKBANK,20191018,68.8,71.45,68,69,1796720
KWALITY,20191018,1.85,1.85,1.85,1.85,100230
L&TFH,20191018,86,86.5,83.75,85.4,17004755
LAKSHVILAS,20191018,19,20.4,19,19,6985106
LALPATHLAB,20191018,1388.15,1450,1378.5,1419.15,58734
LAMBODHARA,20191018,29.85,30.25,29.25,29.65,4320
LAOPALA,20191018,175.75,176.15,171.3,175.2,19214
LASA,20191018,18,18.25,18,18.2,21766
LAURUSLABS,20191018,310.4,321,310,316.2,188784
LAXMIMACH,20191018,3639.95,3734.35,3601.05,3624.8,4882
LEMONTREE,20191018,56.2,57.4,56.05,56.5,376284
LFIC,20191018,46.1,55,46.05,48.7,14
LGBBROSLTD,20191018,263.95,271.75,262.6,268.55,2944
LGBFORGE,20191018,2.55,2.55,2.4,2.45,24651
LIBAS,20191018,58,58,52.2,56.7,36
LIBERTSHOE,20191018,108.7,117.9,107.7,113.75,385721
LICHSGFIN,20191018,383,392,376.9,385,2473591
LICNETFGSC,20191018,20,23.6,20,21.53,39343
LICNETFN50,20191018,120,122.05,117.3,122.04,66
LICNETFSEN,20191018,486.3,486.3,486.3,486.3,2
LICNFNHGP,20191018,121,124,120.65,120.65,30
LINCOLN,20191018,149,156.8,149,153.2,10760
LINCPEN,20191018,180,186,180,183.05,456
LINDEINDIA,20191018,509,534.4,509,524,35440
LIQUIDBEES,20191018,1000,1000.01,999.9,999.99,1063305
LIQUIDETF,20191018,999.99,1000.01,999.99,999.99,19119
LOKESHMACH,20191018,35.55,36.5,35.1,36.3,4729
LOTUSEYE,20191018,20.05,21.05,19.8,19.85,2974
LOVABLE,20191018,56.15,61.25,56.15,58.8,28200
LPDC,20191018,1.4,1.5,1.3,1.4,9600
LSIL,20191018,0.5,0.5,0.4,0.45,562589
LT,20191018,1428,1457,1425.4,1447.8,3516394
LTI,20191018,1535,1634,1535,1610.6,659006
LTTS,20191018,1595,1658,1577,1639.15,108741
LUMAXIND,20191018,1252.95,1299,1252.95,1276.25,3235
LUMAXTECH,20191018,90,95.85,89,90.6,38762
LUPIN,20191018,726.5,746.15,722.85,739.1,1813831
LUXIND,20191018,1167,1235,1156.5,1217.95,50728
LYKALABS,20191018,16.9,16.9,15.65,15.95,68635
LYPSAGEMS,20191018,4.5,4.5,4.1,4.2,14944
M&M,20191018,589,595.5,583.6,593.3,2955289
M&MFIN,20191018,314.9,328.55,314.9,319.25,1870277
M100,20191018,16.59,17.07,16.3,16.92,128988
M50,20191018,113.93,114.38,113.52,113.74,512
MAANALU,20191018,59,62.5,57.25,61.3,5607
MADHAV,20191018,24.65,26.6,24,24.1,876
MADHUCON,20191018,3.35,3.6,3.3,3.4,28997
MADRASFERT,20191018,19.7,20.65,19.7,20.1,455272
MAGADSUGAR,20191018,104,106.2,99.6,103.15,20505
MAGMA,20191018,50.65,53.55,49,52.1,119179
MAGNUM,20191018,3.6,3.6,3.3,3.6,2685
MAHABANK,20191018,9.6,9.9,9.5,9.75,741510
MAHAPEXLTD,20191018,82.05,90.3,82.05,87.65,208
MAHASTEEL,20191018,148.95,149,143.5,146.15,18079
MAHESHWARI,20191018,217.8,220.75,217.25,218.05,21481
MAHINDCIE,20191018,144.5,149.9,143.25,148.55,259210
MAHLIFE,20191018,434.45,436.9,422.85,427.85,58719
MAHLOG,20191018,357.5,373,351.1,370.7,94393
MAHSCOOTER,20191018,4598,4685,4580.05,4641.6,12166
MAHSEAMLES,20191018,354,363.25,354,359.75,7068
MAITHANALL,20191018,450.1,467.4,450.1,459.7,13794
MAJESCO,20191018,428,435,411,416.35,16466
MALUPAPER,20191018,25.25,26.9,25.25,25.9,67717
MAN50ETF,20191018,117.7,118.2,117.4,118.19,210
MANAKALUCO,20191018,4.15,4.35,4,4.3,12176
MANAKCOAT,20191018,4.25,4.75,4.25,4.5,26873
MANAKSIA,20191018,31.75,33.45,31.5,32.85,6271
MANAKSTEEL,20191018,10.1,10.5,9.6,10.35,9872
MANALIPETC,20191018,17.7,18.5,17.6,17.9,219212
MANAPPURAM,20191018,144.15,155.1,143.6,154.55,13235060
MANGALAM,20191018,27.15,27.15,25.35,25.95,9095
MANGCHEFER,20191018,30,30.45,29.15,30.05,46688
MANGLMCEM,20191018,294.95,313,292,307.9,29709
MANGTIMBER,20191018,5.05,5.25,4.8,5.2,3605
MANINDS,20191018,42.05,43.9,41.75,43.75,26845
MANINFRA,20191018,21.4,22.2,20.55,21.55,676554
MANUGRAPH,20191018,12.8,13.9,12.8,13.4,7110
MARALOVER,20191018,18.8,18.8,17.8,18.35,6140
MARATHON,20191018,69,76,68.8,73.05,3938
MARICO,20191018,387.75,392.9,385.5,391.85,1563849
MARKSANS,20191018,14.9,14.9,14.4,14.65,498443
MARUTI,20191018,7081.3,7450,7061.65,7302.3,1463126
MASFIN,20191018,669,678.75,662,665.6,6983
MASTEK,20191018,337.95,350.95,326.7,342.7,256161
MATRIMONY,20191018,528,549,516.1,539.25,3626
MAWANASUG,20191018,33.3,34.4,32.5,33.45,34309
MAXINDIA,20191018,64.4,65.5,63,65.1,38205
MAXVIL,20191018,38.25,40.6,36.7,37.85,70846
MAYURUNIQ,20191018,211.75,236.95,211.75,225.6,48728
MAZDA,20191018,363,367.95,356.5,362.1,1173
MBAPL,20191018,77,77,75,75,1250
MBECL,20191018,3.35,3.6,3.35,3.6,6197
MBLINFRA,20191018,4.75,4.75,4.75,4.75,7281
MCDHOLDING,20191018,17.1,17.9,17.1,17.75,10690
MCDOWELL-N,20191018,632.4,644.8,631.8,635.2,1461351
MCLEODRUSS,20191018,6.5,6.55,6.1,6.5,234527
MCX,20191018,1006,1088,1006,1068.85,2100971
MEGASOFT,20191018,6.2,6.9,6.2,6.45,5721
MEGH,20191018,51.45,53.4,51,52.1,812800
MENONBE,20191018,57.6,61.45,57.55,59.7,11970
MEP,20191018,28.05,29,27.3,27.6,65555
MERCATOR,20191018,0.65,0.75,0.65,0.7,1045875
METALFORGE,20191018,5,5,4.55,4.55,12598
METROPOLIS,20191018,1280,1409.95,1269,1364.4,68026
MFSL,20191018,406,411.5,405.25,410.4,352631
MGL,20191018,975.4,983.5,960.65,966.4,401923
MHRIL,20191018,212.3,218.75,211,217.15,18704
MIC,20191018,0.55,0.55,0.45,0.45,22689
MIDHANI,20191018,129.2,136,128.05,132.15,400771
MINDACORP,20191018,82,89.8,81.5,84.2,169340
MINDAIND,20191018,356,375,356,368.55,163640
MINDTECK,20191018,31.1,32.35,30.9,31.25,4654
MINDTREE,20191018,725,742.95,723.05,735.7,974114
MIRCELECTR,20191018,8.7,8.7,8.15,8.15,420428
MIRZAINT,20191018,54.1,56.5,54.1,54.6,250660
MMFL,20191018,376.5,387,370,383,5206
MMTC,20191018,15.55,18.7,15.55,18.25,7999452
MOHITIND,20191018,4.4,4.75,4.4,4.75,725
MOHOTAIND,20191018,11.45,12,11.4,11.65,8871
MOIL,20191018,134.7,154.4,134.7,140.8,1498006
MOLDTECH,20191018,53.95,53.95,51.1,51.5,8243
MOLDTKPAC,20191018,305.3,318.9,305.25,315.8,40730
MONTECARLO,20191018,235.1,241.45,235.1,239.85,5095
MORARJEE,20191018,12.75,13.7,12.25,12.9,4490
MOREPENLAB,20191018,16.35,16.7,16.15,16.6,291412
MOTHERSUMI,20191018,111,111.3,106.6,107.55,15261376
MOTILALOFS,20191018,640.25,655.7,640.1,643.95,59516
MOTOGENFIN,20191018,32.65,32.65,31.05,31.1,500
MPHASIS,20191018,924.95,943,918.05,935.85,187638
MPSLTD,20191018,481,489.8,481,482.45,2070
MRF,20191018,64900,65086.95,63800,64019.75,4473
MRO-TEK,20191018,20.9,20.9,20.9,20.9,101
MRPL,20191018,51.95,52.8,48.6,49,897694
MSPL,20191018,4.5,4.9,4.5,4.75,1656
MSTCLTD,20191018,101.25,101.25,98.5,99.1,23530
MTEDUCARE,20191018,14.25,14.6,14.25,14.6,7246
MTNL,20191018,5.25,5.45,5,5.4,679306
MUKANDENGG,20191018,11.6,11.85,11.1,11.4,6117
MUKANDLTD,20191018,30.15,34.2,30.05,31.85,22871
MUKTAARTS,20191018,39.5,46.1,38.6,39.9,63484
MUNJALAU,20191018,38.95,40.3,38.1,39.25,122287
MUNJALSHOW,20191018,131.95,135.9,130.05,133,23050
MURUDCERA,20191018,15.3,15.9,15.1,15.25,38207
MUTHOOTCAP,20191018,452,457.5,445.25,453.05,8051
MUTHOOTFIN,20191018,648.3,678.45,648.3,675.8,752940
MVL,20191018,0.05,0.1,0.05,0.1,333455
N100,20191018,558,559,554,555.83,3663
NACLIND,20191018,28.2,28.75,27.5,28,19848
NAGAFERT,20191018,2.7,2.8,2.7,2.8,33418
NAGAROIL,20191018,0.2,0.25,0.15,0.2,422038
NAGREEKCAP,20191018,6.65,7.2,6.65,7,3090
NAGREEKEXP,20191018,15.6,17,15.5,15.7,2889
NAHARCAP,20191018,70,72.2,69.5,71.6,2078
NAHARINDUS,20191018,22.55,24.5,22.55,23.95,6924
NAHARPOLY,20191018,32.45,33.8,32.45,33.55,3188
NAHARSPING,20191018,50.4,51,48.35,48.75,8427
NATCOPHARM,20191018,573,580.75,553.9,567.85,214179
NATHBIOGEN,20191018,334.9,339,326.3,337.6,16381
NATIONALUM,20191018,40.7,44.6,40.7,43.8,25177942
NATNLSTEEL,20191018,1.85,1.85,1.8,1.8,1843
NAUKRI,20191018,2299.9,2357.55,2286,2299.95,251040
NAVINFLUOR,20191018,756.4,780,744,770.4,68131
NAVKARCORP,20191018,33.9,34.9,33.9,34.6,109862
NAVNETEDUL,20191018,100,101.7,99.25,100,36677
NBCC,20191018,34,38.3,34,36.9,35086843
NBIFIN,20191018,1375,1495.05,1375,1450,306
NBVENTURES,20191018,73.7,75.5,73.2,74.35,52126
NCC,20191018,50.7,54.4,50.3,53.35,27207416
NCLIND,20191018,93.5,94.3,91.55,92.3,64120
NDGL,20191018,516,579.95,516,559,78
NDL,20191018,31.95,32.8,30.6,31.35,11106
NDTV,20191018,30.5,31.25,30.5,30.75,9943
NECCLTD,20191018,5.15,5.2,4.95,5,21219
NECLIFE,20191018,11.6,12.7,11.45,12.3,178606
NELCAST,20191018,38.05,39.4,37.75,38.5,45582
NELCO,20191018,256,269.2,256,264.25,510547
NEOGEN,20191018,384,389.9,378.05,387.1,16466
NESCO,20191018,571.2,578.8,565.7,569.2,10924
NESTLEIND,20191018,14519.1,14943.35,14403.3,14835.45,121565
NETF,20191018,118.03,118.03,118.03,118.03,42
NETWORK18,20191018,19.9,20.35,19.5,20.2,301116
NEULANDLAB,20191018,481.05,488,470,484.55,6960
NEWGEN,20191018,267,269,265.7,267.7,5437
NEXTMEDIA,20191018,8.5,9.5,8.5,9.3,26201
NFL,20191018,25.15,26.6,25,26.15,837593
NH,20191018,229.25,238,229.25,234.9,111143
NHPC,20191018,23.5,24.1,23.25,23.9,4838759
NIACL,20191018,139.8,155,130,143.75,4761744
NIBL,20191018,7.95,8.2,7.8,8.05,1479
NIFTYBEES,20191018,1227.95,1236.99,1221.98,1234.55,48775
NIITLTD,20191018,78.7,84.8,76.65,83.5,1043273
NIITTECH,20191018,1415.5,1450,1397.7,1436.55,277477
NILAINFRA,20191018,3.85,4.6,3.8,4.6,1578730
NILASPACES,20191018,0.95,1,0.9,1,190693
NILKAMAL,20191018,1212.05,1249,1202.15,1233.55,17968
NIPPOBATRY,20191018,460,489,451,461.15,510
NITCO,20191018,23.1,24.6,23.1,24.3,81052
NITESHEST,20191018,1.5,1.55,1.45,1.5,56794
NITINSPIN,20191018,48.8,54.8,48.65,52,29541
NKIND,20191018,30.1,31,30.1,30.9,1208
NLCINDIA,20191018,53.25,57.3,53.05,56,1145324
NMDC,20191018,106.95,110.5,102.7,108.85,21650530
NOCIL,20191018,110.7,116,110.5,114.85,1212361
NOIDATOLL,20191018,3.6,3.75,3.45,3.55,15371
NPBET,20191018,163.67,165.44,163.67,165.42,575
NRAIL,20191018,228.55,239.85,228.3,234.9,8038
NRBBEARING,20191018,102.4,104.9,102,102.45,56445
NSIL,20191018,779.95,779.95,736.05,770.35,476
NTL,20191018,0.4,0.4,0.4,0.4,18015
NTPC,20191018,118.8,121.5,118.4,121.05,16961782
NUCLEUS,20191018,308,326,308,313.65,4188
OAL,20191018,194.15,203.1,193.05,198.5,3392
OBEROIRLTY,20191018,517.9,545,516.8,540.05,465765
OCCL,20191018,1024,1028,1000,1006.55,10741
OFSS,20191018,3082,3129.8,3055,3070.25,20425
OIL,20191018,163.35,174.95,162.6,172.8,3827924
OILCOUNTUB,20191018,6.6,7.1,6.45,6.85,11981
OISL,20191018,4.9,4.9,4.5,4.7,28149
OLECTRA,20191018,186.15,187.1,184,185.1,58766
OMAXAUTO,20191018,41.45,44,41.4,42.9,17268
OMAXE,20191018,187.4,188.95,185.85,186.85,134664
OMKARCHEM,20191018,4.55,4.65,4.35,4.35,21163
OMMETALS,20191018,18.5,19.8,18.5,19.65,23283
ONELIFECAP,20191018,5.05,5.05,5.05,5.05,50
ONEPOINT,20191018,16.45,16.45,14.5,15,2461
ONGC,20191018,140.1,144.5,139.9,143.5,17597233
ONMOBILE,20191018,31.8,32.1,31.5,31.7,67131
ONWARDTEC,20191018,64.45,64.8,62.35,64.3,2800
OPTIEMUS,20191018,31.35,32.2,29.2,29.4,126196
OPTOCIRCUI,20191018,3.9,4.05,3.9,3.95,121970
ORBTEXP,20191018,91,93,89.2,92.3,1981
ORICONENT,20191018,18.6,19.5,18.15,18.9,55506
ORIENTABRA,20191018,16.2,17,16.2,16.9,49926
ORIENTALTL,20191018,13.5,13.5,13.25,13.35,2065
ORIENTBANK,20191018,51.95,53.9,49.15,49.5,2860834
ORIENTBELL,20191018,122,127,116.25,121.2,24871
ORIENTCEM,20191018,85.3,90,84.5,89.2,333482
ORIENTELEC,20191018,161.15,176,161.15,173.4,628310
ORIENTHOT,20191018,35.9,35.95,34.8,35.35,23876
ORIENTLTD,20191018,117.8,117.8,102,108.1,673
ORIENTPPR,20191018,26.3,28.4,26.1,27.95,568483
ORIENTREF,20191018,209,221.9,209,213.9,42120
ORISSAMINE,20191018,899.7,962.4,899.65,925.45,43104
ORTINLABSS,20191018,10.35,10.35,9.5,9.65,7158
OSWALAGRO,20191018,5.1,5.65,4.95,5.45,15572
PAEL,20191018,3,3,3,3,164
PAGEIND,20191018,21480,21652,21210,21498.45,31520
PAISALO,20191018,455.75,459.9,448,458.05,42847
PALASHSECU,20191018,36,36,33.45,33.7,3147
PALREDTEC,20191018,15.4,15.85,15.4,15.85,710
PANACEABIO,20191018,138.65,143,137.65,139.5,17804
PANAMAPET,20191018,72.05,75.5,71.1,72.65,14122
PAPERPROD,20191018,242.8,247,242,245.25,44023
PARABDRUGS,20191018,1,1,1,1,1241
PARACABLES,20191018,7.55,7.85,7.35,7.55,113232
PARAGMILK,20191018,154.65,160,154,156.7,241734
PARSVNATH,20191018,2.7,2.7,2.55,2.6,356475
PATELENG,20191018,9.55,10.05,9.45,10.05,137545
PATINTLOG,20191018,21.6,21.95,20.3,21.8,17716
PATSPINLTD,20191018,5.5,5.7,5.1,5.5,8953
PCJEWELLER,20191018,32.45,34,32.45,33.3,7192655
PDMJEPAPER,20191018,14.4,15.1,13.85,15.1,128122
PDPL,20191018,2.65,2.65,2.65,2.65,110
PDSMFL,20191018,325,327,319,326.35,3537
PEL,20191018,1460,1577.4,1443,1556.85,2854853
PENIND,20191018,27.25,28,26.25,27.15,114812
PENINLAND,20191018,3.55,3.95,3.2,3.55,466533
PERSISTENT,20191018,610,629,597.15,622.55,83147
PETRONENGG,20191018,7.75,7.75,7.75,7.75,100
PETRONET,20191018,262.95,267.95,262.6,267.3,2301727
PFC,20191018,95.2,98.5,94.9,98.1,7416468
PFIZER,20191018,3200,3231.95,3184,3221.95,15746
PFOCUS,20191018,57.5,57.5,53.1,56,49429
PFS,20191018,12.5,13.1,12.4,12.95,455757
PGEL,20191018,37,38,34.1,34.95,322236
PGHH,20191018,11700,11998,11560.65,11824.35,5749
PGHL,20191018,4489.9,4489.9,4392,4419.35,11645
PGIL,20191018,160,172.85,157.05,166,2782
PHILIPCARB,20191018,118.4,123.25,117.5,122.2,903946
PHOENIXLTD,20191018,703.8,735,696.5,721.2,66413
PIDILITIND,20191018,1360,1378,1344,1351.5,826406
PIIND,20191018,1317.9,1317.9,1258.15,1278.55,213593
PILANIINVS,20191018,1970,1970,1892,1898,3264
PILITA,20191018,4.7,4.95,4.5,4.85,26393
PIONDIST,20191018,133,135.7,131.1,134.6,13095
PIONEEREMB,20191018,21.5,23,21.1,21.6,7354
PIRPHYTO,20191018,18.65,19,18.65,19,459
PITTIENG,20191018,40.25,41,39.5,40.3,12787
PKTEA,20191018,116.9,122.3,115,121.9,299
PLASTIBLEN,20191018,174.8,178.9,172.45,174.65,1860
PNB,20191018,58.9,60.7,58.5,60.25,16943401
PNBGILTS,20191018,28.65,29.35,28.05,28.4,411460
PNBHOUSING,20191018,411.5,488.85,401.45,479.8,3567640
PNC,20191018,13.95,13.95,12.8,13,266
PNCINFRA,20191018,172.65,174.9,170,170.95,166013
PODDARHOUS,20191018,388.5,388.5,370.05,388.5,230
PODDARMENT,20191018,163,166,158,164.1,1236
POKARNA,20191018,156.85,164.9,156.05,162.15,48594
POLYCAB,20191018,722.75,730,720.1,723.6,134351
POLYMED,20191018,210,212.65,208,209.65,2107
POLYPLEX,20191018,461.9,486,458.6,482.4,71991
PONNIERODE,20191018,106.65,113.45,106.65,108.4,2080
POWERGRID,20191018,197.7,203.25,197,202.55,4947441
POWERMECH,20191018,672.6,719.65,668.95,700.15,27383
PPAP,20191018,196.4,207.85,193.95,198.2,8866
PPL,20191018,64.5,66.95,60.05,63.05,83845
PRABHAT,20191018,79,82,79,81.45,180079
PRADIP,20191018,0.35,0.4,0.35,0.4,6187
PRAENG,20191018,5.4,5.7,5.4,5.45,22019
PRAJIND,20191018,106.2,108.65,105.45,106.9,1170283
PRAKASH,20191018,42.3,45.95,42.3,45.3,388895
PRAKASHSTL,20191018,0.2,0.2,0.2,0.2,6000
PRAXIS,20191018,65.95,66.25,62,66.25,1679
PRECAM,20191018,29.95,30.9,28.1,30.4,65343
PRECOT,20191018,27.35,27.35,25.1,26.45,679
PRECWIRE,20191018,148,152.65,146.15,150.7,6130
PREMEXPLN,20191018,170.05,173.9,166.35,170.1,8936
PREMIER,20191018,2.75,2.75,2.6,2.6,2195
PREMIERPOL,20191018,20.5,20.5,18.5,18.6,2079
PRESSMN,20191018,20.75,21.05,19.65,20.4,9581
PRESTIGE,20191018,291.9,301.75,287,298.3,72491
PRICOLLTD,20191018,32.65,33.05,32.15,32.5,168810
PRIMESECU,20191018,42.1,46.5,42.05,45.85,139017
PROSEED,20191018,0.3,0.35,0.25,0.35,8689
PROVOGE,20191018,0.9,0.9,0.9,0.9,73992
PROZONINTU,20191018,14.75,15.4,14.7,15.05,40447
PRSMJOHNSN,20191018,77,78,75.65,77.6,190595
PSB,20191018,18,18.05,17.55,17.7,127066
PSL,20191018,0.55,0.6,0.55,0.55,17800
PSPPROJECT,20191018,552.8,553.9,543.1,550.45,9088
PSUBNKBEES,20191018,245.5,249.24,245.5,247.62,3976
PTC,20191018,53.8,57.3,53.6,56.9,1381539
PTL,20191018,35.9,37.7,35.9,36.8,20954
PUNJABCHEM,20191018,548,564.95,542,548.9,3863
PURVA,20191018,62.75,64.8,62.1,63.45,49981
PVR,20191018,1843.4,1847,1815.6,1827.55,693796
QGOLDHALF,20191018,1681,1686,1681,1682.1,485
QNIFTY,20191018,1190,1196.5,1190,1195.5,42
QUESS,20191018,462.95,475,461.55,471.4,56204
QUICKHEAL,20191018,120.8,126.65,120.8,124.2,105573
QUINTEGRA,20191018,0.9,0.9,0.85,0.9,563
RADAAN,20191018,1,1.1,1,1.05,11440
RADICO,20191018,306.5,319.2,304.1,316.05,374150
RADIOCITY,20191018,32,33.6,31.5,32.4,34736
RAIN,20191018,93,95.6,91.35,94.4,1196233
RAJESHEXPO,20191018,673.5,676.95,672.1,673.4,334290
RAJSREESUG,20191018,16.05,16.7,15.15,16.65,3385
RAJTV,20191018,47.85,47.85,42.9,44.55,2479
RALLIS,20191018,173.35,173.35,163.25,165.05,491460
RAMANEWS,20191018,16.9,17.4,16.25,16.95,3958
RAMASTEEL,20191018,51.95,52.8,50.2,51.2,8772
RAMCOCEM,20191018,739,758.85,739,754.6,202729
RAMCOIND,20191018,173,176,170.05,174.95,24933
RAMCOSYS,20191018,151.95,154.95,147.6,148.55,24889
RAMKY,20191018,42.8,47.2,42.8,47.2,143843
RANASUG,20191018,2.1,2.2,2.05,2.1,224139
RANEENGINE,20191018,222.95,235,212.3,228.6,3935
RANEHOLDIN,20191018,897.65,906,870.05,883.8,1227
RATNAMANI,20191018,925.8,930.3,900.35,920,296180
RAYMOND,20191018,570,600,570,596,773805
RBL,20191018,494,510,485.1,505.1,16219
RBLBANK,20191018,285,299,280.1,295.25,22471544
RCF,20191018,48.1,51.4,48.05,51,2267232
RCOM,20191018,0.75,0.75,0.7,0.75,9504754
RECLTD,20191018,125,131,124.55,130.5,9043937
REDINGTON,20191018,108.85,113.65,108.2,110.2,307830
REFEX,20191018,44.35,44.35,44.35,44.35,30753
RELAXO,20191018,502.5,532,500,528.45,293814
RELCAPITAL,20191018,12.35,13.45,12.35,13.45,6292709
RELCNX100,20191018,121.63,121.83,120.57,120.97,936
RELCONS,20191018,53.9,53.95,53.7,53.86,1066
RELDIVOPP,20191018,29.44,30,29.44,29.77,136
RELIANCE,20191018,1404,1427.9,1398.7,1416.35,12856410
RELIGARE,20191018,43.2,44.25,43,43.3,429607
RELINFRA,20191018,19.75,21.75,19.3,21.75,3970243
RELNV20,20191018,572.3,580.49,572.3,579.83,256
REMSONSIND,20191018,86.85,87,85,85.95,7650
RENUKA,20191018,6.75,6.9,6.7,6.85,567562
REPCOHOME,20191018,290.7,295.85,286.1,290.3,42795
REPRO,20191018,570,575,565.55,569.35,6907
RESPONIND,20191018,91.2,106.55,88.8,94.5,259156
RETFMID150,20191018,59.45,60.19,59.45,60.16,21753
REVATHI,20191018,359.4,360,342,342.85,365
RGL,20191018,251,251,242.65,244.2,557
RHFL,20191018,3.3,3.4,3.15,3.4,1167117
RICOAUTO,20191018,41.6,43.7,41,43.4,345104
RIIL,20191018,257.2,266,256.05,261.7,305292
RITES,20191018,263.6,271.5,262.25,266.05,603856
RKDL,20191018,6.05,6.35,5.8,6,5632
RKFORGE,20191018,270,273.95,264,266.2,20517
RMCL,20191018,4.6,4.6,4.45,4.5,42741
RML,20191018,267.95,287,265.95,281,12778
RNAM,20191018,272.7,293,272,288.6,2998023
RNAVAL,20191018,2.5,2.5,2.5,2.5,175946
ROHITFERRO,20191018,0.55,0.55,0.55,0.55,12275
ROHLTD,20191018,77.25,79,77.25,78.65,17587
ROLLT,20191018,2.15,2.15,2.15,2.15,440
ROLTA,20191018,4.2,4.4,4.15,4.35,233596
ROSSELLIND,20191018,60,60,55.75,57.05,3583
RPGLIFE,20191018,194.05,200.75,193,199.3,13979
RPOWER,20191018,2,2.3,1.95,2.3,30403532
RPPINFRA,20191018,73.9,81.6,73.9,75.1,44501
RRSLGETF,20191018,20.01,20.03,19.98,20.01,2762
RSSOFTWARE,20191018,16.6,18.9,16.6,18.2,94224
RSWM,20191018,107.45,112.05,104.5,106.7,12984
RSYSTEMS,20191018,39.55,40,38.55,39.35,6250
RTNINFRA,20191018,1.45,1.55,1.45,1.45,750836
RTNPOWER,20191018,1.4,1.45,1.35,1.35,666233
RUBYMILLS,20191018,175,175,170.05,172.45,2304
RUCHINFRA,20191018,1.85,1.95,1.85,1.95,6350
RUCHIRA,20191018,82.4,84.45,81.6,83,53549
RUCHISOYA,20191018,3.8,3.8,3.65,3.7,1807620
RUPA,20191018,165.95,177.9,160.15,172.3,58256
RUSHIL,20191018,100,100.25,90.8,98.7,31761
RVNL,20191018,23.6,24.5,23.45,23.75,11617014
SABTN,20191018,2,2,1.9,2,4457
SADBHAV,20191018,139.9,142,136.35,139.35,37627
SADBHIN,20191018,45.7,48,43.75,44.05,11515
SAFARI,20191018,580,591.7,572,575.7,949
SAGARDEEP,20191018,56,56,50.95,51.6,15460
SAGCEM,20191018,543,553,540,552.4,5102
SAIL,20191018,33.45,36.55,33.15,36.2,58695573
SAKAR,20191018,48.9,50.25,46.35,49.8,10940
SAKHTISUG,20191018,7.85,8,7.55,7.85,20651
SAKSOFT,20191018,244,245,240.05,243.7,3044
SAKUMA,20191018,7.45,7.55,7.05,7.4,136041
SALASAR,20191018,93.3,94.5,92.5,93.2,13800
SALONA,20191018,69.55,72.9,68.2,71.35,281
SALSTEEL,20191018,2.3,2.3,2.3,2.3,16383
SALZERELEC,20191018,117.7,121.25,113.25,116.95,5133
SAMBHAAV,20191018,2.4,2.5,2.4,2.4,31641
SANCO,20191018,17.4,17.7,16.6,17.3,112633
SANDESH,20191018,585.65,592,576.4,586.75,371
SANDHAR,20191018,230.1,237.85,230.05,235.5,3618
SANGAMIND,20191018,36.55,37.85,36.5,37.2,2948
SANGHIIND,20191018,48.65,49.9,48.1,49.15,110937
SANGHVIFOR,20191018,28.8,31.5,28.8,31.5,703
SANGHVIMOV,20191018,72.45,75.55,70.9,74.75,18330
SANGINITA,20191018,123,123,118,119,25282
SANOFI,20191018,6300,6300,5920.15,5996.25,22155
SANWARIA,20191018,1.45,1.55,1.45,1.55,6249606
SARDAEN,20191018,159.1,164.45,157.95,160.75,21818
SAREGAMA,20191018,335.75,351.7,331,345.05,15617
SARLAPOLY,20191018,21.3,21.3,20.1,20.3,133564
SASKEN,20191018,611.5,638,586.25,602.95,17092
SASTASUNDR,20191018,93.9,93.9,89.05,92.85,2706
SATHAISPAT,20191018,3.7,3.8,3.65,3.65,51368
SATIA,20191018,71.65,73,70.4,71.2,28520
SATIN,20191018,255,268.05,253.95,259,40178
SBIETFQLTY,20191018,99.2,100.25,98,100.04,978
SBILIFE,20191018,905.8,930,899,925.95,1819540
SBIN,20191018,264.4,271.35,263.2,269.65,33203721
SCAPDVR,20191018,0.4,0.4,0.35,0.35,7764
SCHAEFFLER,20191018,4209,4209,4094.45,4129.85,16233
SCHAND,20191018,58.15,62.45,58.15,61.7,11740
SCHNEIDER,20191018,72,73.5,71.35,73.25,29528
SCI,20191018,43.2,47.5,42.8,46.95,4649937
SDBL,20191018,112,116.95,108,111.8,15026
SEAMECLTD,20191018,369.8,375,369.8,373.75,4401
SELAN,20191018,131.9,134.55,131.65,133.6,21698
SELMCL,20191018,0.6,0.6,0.55,0.6,33985
SEPOWER,20191018,2.55,2.8,2.35,2.5,2287
SEQUENT,20191018,75,76,73.7,74,94669
SESHAPAPER,20191018,177,186,177,182.35,14192
SETCO,20191018,15.2,15.65,15,15.05,160916
SETF10GILT,20191018,187.43,187.43,187.43,187.43,4
SETFGOLD,20191018,3468,3568.95,3427.15,3447.4,2587
SETFNIF50,20191018,119,120.1,118.81,119.73,180376
SETFNIFBK,20191018,293,295.45,291.43,293.68,14897
SETFNN50,20191018,280,286.55,280,286.2,2627
SETUINFRA,20191018,1.5,1.55,1.45,1.5,47341
SEYAIND,20191018,338,350,338,345.05,12898
SFL,20191018,1250.05,1271.35,1240.1,1251.9,2543
SGL,20191018,7.1,7.6,7,7.25,19019
SHAHALLOYS,20191018,7.6,8.4,7.6,8.4,1971
SHAKTIPUMP,20191018,280.9,288.9,275.2,276.9,26122
SHALBY,20191018,90,90,87.55,87.85,13267
SHALPAINTS,20191018,97,98.75,93.6,94.65,127504
SHANKARA,20191018,289.7,298.45,282.55,286.45,69441
SHANTIGEAR,20191018,97.5,97.5,93.4,95.25,9066
SHARDACROP,20191018,283.95,294.85,280.15,285.45,6686
SHARDAMOTR,20191018,801,955.9,801,951.3,15171
SHARIABEES,20191018,257.85,259,257.85,259,181
SHEMAROO,20191018,220,227.85,182.8,188.35,123665
SHILPAMED,20191018,260.8,271,256,266.65,13822
SHIRPUR-G,20191018,9.2,9.7,9,9.1,55328
SHIVAMAUTO,20191018,22.1,23.45,21.25,22.65,49008
SHIVAMILLS,20191018,34.9,34.9,33.3,33.3,213
SHIVATEX,20191018,108.1,125,108.1,116.85,5098
SHK,20191018,119,127.75,119,126.15,42543
SHOPERSTOP,20191018,390.05,397.95,390.05,393.95,2646
SHREDIGCEM,20191018,17,17,16.5,16.75,55180
SHREECEM,20191018,18304,18795.9,18220.1,18679.75,22362
SHREEPUSHK,20191018,91,93.7,90.15,91.9,17157
SHREERAMA,20191018,3.1,3.1,3,3,8093
SHRENIK,20191018,51,52.6,51,52.4,95019
SHREYANIND,20191018,119.35,121.95,117.55,119.05,20775
SHREYAS,20191018,74,79.5,73.45,79.5,4706
SHRIPISTON,20191018,701.1,738,700,702,51
SHRIRAMCIT,20191018,1349.45,1349.5,1330.3,1338.6,1396
SHRIRAMEPC,20191018,9.25,10.15,9.25,10.1,351753
SHYAMCENT,20191018,2.65,2.65,2.45,2.65,1593
SICAGEN,20191018,14.9,15.25,14.55,15.25,7257
SICAL,20191018,19.5,20,18.75,18.75,237384
SIEMENS,20191018,1625.55,1656,1620.2,1648.7,500602
SIGIND,20191018,18.65,22.95,18.65,22.35,20441
SIL,20191018,10.2,10.65,9.7,10.35,51230
SILINV,20191018,147.2,154.4,140.5,146.6,3261
SIMBHALS,20191018,6.3,6.35,6.2,6.35,5271
SIMPLEXINF,20191018,40.5,47.7,40,47.7,513904
SINTEX,20191018,1.25,1.25,1.25,1.25,799560
SIRCA,20191018,185,188.8,180,185.9,3259
SIS,20191018,900,907.15,895,895.1,1804
SITINET,20191018,1.7,1.75,1.7,1.7,109785
SIYSIL,20191018,216.05,229,215,224.3,56394
SJVN,20191018,24.3,25.8,24.25,25.65,5806433
SKFINDIA,20191018,2142.3,2160,2105.05,2151.45,6337
SKIL,20191018,4.1,4.1,3.9,4.1,44480
SKIPPER,20191018,51.75,54.1,50.6,53.1,26289
SKMEGGPROD,20191018,37.75,39.4,37.65,38.1,16990
SMARTLINK,20191018,87,87.05,81.95,83.25,7233
SMLISUZU,20191018,581,591,570.6,576.1,9436
SMSLIFE,20191018,255.8,256.35,240.05,256.35,5064
SMSPHARMA,20191018,42.6,43.5,41.1,41.6,18645
SNOWMAN,20191018,37.95,38.7,37.25,38.3,251026
SOBHA,20191018,455.7,472.8,448,451.7,269594
SOLARA,20191018,401.6,418,401.55,411.35,11889
SOLARINDS,20191018,1088,1095,1083.5,1090.1,11629
SOMANYCERA,20191018,182,194.2,181,188,101308
SOMATEX,20191018,2.7,2.7,2.7,2.7,2642
SOMICONVEY,20191018,11.1,12.1,11.1,11.5,2442
SONATSOFTW,20191018,298,314.5,296,311.85,125245
SORILINFRA,20191018,83.15,87.3,79.15,87.3,76091
SOTL,20191018,850,859.9,825.6,846.1,1018
SOUTHBANK,20191018,10.2,10.6,10.2,10.3,19394452
SOUTHWEST,20191018,15,15,13.5,15,118754
SPAL,20191018,205,205,201,203.8,8540
SPANDANA,20191018,1097,1105,1072.1,1087.65,46428
SPARC,20191018,130.9,134.95,130.5,132.5,783061
SPCENET,20191018,1.15,1.2,1.1,1.1,5052
SPECIALITY,20191018,72,74,68,69.8,49629
SPENCERS,20191018,63.6,71,63.1,67.75,475803
SPENTEX,20191018,0.35,0.35,0.3,0.35,18012
SPIC,20191018,18.4,19.15,18.25,19,24197
SPICEJET,20191018,121.45,121.5,119.1,119.6,1058286
SPLIL,20191018,31.45,31.7,30.7,31.2,16262
SPMLINFRA,20191018,6.3,6.9,6.3,6.8,79125
SPTL,20191018,2.2,2.2,2.2,2.2,592228
SPYL,20191018,0.2,0.25,0.2,0.25,36608
SREEL,20191018,174,176.9,171.6,175.45,6490
SREINFRA,20191018,8.2,8.3,7.85,8.2,921251
SRF,20191018,2677.9,2721.95,2664.5,2693.7,181485
SRHHYPOLTD,20191018,98,105.5,98,103.5,2672
SRIPIPES,20191018,169,171,168.7,169.3,46032
SRTRANSFIN,20191018,1062.1,1106.4,1058.1,1096.25,1053111
SSWL,20191018,766.6,774.95,766.6,773.65,2544
STAMPEDE,20191018,0.65,0.7,0.65,0.7,27456
STAR,20191018,350,355.5,344.6,353.85,911003
STARCEMENT,20191018,93.8,96,93.45,94.35,92827
STARPAPER,20191018,107,112.4,107,111.5,103682
STCINDIA,20191018,50.6,50.6,50.6,50.6,9245
STEELCITY,20191018,29.6,29.6,28.65,29,5484
STEELXIND,20191018,10,11,9.9,10.6,20962
STEL,20191018,67.8,67.8,64.2,64.9,9852
STERTOOLS,20191018,157.2,169.85,150.7,156.9,31792
STRTECH,20191018,141.8,148.9,140.7,147.15,1409262
SUBCAPCITY,20191018,6,6,6,6,152
SUBEX,20191018,5.15,5.15,4.95,5.05,572247
SUBROS,20191018,240.4,246.5,236.75,241.5,37345
SUDARSCHEM,20191018,375,380.65,374.25,375.45,61809
SUJANAUNI,20191018,0.15,0.15,0.15,0.15,20815
SUMEETINDS,20191018,1.6,1.7,1.55,1.7,96040
SUMIT,20191018,23.95,24,21,22.4,12992
SUMMITSEC,20191018,466.05,466.05,454,454,2147
SUNCLAYLTD,20191018,1920.05,2209,1920.05,2046.05,9518
SUNDARAM,20191018,1.35,1.45,1.3,1.45,489019
SUNDARMFIN,20191018,1608.05,1629.85,1608,1619.85,7138
SUNDARMHLD,20191018,70,72,67.6,70.55,28345
SUNDRMBRAK,20191018,257.95,264,243.5,257.25,850
SUNDRMFAST,20191018,463.05,469.3,455.2,460.2,118482
SUNFLAG,20191018,25.2,25.85,24.75,25.3,148296
SUNPHARMA,20191018,401,406.5,397.5,401.65,4647037
SUNTECK,20191018,412.85,418.9,396.15,400.9,148281
SUNTV,20191018,496.1,519.45,495.7,516.95,1880802
SUPERHOUSE,20191018,81.15,83.8,81,82.1,6038
SUPERSPIN,20191018,4.1,4.15,3.7,4.1,45018
SUPPETRO,20191018,171.05,181.9,171,179.55,9941
SUPRAJIT,20191018,181.1,184.9,179.1,180.8,25639
SUPREMEIND,20191018,1220.8,1254.75,1214.85,1224.15,93034
SURANASOL,20191018,5.55,5.75,5.2,5.6,13862
SURANAT&P,20191018,3.45,3.45,3.45,3.45,100
SURYALAXMI,20191018,16.5,17.85,16,16.55,12072
SURYAROSNI,20191018,162.7,168.7,160.4,165.15,87813
SUTLEJTEX,20191018,27.35,27.5,26,26.7,10199
SUVEN,20191018,263.1,284.05,262.3,280.55,366274
SUZLON,20191018,2.45,2.6,2.4,2.55,9484415
SWANENERGY,20191018,104.5,105.15,101.3,103.25,70967
SWARAJENG,20191018,1103.8,1124.9,1102.1,1116.75,3728
SWELECTES,20191018,112.95,116,109,114.85,2793
SWSOLAR,20191018,601.75,618,595,596.7,41494
SYMPHONY,20191018,1245,1274,1241,1252.65,5097
SYNCOM,20191018,0.75,0.8,0.7,0.75,45296
SYNDIBANK,20191018,24.4,25.2,24.05,24.95,735099
SYNGENE,20191018,324.6,334.5,324.6,332.25,100886
TAINWALCHM,20191018,45.5,47.65,44.1,44.65,2528
TAJGVK,20191018,165.55,165.55,161,163.6,15942
TAKE,20191018,108.6,114.6,107.35,111.4,223413
TALBROAUTO,20191018,105,108.3,101.7,104.8,14051
TALWALKARS,20191018,2.8,2.8,2.8,2.8,45909
TALWGYM,20191018,3.85,3.85,3.7,3.85,157510
TANLA,20191018,46.25,47.75,45.35,46.05,206338
TANTIACONS,20191018,1.3,1.35,1.25,1.3,2870
TARMAT,20191018,22.75,23.25,21.25,22,2070
TASTYBITE,20191018,9950.05,10100,9930,10001.25,233
TATACHEM,20191018,607,618.9,606.15,613.5,802884
TATACOFFEE,20191018,75.3,77.35,74.7,76.65,138201
TATACOMM,20191018,362.55,365,355.15,359.7,123538
TATAELXSI,20191018,715.2,721.95,702.55,708.3,1266825
TATAGLOBAL,20191018,279.4,285.2,275.8,282,3298797
TATAINVEST,20191018,835,840.05,808,811.3,25247
TATAMETALI,20191018,566,584.35,566,572.65,80882
TATAMOTORS,20191018,139,141.8,135.6,136.85,64884113
TATAMTRDVR,20191018,62.2,63.15,60.45,61.4,7432551
TATAPOWER,20191018,60,60.5,59.2,59.95,10786215
TATASTEEL,20191018,355.95,362.8,351.75,359.6,16568036
TATASTLBSL,20191018,22.5,22.9,22.1,22.45,572250
TATASTLLP,20191018,403,419,398.85,417.95,57696
TBZ,20191018,48.2,49.8,47.1,48.15,195303
TCI,20191018,281.65,284.5,276.45,280.3,3034
TCIDEVELOP,20191018,346.95,381.15,346.95,347.9,178
TCIEXP,20191018,700,723.45,696,720.2,9815
TCIFINANCE,20191018,9.35,9.65,9.3,9.3,5438
TCNSBRANDS,20191018,697,718.6,690,700.2,45974
TCPLPACK,20191018,250.15,258.7,241.6,242.55,11019
TCS,20191018,2037.5,2063.9,2025,2057.35,3087901
TDPOWERSYS,20191018,147.05,147.6,145.3,146.15,7256
TEAMLEASE,20191018,3147.3,3174.15,3010.1,3063.05,8461
TECHM,20191018,724.45,737.75,722.7,734.2,2907649
TECHNOE,20191018,263.7,268,259.95,266.2,2622
TECHNOFAB,20191018,39.8,39.8,36.5,39.8,11764
TEJASNET,20191018,77,82.9,76,80.55,71271
TERASOFT,20191018,23.95,23.95,22.6,23.5,10316
TEXINFRA,20191018,41.5,42.7,41.05,42.45,68978
TEXMOPIPES,20191018,14.9,15.75,14.5,15.6,53539
TEXRAIL,20191018,42.6,44.9,42.6,44.2,142515
TFCILTD,20191018,79.85,82,78.65,80.15,59415
TFL,20191018,4,4.1,3.7,4,6539
TGBHOTELS,20191018,3.7,3.75,3.5,3.7,11416
THANGAMAYL,20191018,333.95,346.5,333.95,344.1,5451
THEINVEST,20191018,125.75,147.7,123.1,144.05,6701
THEMISMED,20191018,300,307.45,281,303.4,15788
THERMAX,20191018,1103.1,1128,1102,1120.1,238735
THOMASCOOK,20191018,129.3,129.45,123.1,124.2,326908
THYROCARE,20191018,512.95,512.95,498.15,506.2,21644
TI,20191018,13.85,14.2,13.65,14,22716
TIDEWATER,20191018,4712.05,4849.95,4712.05,4781.55,1583
TIIL,20191018,347.45,372,331,363.8,4046
TIINDIA,20191018,372.15,372.15,362.3,364.65,16555
TIJARIA,20191018,8.75,9.6,8.35,9.35,14776
TIL,20191018,196,218,192.35,209.5,7153
TIMESGTY,20191018,32,36,32,35.4,1701
TIMETECHNO,20191018,56.5,61.9,55.7,60.05,886146
TIMKEN,20191018,799.95,804.8,785,788.45,24820
TINPLATE,20191018,113.4,116.8,112.55,114.4,485258
TIPSINDLTD,20191018,65.5,69.95,64.1,66.75,3385
TIRUMALCHM,20191018,63.9,67.35,63.05,66.2,485617
TITAN,20191018,1278,1305,1274.05,1300.6,1135957
TMRVL,20191018,11.8,12.7,11.8,12.4,4380
TNPETRO,20191018,35.2,37.15,34.9,36.6,171723
TNPL,20191018,187.5,189.9,186.05,187.3,84614
TOKYOPLAST,20191018,53.05,53.4,53,53,2481
TORNTPHARM,20191018,1677.4,1695.05,1666,1684.65,544212
TORNTPOWER,20191018,284.15,292,282.9,284.45,1605715
TPLPLASTEH,20191018,118.95,118.95,115.85,117.05,887
TREEHOUSE,20191018,5.7,5.9,5.5,5.65,107002
TREJHARA,20191018,12.1,12.7,12,12.3,6121
TRENT,20191018,500.55,522.2,500.55,519.75,177961
TRF,20191018,102,114,98.8,110.3,604804
TRIDENT,20191018,56.9,60.8,56.8,60.3,631522
TRIGYN,20191018,43,44.6,43,44.2,29937
TRIL,20191018,8.05,8.1,7.7,7.85,114898
TRITURBINE,20191018,97.1,101,96.6,99.85,27152
TRIVENI,20191018,58.6,60.7,58.6,60.15,299112
TTKHLTCARE,20191018,444.9,449,435.95,441.7,965
TTKPRESTIG,20191018,5960,6000.1,5913.35,5981.1,3793
TTL,20191018,37.05,41.9,37,41.25,12065
TTML,20191018,2.7,2.8,2.65,2.7,928795
TV18BRDCST,20191018,20.3,21.35,20.05,20.35,3365958
TVSELECT,20191018,113.35,122.65,113.35,122.65,25323
TVSMOTOR,20191018,432.5,460,428.3,456.5,7430853
TVSSRICHAK,20191018,1859.95,1859.95,1802.1,1839.7,1578
TVTODAY,20191018,309.45,313.85,306.2,309,16873
TVVISION,20191018,1.45,1.45,1.45,1.45,530
TWL,20191018,38.3,40.35,38,39.3,860579
UBL,20191018,1322,1335,1307.4,1330,282306
UCALFUEL,20191018,119.9,127.75,119.7,125.6,41632
UCOBANK,20191018,11.65,12,11.6,11.8,509351
UFLEX,20191018,202.9,209.45,202.2,203.65,39230
UFO,20191018,144.1,151,143.15,144,44947
UGARSUGAR,20191018,12.05,12.25,11.9,11.95,28857
UJAAS,20191018,3.25,3.35,3.2,3.25,217606
UJJIVAN,20191018,309,311,303.75,306.75,3229309
ULTRACEMCO,20191018,4268.7,4363,4255.65,4295.3,539285
UMANGDAIRY,20191018,37.65,41.55,37.3,39.9,11467
UMESLTD,20191018,0.75,0.75,0.75,0.75,516
UNICHEMLAB,20191018,186.25,191,184.55,190.2,40663
UNIENTER,20191018,68.15,69.6,68.1,69.4,2062
UNIONBANK,20191018,52,53.85,51.7,52.1,14907810
UNIPLY,20191018,42.7,45.4,42.7,44.8,77977
UNITECH,20191018,0.4,0.45,0.35,0.45,11008615
UNITEDBNK,20191018,7.05,7.4,7.05,7.3,657985
UNITEDTEA,20191018,261.8,261.8,243.15,249.5,323
UNIVCABLES,20191018,156.65,168.7,156.6,159.55,26507
UPL,20191018,591,603.5,588.5,599,2426210
URJA,20191018,1.65,1.7,1.6,1.65,1161062
USHAMART,20191018,27,29,26.9,28.7,803904
UTINEXT50,20191018,275.01,285,275.01,283.8,62
UTINIFTETF,20191018,1220,1236.25,1220,1229.95,3793
UTISENSETF,20191018,390.1,415,390.1,414,174
UTISXN50,20191018,319,319,301,301,3
UTTAMSTL,20191018,6.15,6.35,5.9,6.05,54376
UTTAMSUGAR,20191018,92,92.95,91,92.25,69206
UVSL,20191018,0.05,0.1,0.05,0.05,2175414
V2RETAIL,20191018,132.9,133.7,128.5,131.1,57254
VADILALIND,20191018,738,777,735,758.2,21281
VAIBHAVGBL,20191018,803.2,820,803.2,818.9,9021
VAKRANGEE,20191018,29.3,30.85,29,30.55,8268724
VARDHACRLC,20191018,36,36.95,36,36.45,16510
VARDMNPOLY,20191018,2.4,2.4,2.2,2.25,3550
VARROC,20191018,472.8,498.9,457,492.8,134638
VASCONEQ,20191018,13.15,13.9,13.15,13.75,272597
VASWANI,20191018,5.75,5.75,5.25,5.25,2818
VBL,20191018,627.05,646.35,625.55,639.6,143013
VEDL,20191018,148.4,152.2,147.8,150.25,10985219
VENKEYS,20191018,1683.9,1744,1672,1713.8,178557
VENUSREM,20191018,33.85,35.3,30.95,34.3,630049
VESUVIUS,20191018,1000,1002.8,995,1000.15,5868
VETO,20191018,50.45,52.75,50,50.8,13006
VGUARD,20191018,234,239,233.9,236.8,298906
VHL,20191018,1500.05,1565.9,1500,1538,201
VICEROY,20191018,1.1,1.2,1.1,1.2,17295
VIDHIING,20191018,59.25,61.8,59.1,61.3,11539
VIJIFIN,20191018,0.4,0.45,0.4,0.45,67218
VIKASECO,20191018,3.25,3.3,3,3.15,828029
VIKASMCORP,20191018,3.65,3.7,3.45,3.7,220325
VIKASPROP,20191018,3.5,3.5,3.5,3.5,41877
VIKASWSP,20191018,11,11,10.65,10.75,86603
VIMTALABS,20191018,106,109,105.55,106.25,14790
VINATIORGA,20191018,2119.9,2126.95,2081,2098.1,19986
VINDHYATEL,20191018,902.25,957.4,902,924.6,7537
VINYLINDIA,20191018,62.3,62.75,61,62.3,7904
VIPCLOTHNG,20191018,6.35,6.6,6,6.6,88142
VIPIND,20191018,463.95,477,458.8,465.2,644972
VIPULLTD,20191018,30,31,28.95,30.55,114179
VISAKAIND,20191018,278.55,301,278.5,291.4,36548
VISASTEEL,20191018,3.5,4.05,3.5,4.05,47275
VISESHINFO,20191018,0.05,0.1,0.05,0.05,4321671
VISHAL,20191018,337.9,338.1,337.8,338,15000
VISHNU,20191018,121.6,128,120,127.2,3888
VISHWARAJ,20191018,60.2,60.45,60.15,60.4,292874
VIVIDHA,20191018,0.15,0.2,0.15,0.2,13611
VIVIMEDLAB,20191018,13.3,13.85,13.2,13.6,74473
VLSFINANCE,20191018,49.95,53,49.95,52.35,23891
VMART,20191018,2005.15,2130.15,2005.15,2093.7,13695
VOLTAMP,20191018,1139.85,1170,1139.85,1158.6,5002
VOLTAS,20191018,677.7,697,676.8,691.7,2069844
VRLLOG,20191018,267,276.5,263.7,273.95,86369
VSSL,20191018,66,67.9,65.15,65.2,5726
VSTIND,20191018,3790.4,3860.95,3790.4,3837.05,1485
VSTTILLERS,20191018,1251.9,1286.95,1251.9,1267.85,2483
VTL,20191018,920,930.7,912.1,921.8,14154
WABAG,20191018,189,200,183.15,192.95,413849
WABCOINDIA,20191018,6146.5,6214.05,6105.2,6152.55,35976
WALCHANNAG,20191018,62.6,66.25,61.45,62.45,995367
WANBURY,20191018,11.4,11.65,11.1,11.15,7359
WATERBASE,20191018,100.6,106.4,99.3,104.45,87943
WEBELSOLAR,20191018,19.65,20.8,19.5,20.4,63602
WEIZFOREX,20191018,271.15,290,271.1,281.45,488
WEIZMANIND,20191018,23,23,20,21.15,2114
WELCORP,20191018,130.7,133.95,130.7,131.7,206933
WELENT,20191018,93,94.8,92.65,93.4,210241
WELINV,20191018,157.9,158,151.25,151.4,362
WELSPUNIND,20191018,50,54.95,49.85,51.95,688283
WENDT,20191018,3065.15,3125,3065,3100.55,971
WESTLIFE,20191018,324,342,324,331.25,20400
WHEELS,20191018,628.95,651.95,628.95,631.9,4015
WHIRLPOOL,20191018,2180,2203.95,2150,2164.9,82482
WILLAMAGOR,20191018,14.5,14.8,13.7,13.8,1649
WINDMACHIN,20191018,17.35,17.35,16.65,17.1,8466
WIPRO,20191018,247.85,250.7,247.85,248.9,2764389
WOCKPHARMA,20191018,258.75,275,257.7,266.45,1005372
WONDERLA,20191018,293,298,286.1,291.45,11302
WSI,20191018,1,1,0.9,0.9,21470
WSTCSTPAPR,20191018,240.9,246.6,237.35,241.15,121396
XCHANGING,20191018,52.95,52.95,51.3,51.45,11793
XELPMOC,20191018,68.9,68.9,65,65.8,254
XLENERGY,20191018,0.35,0.45,0.35,0.45,5043
XPROINDIA,20191018,23.5,24.95,22.55,24.05,7036
YESBANK,20191018,46.6,52.7,46,51.4,441645534
ZEEL,20191018,248.3,262.75,239.55,250.2,52011333
ZEELEARN,20191018,17.2,19.5,17,18.7,370175
ZEEMEDIA,20191018,5.65,5.65,5.65,5.65,231031
ZENITHBIR,20191018,0.6,0.6,0.5,0.6,36846
ZENITHEXPO,20191018,37,41.9,37,40.3,430
ZENSARTECH,20191018,212.9,222.95,209.6,211.35,105779
ZENTEC,20191018,61.8,63.7,60,62.9,39042
ZICOM,20191018,1.1,1.1,1,1.1,4062
ZODIACLOTH,20191018,204,204.6,191.5,199.5,6946
ZODJRDMKJ,20191018,30.95,32.7,29.4,32.15,925
ZOTA,20191018,193.8,193.8,187.05,192.05,22372
ZUARI,20191018,86.4,94.65,86.4,93.4,83730
ZUARIGLOB,20191018,58.15,62.3,58,61.05,32049
ZYDUSWELL,20191018,1694,1745.05,1651,1733.7,13346
NSENIFTY,20191018,11580.30,11684.70,11553.15,11661.85,853440208,0
NIFTYJUNIOR,20191018,27665.20,28065.10,27605.50,28014.15,405696438,0
NIFTYMIDCAPLIQ15,20191018,3712.55,3783.40,3703.50,3768.05,61615599,0
NSE100,20191018,11715.10,11828.15,11688.05,11806.20,1266569197,0
NIFTY200,20191018,5956.45,6021.00,5944.05,6010.05,1854750994,0
NSE500,20191018,9391.85,9494.70,9373.50,9479.20,2189914779,0
NSEMIDCAP150,20191018,5896.40,6001.05,5889.50,5991.95,604656913,0
NIFTYLARGEMIDCAP250,20191018,-,-,-,5772.73,1871226110,0
NIFTYMIDSMALLCAP400,20191018,-,-,-,5509.50,-,0
NIFTYAUTO,20191018,7900.15,8007.15,7848.95,7964.75,148501636,0
BANKNIFTY,20191018,28954.80,29249.50,28864.10,29120.25,-,0
NIFTYFINSERVICE,20191018,13143.10,13233.50,13100.40,13213.45,176448098,0
NIFTYFMGC,20191018,31313.05,31544.20,31227.25,31501.45,26492156,0
NSEIT,20191018,15271.95,15434.55,15241.00,15410.10,25035472,0
NIFTYMEDIA,20191018,1747.20,1783.35,1735.60,1762.80,108744606,0
NIFTYMETAL,20191018,2413.25,2463.25,2398.65,2456.00,193396086,0
NIFTYPHARMA,20191018,7530.65,7651.95,7500.50,7608.15,21564016,0
NIFTYPVTBANK,20191018,16180.70,16339.95,16126.95,16254.80,529838542,0
NIFTYPSUBANK,20191018,2213.00,2266.90,2202.65,2248.65,115793721,0
NIFTYREALTY,20191018,259.00,263.50,257.80,262.80,17365573,0
NIFTYCONSUMPTION,20191018,5044.15,5098.30,5031.75,5087.65,114170387,0
NIFTYCPSE,20191018,1991.60,2040.45,1988.80,2036.85,140440856,0
NIFTYENERGY,20191018,15979.35,16249.65,15940.40,16183.70,107205608,0
NIFTY100ESG,20191018,-,-,-,2170.09,1126057765,0
NIFTY100ENHESG,20191018,-,-,-,2203.79,1098040968,0
NIFTYINFRA,20191018,3261.50,3311.00,3253.95,3300.80,201458274,0
NIFTYMNC,20191018,13842.85,14019.25,13798.30,13985.75,180348155,0
NIFTYSMEEMERGE,20191018,-,-,-,1336.68,1373850,0
NIFTYSERVSECTOR,20191018,16147.50,16273.85,16109.90,16251.40,746383516,0
NIFTYSHARIAH25,20191018,-,-,-,4453.45,-,0
NIFTY50SHARIAH,20191018,-,-,-,2537.84,79272288,0
NIFTY500SHARIAH,20191018,-,-,-,2998.58,502071673,0
NIFTYABGROUP,20191018,-,-,-,2919.11,119154329,0
NIFTYMAHINDRA,20191018,-,-,-,10050.74,8167969,0
NIFTYTATA,20191018,-,-,-,6631.79,115309808,0
NIFTYTATA25CAP,20191018,-,-,-,4628.96,104164995,0
NIFTYABGROUP,20191018,-,-,-,2919.11,119154329,0
NIFTYLIQ15,20191018,3528.65,3590.00,3516.40,3577.35,704591793,0
NIFTY500VALUE50,20191018,-,-,-,3524.90,640873666,0
NIFTYALPHALOWVOL30,20191018,-,-,-,12007.22,119434738,0
NIFTYQUALLOWVOL30,20191018,-,-,-,8529.33,80026678,0
NIFTYALPHAQUALLOWVOL30,20191018,-,-,-,9717.40,92001568,0
NIFTYALPHAQUALVALLOWVOL30,20191018,-,-,-,7374.83,127695345,0
NIFTY50EQUALWEIGHT,20191018,11957.25,12103.70,11923.30,12073.75,853440208,0
NIFTY100EQUALWEIGHT,20191018,12921.10,13108.55,12878.95,13078.90,1266569197,0
NIFTY100LOWVOL30,20191018,8922.05,9002.20,8904.35,8994.05,112308808,0
NIFTY50DIVPOINT,20191018,107.70,107.70,107.70,107.70,-,0
NIFTYDIVOPPS50,20191018,2560.45,2597.95,2556.35,2594.30,514367877,0
NIFTYALPHA50,20191018,12323.40,12558.65,12295.35,12527.35,138758408,0
NIFTY50ARBITRAGE,20191018,-,-,-,1865.02,-,0
NIFTY50FUTINDEX,20191018,-,-,-,3962.33,-,0
NIFTY50FUTTRINDEX,20191018,-,-,-,11744.60,-,0
NIFTYHIGHBETA50,20191018,-,-,-,1261.49,1156015730,0
NIFTYLOWVOL50,20191018,-,-,-,10435.48,131475835,0
NIFTY200QUALITY30,20191018,-,-,-,9928.15,-,0
NIFTY50VALUE20,20191018,5391.00,5450.65,5381.60,5443.75,603694792,0
NIFTYGROWSECT15,20191018,6160.60,6205.95,6136.95,6196.45,116422966,0
NIFTY50TR2XLEV,20191018,6283.70,6396.50,6255.15,6372.30,-,0
NIFTY50PR2XLEV,20191018,4842.35,4929.25,4820.35,4910.60,-,0
NIFTY50TR1XINV,20191018,351.75,352.55,348.60,349.25,-,0
NIFTY50PR1XINV,20191018,400.65,401.55,397.05,397.85,-,0
NIFTY-GS-COMPSITE,20191018,2036.95,2038.03,2036.69,2037.40,-,0
NIFTY-GS-4-8YR,20191018,2124.10,2126.16,2123.86,2125.40,-,0
NIFTY-GS-8-13YR,20191018,2003.20,2004.22,2002.88,2003.17,-,0
NIFTY-GS-10YR-CLN,20191018,947.14,948.14,946.82,947.62,-,0
NIFTY-GS-11-15YR,20191018,2121.20,2123.08,2121.20,2121.04,-,0
NIFTY-GS-15YRPLUS,20191018,2292.94,2292.94,2286.83,2286.62,-,0
VIX,20191018,15.88,16.15,14.99,15.93,0,0
