<ticker>,<date>,<open>,<high>,<low>,<close>,<volume>,<o/i>
20MICRONS,20191022,37.85,38.95,37.1,37.45,22434
21STCENMGM,20191022,12.65,12.9,12.65,12.9,107
3IINFOTECH,20191022,2.2,2.3,2.15,2.15,1315207
3MINDIA,20191022,22000,22190,21651,21822.3,4653
3PLAND,20191022,6.3,6.3,6.3,6.3,57
5PAISA,20191022,175.05,177.25,174.7,174.7,38226
63MOONS,20191022,115.35,119.5,114.1,115.05,108727
A2ZINFRA,20191022,10.6,10.65,9.75,9.9,848662
AARTIDRUGS,20191022,456,475,450.5,470.95,9568
AARTIIND,20191022,810,827.4,804.55,821.95,209498
AARVEEDEN,20191022,14.8,15.95,13.6,14.9,4053
AAVAS,20191022,1675.85,1691.9,1654,1665.5,13305
ABAN,20191022,24.5,26,24.3,25.3,31450
ABB,20191022,1557,1580,1521,1539.2,112943
ABBOTINDIA,20191022,10699.95,11000,10350,10699.85,25468
ABCAPITAL,20191022,79.05,83.7,79.05,82.95,3462436
ABFRL,20191022,207.55,211.9,204.05,205.75,684987
ABMINTLTD,20191022,14.1,14.1,14.1,14.1,2
ABSLNN50ET,20191022,282.96,283.35,282.96,283.35,11
ACC,20191022,1551.9,1556.95,1523.8,1535.25,934518
ACCELYA,20191022,854.8,869,826.05,832.65,2896
ACE,20191022,80.65,82,79.6,80.2,104564
ADANIENT,20191022,174.5,180,173.4,178.65,7909839
ADANIGAS,20191022,149.5,152.85,148.1,148.45,698922
ADANIGREEN,20191022,90,91.25,84,86.6,2692862
ADANIPORTS,20191022,421.5,428.85,417.1,420.75,2380735
ADANIPOWER,20191022,64,65.05,62.95,63.25,6883425
ADANITRANS,20191022,239,259,237,253.55,549105
ADFFOODS,20191022,260.05,263.6,253.45,255.35,17861
ADHUNIKIND,20191022,118.5,120.4,113.05,114.7,73969
ADLABS,20191022,2,2,1.9,1.9,299906
ADORWELD,20191022,309,316.95,296.05,305.45,5497
ADROITINFO,20191022,6.55,6.55,6.55,6.55,366
ADSL,20191022,14.2,14.35,13.5,13.7,23489
ADVANIHOTR,20191022,53.05,55.1,52.1,53.9,4731
ADVENZYMES,20191022,154.85,160.9,154.45,156.75,66528
AEGISCHEM,20191022,168.1,183.85,168.1,179.3,229184
AFFLE,20191022,1195.2,1253,1185.3,1217.95,158999
AGARIND,20191022,114.05,119,113.25,117.1,3568
AGCNET,20191022,115,115.95,112.25,115.95,199
AGLSL,20191022,57.95,60.95,50.3,51.1,29861
AGRITECH,20191022,44.1,46.85,44.1,45.2,8221
AGROPHOS,20191022,111.2,112,111.15,111.7,640355
AHLEAST,20191022,185.95,185.95,179.85,183.15,252
AHLUCONT,20191022,281.9,297,281.9,290.35,2366
AHLWEST,20191022,280.05,285,272.4,275.95,698
AIAENG,20191022,1759,1759.65,1700,1709.65,16725
AIONJSW,20191022,9.85,10.6,9.85,9.9,91413
AIRAN,20191022,13,13.25,12.75,13.25,8244
AJANTPHARM,20191022,1014,1050,985.55,1004.45,127565
AJMERA,20191022,118.8,120.6,115.75,116.3,43377
AKASH,20191022,60,60.5,58.1,58.6,4146
AKSHARCHEM,20191022,205.85,218,201,209.55,2712
AKSHOPTFBR,20191022,7.4,7.4,6.9,6.95,239957
AKZOINDIA,20191022,2025,2075,2012.2,2033.35,26496
ALANKIT,20191022,20.05,20.05,18.8,19.05,359205
ALBERTDAVD,20191022,336.05,360.9,336.05,338.75,5352
ALBK,20191022,25.8,26.45,25.7,26.05,743078
ALCHEM,20191022,0.85,0.85,0.85,0.85,374
ALEMBICLTD,20191022,47.65,52,47.05,49.2,193008
ALICON,20191022,400,400,376,379.2,7115
ALKALI,20191022,45.15,46.35,44.2,45.55,7516
ALKEM,20191022,1976.9,1985,1950.05,1974.75,83148
ALKYLAMINE,20191022,874.95,937.7,869,892.65,19368
ALLCARGO,20191022,100.15,101.85,98.1,99.1,95742
ALLSEC,20191022,282,284,275.2,275.5,1594
ALMONDZ,20191022,9.2,9.2,9.2,9.2,90
ALOKTEXT,20191022,1.55,1.65,1.55,1.6,5448982
ALPA,20191022,14.3,14.8,13.6,14.6,17600
ALPHAGEO,20191022,180.2,185.9,180,180.85,5958
ALPSINDUS,20191022,0.35,0.4,0.3,0.4,58889
AMARAJABAT,20191022,668,681,662.2,675.9,539900
AMBER,20191022,944,954.95,920.05,936.15,64752
AMBIKCO,20191022,915.05,930,903.6,924.3,2177
AMBUJACEM,20191022,205,205.4,192.5,195.9,9355044
AMDIND,20191022,15.45,15.45,15,15.15,2021
AMJLAND,20191022,18.5,18.8,17.15,18.2,19852
AMRUTANJAN,20191022,360,417.8,356.85,382.95,239505
ANANTRAJ,20191022,29.6,30.3,29,30.05,142976
ANDHRABANK,20191022,16.55,16.85,16.25,16.35,547304
ANDHRACEMT,20191022,2.6,2.75,2.55,2.6,30701
ANDHRSUGAR,20191022,268.1,275.4,262.85,267.3,29191
ANIKINDS,20191022,5.8,5.85,5.8,5.85,825
ANKITMETAL,20191022,0.35,0.45,0.35,0.45,1303
ANSALAPI,20191022,4.3,4.3,4.1,4.2,12378
ANSALHSG,20191022,4.6,4.65,4.45,4.5,28937
ANTGRAPHIC,20191022,0.7,0.75,0.7,0.75,40141
ANUP,20191022,459,475,457.5,461.15,15382
APARINDS,20191022,512.25,522.25,510,514.4,2216
APCL,20191022,143.95,144.9,141.25,142,1130
APCOTEXIND,20191022,182.85,184.95,178.1,180.35,24978
APEX,20191022,234.8,258,234.75,247.95,230342
APLAPOLLO,20191022,1404,1404.95,1384,1386.65,35491
APLLTD,20191022,544,547,530,538.4,31683
APOLLO,20191022,70,71.95,68.5,69.2,14732
APOLLOHOSP,20191022,1502,1540,1502,1519.4,621477
APOLLOTYRE,20191022,184.55,188.35,183.4,185.05,3680040
APOLSINHOT,20191022,756,801,756,788.7,909
APTECHT,20191022,165.2,173.3,162.95,165.8,404600
ARCHIDPLY,20191022,25.9,27.1,25.7,26.4,5478
ARCHIES,20191022,18.5,18.95,18,18.05,57707
ARCOTECH,20191022,1.5,1.6,1.5,1.6,15564
ARIES,20191022,63.05,64,60.3,61.05,30021
ARIHANT,20191022,18.95,18.95,17.2,17.95,376
ARIHANTSUP,20191022,27.3,27.3,24.7,26.95,12115
ARMANFIN,20191022,547,550,540,544.25,3829
AROGRANITE,20191022,40,40.3,38.95,39.8,31099
ARROWGREEN,20191022,54.8,55.25,51.45,53.4,3992
ARROWTEX,20191022,9.7,10.6,9.65,9.75,4307
ARSHIYA,20191022,18,18,16.55,17.85,58709
ARSSINFRA,20191022,25.65,25.65,25.05,25.6,25568
ARVIND,20191022,45.6,48.2,45.5,46.4,1358779
ARVINDFASN,20191022,444.95,460,421.05,440,44671
ARVSMART,20191022,94,96.65,90,95.55,26188
ASAHIINDIA,20191022,204.7,210.05,204.25,205.7,22494
ASAHISONG,20191022,154,178,152.25,167.75,49022
ASAL,20191022,31.85,31.85,30,30.7,9691
ASHAPURMIN,20191022,34.35,34.35,31.3,31.3,44703
ASHIANA,20191022,96.3,97.85,94,95.6,115892
ASHIMASYN,20191022,8.9,9.05,7.5,7.6,94546
ASHOKA,20191022,106.85,110,105.6,107.9,587794
ASHOKLEY,20191022,77.05,77.15,75.15,76.05,25729454
ASIANHOTNR,20191022,97.15,109.45,97.15,99.4,809
ASIANPAINT,20191022,1822.7,1825,1775,1780.2,2135313
ASIANTILES,20191022,237,253.85,233,240.1,158989
ASPINWALL,20191022,136.35,144.9,136.35,137.75,2678
ASSAMCO,20191022,0.4,0.5,0.4,0.5,337827
ASTEC,20191022,341.25,357.45,341.25,346.6,4400
ASTERDM,20191022,121.45,125.9,120.3,125,245641
ASTRAL,20191022,1171.5,1208,1136,1140.35,109413
ASTRAMICRO,20191022,78.75,78.95,76.95,77.2,97047
ASTRAZEN,20191022,2320,2443.9,2312.55,2412,39710
ASTRON,20191022,103.65,103.8,99.4,100.2,516142
ATFL,20191022,502.05,536,502,522.65,5549
ATLANTA,20191022,7.1,7.35,6.95,7.3,10132
ATNINTER,20191022,0.45,0.5,0.4,0.4,13517
ATUL,20191022,4215,4285,4203.75,4264.3,10264
ATULAUTO,20191022,228.4,228.4,217.25,219.15,14667
AUBANK,20191022,675,696.5,667,689.25,1473667
AURIONPRO,20191022,85.4,85.4,78.05,78.35,5457
AUROPHARMA,20191022,477,485.4,471.2,477.25,2551851
AUSOMENT,20191022,27.95,28.8,26.2,27.35,363
AUTOAXLES,20191022,888.95,890,865,872.35,9404
AUTOIND,20191022,23,23,22,22.55,28175
AUTOLITIND,20191022,20.25,22.4,19,20.5,3464
AVADHSUGAR,20191022,252,273.05,252,267.45,97081
AVANTIFEED,20191022,444,471,440.05,450.7,2130558
AVTNPL,20191022,23.45,23.8,22.8,22.85,55241
AXISBANK,20191022,712.4,723,703.3,712.75,9704016
AXISCADES,20191022,74.4,74.5,72,73,100667
AXISGOLD,20191022,3357,3369.35,3330,3341.85,500
AXISNIFTY,20191022,1198,1209,1191.5,1191.5,141
AYMSYNTEX,20191022,32.15,33,30.6,31,3815
BAGFILMS,20191022,1.75,1.75,1.75,1.75,44652
BAJAJ-AUTO,20191022,3090.05,3154.4,3089.65,3122.3,379635
BAJAJCON,20191022,266.1,268.7,248,249.95,764088
BAJAJELEC,20191022,396,413.8,395,397.1,116319
BAJAJFINSV,20191022,8300,8393,7975.25,8008.85,503368
BAJAJHIND,20191022,6.15,6.35,6.1,6.25,1018283
BAJAJHLDNG,20191022,3742.4,3800,3656,3673.1,23709
BAJFINANCE,20191022,4165,4219.85,4000.1,4034.15,5034755
BALAJITELE,20191022,50,52,49.5,51.15,55360
BALAMINES,20191022,317.45,339,316,330.35,25521
BALAXI,20191022,73.25,79.95,73.25,77,132
BALKRISHNA,20191022,20.4,20.4,18.65,18.7,12579
BALKRISIND,20191022,840,846.25,825,830.65,469555
BALLARPUR,20191022,0.55,0.55,0.5,0.55,1513715
BALMLAWRIE,20191022,181,187,179,182.5,390552
BALPHARMA,20191022,36.8,40,36.75,37.55,12958
BALRAMCHIN,20191022,154,163.5,154,161.9,1521079
BANARBEADS,20191022,29,30.05,28,28.5,2035
BANARISUG,20191022,1145.05,1160.05,1140.1,1146,835
BANCOINDIA,20191022,97.4,100.55,96,97.45,56419
BANDHANBNK,20191022,554,580.45,553.8,559.35,2860120
BANG,20191022,18,18.45,17.8,18.2,1484
BANKBARODA,20191022,89.5,92.6,89.05,90.15,24388459
BANKBEES,20191022,2975.31,3030,2972.68,3000.69,9182
BANKINDIA,20191022,64,66.85,63.7,64.3,8759605
BANSWRAS,20191022,67.55,69.4,67.3,67.5,5517
BARTRONICS,20191022,1.45,1.45,1.45,1.45,1559
BASF,20191022,977.8,986,951.1,956.45,17231
BASML,20191022,144.05,155,142,152.5,9060
BATAINDIA,20191022,1773.75,1804.95,1742.15,1767.85,767897
BAYERCROP,20191022,3308.2,3375,3250,3322.45,4722
BBL,20191022,913.05,925.25,904.95,910.05,4166
BBTC,20191022,1177.95,1203.85,1160.05,1170.1,137926
BCG,20191022,3.05,3.15,2.95,3,271631
BCP,20191022,8.25,8.25,8.25,8.25,3139
BDL,20191022,289.5,298,283.25,291.5,47693
BEARDSELL,20191022,12,12,9,10.1,3471
BEDMUTHA,20191022,11.2,11.6,10.55,11.05,3021
BEL,20191022,116.8,118.05,114.65,115.35,9520425
BEML,20191022,952.1,988,950,965.9,936718
BEPL,20191022,50,53.05,49.2,49.9,1069695
BERGEPAINT,20191022,503,504.8,477,479.1,2792726
BFINVEST,20191022,309,322.2,306.9,309.9,108357
BFUTILITIE,20191022,224.35,232.3,220.1,223.85,598342
BGLOBAL,20191022,1.7,1.8,1.7,1.75,7784
BGRENERGY,20191022,33.3,33.65,31.65,31.85,85764
BHAGERIA,20191022,110,111.9,106.5,107.85,22638
BHAGYANGR,20191022,19.8,19.95,18.6,18.95,3216
BHAGYAPROP,20191022,20.25,20.75,18.1,20.55,3201
BHANDARI,20191022,1.15,1.15,1.05,1.1,54322
BHARATFORG,20191022,448.6,455,444.2,446.8,1946588
BHARATGEAR,20191022,60,62,59.25,60.2,5710
BHARATRAS,20191022,6199.9,6340,6042.45,6061.9,1594
BHARATWIRE,20191022,30.4,33.6,28,33.05,44969
BHARTIARTL,20191022,381.8,396.5,367.2,374.1,11357444
BHEL,20191022,54.95,55.5,51.35,51.8,57324642
BIGBLOC,20191022,23.9,25.6,23.35,24.75,574
BIL,20191022,118,124.55,113.55,123.45,1062
BILENERGY,20191022,0.7,0.75,0.65,0.75,181206
BINDALAGRO,20191022,9.9,9.9,9.15,9.65,14625
BIOCON,20191022,257.5,261.35,256.05,256.95,2416440
BIOFILCHEM,20191022,4.55,4.55,4.55,4.55,120
BIRLACABLE,20191022,55.3,59,52,56.4,112261
BIRLACORPN,20191022,590.8,599.9,565.55,576,39673
BIRLAMONEY,20191022,36.45,37.5,35,36.45,106161
BKMINDST,20191022,0.9,0.95,0.85,0.9,7205
BLBLIMITED,20191022,3.65,3.65,3.3,3.5,10882
BLISSGVS,20191022,130,141.8,130,135.2,287472
BLKASHYAP,20191022,8.1,8.1,7.55,7.6,59472
BLS,20191022,80.8,80.8,73,74.25,35206
BLUEBLENDS,20191022,1.05,1.05,1.05,1.05,1850
BLUECOAST,20191022,1.75,1.75,1.75,1.75,1705
BLUEDART,20191022,2284.05,2342.9,2269.2,2328.6,3175
BLUESTARCO,20191022,834,872,826.9,866.7,120259
BODALCHEM,20191022,70.4,73.6,70.4,71.05,130308
BOMDYEING,20191022,77.7,81.6,76.6,78.7,2612718
BOROSIL,20191022,175,178.95,173.3,174.7,73292
BOSCHLTD,20191022,14199.9,14700,14162,14568.85,21606
BPCL,20191022,532,538.6,522.35,534.1,13574072
BPL,20191022,20.25,20.45,19.5,19.75,103693
BRFL,20191022,4.7,4.7,4.35,4.35,74258
BRIGADE,20191022,199.8,206,193.1,195.15,189356
BRITANNIA,20191022,3220.1,3291.9,3220.1,3248.05,435837
BRNL,20191022,64,64.85,62.3,63.6,10817
BROOKS,20191022,33.1,33.9,32.5,33.25,15826
BSE,20191022,534,550,528,544.1,83878
BSELINFRA,20191022,1.05,1.05,0.95,1,44578
BSL,20191022,26,27.75,24.1,25.15,10052
BSLGOLDETF,20191022,3500,3528.05,3443.3,3500,178
BSLNIFTY,20191022,127.07,127.43,126.54,126.55,335
BSOFT,20191022,66,67.8,66,67.2,267738
BURNPUR,20191022,1.1,1.15,1.1,1.15,29372
BUTTERFLY,20191022,150,159.3,142.35,152.9,107414
BVCL,20191022,10.7,11.8,10.7,11.45,2113
BYKE,20191022,22.5,22.5,20,20.8,38982
CADILAHC,20191022,240.65,248.5,238.8,245.25,1079784
CALSOFT,20191022,13.15,13.5,12.9,13.5,58871
CAMLINFINE,20191022,59,63.7,58.15,63.7,676442
CANBK,20191022,188.5,195.2,187.7,189.7,6362785
CANFINHOME,20191022,393.1,403,391.45,395.8,194725
CANTABIL,20191022,213,218.5,209.2,212.6,11357
CAPACITE,20191022,199.9,199.9,192,192.75,36739
CAPLIPOINT,20191022,399.9,399.95,386,387.75,27400
CAPTRUST,20191022,88,88,85.75,85.75,1923
CARBORUNIV,20191022,310,312.65,296.55,300.9,29081
CAREERP,20191022,84,101.8,83.95,101.8,106474
CARERATING,20191022,520,541.25,517,525.05,177940
CASTEXTECH,20191022,0.4,0.4,0.3,0.35,197449
CASTROLIND,20191022,133.8,135,132.6,134.5,1605263
CCHHL,20191022,3.1,3.35,3.05,3.3,46918
CCL,20191022,229.9,229.9,224.35,227.45,548879
CDSL,20191022,208.05,211.9,204.5,205.5,255471
CEATLTD,20191022,969.5,974,952.15,961.35,95134
CEBBCO,20191022,14.9,14.9,13.7,13.85,15826
CELEBRITY,20191022,4.75,4.75,4.4,4.7,11455
CELESTIAL,20191022,3.5,3.5,3.35,3.5,2984
CENTENKA,20191022,175.6,181.7,172,180.3,20394
CENTEXT,20191022,2.7,2.75,2.65,2.65,13688
CENTRALBK,20191022,17.8,17.8,16.15,17,429957
CENTRUM,20191022,23.2,24.2,23.2,23.85,100953
CENTUM,20191022,423.9,423.9,391,398.3,4442
CENTURYPLY,20191022,163.4,171,161.5,167.3,214532
CENTURYTEX,20191022,399.6,464.55,399.2,443.75,4251143
CERA,20191022,2612,2672,2591.15,2599.75,6065
CEREBRAINT,20191022,21.95,21.95,21.35,21.45,145369
CESC,20191022,813.95,820,798.7,804.6,540980
CESCVENT,20191022,361.25,366.1,353.4,357.7,13266
CGCL,20191022,208,211.3,205.5,207.6,381547
CGPOWER,20191022,14.4,15.05,14.35,14.85,1573990
CHALET,20191022,322.15,344.95,293.2,343.45,6761
CHAMBLFERT,20191022,155.8,161,154.8,156.2,246022
CHEMFAB,20191022,178,183.9,175.1,181.9,1263
CHENNPETRO,20191022,170,172.2,163.75,165.2,298477
CHOLAFIN,20191022,298.05,310,291.5,294.55,1322935
CHOLAHLDNG,20191022,467.55,470.95,453.2,462.9,159568
CHROMATIC,20191022,0.5,0.5,0.5,0.5,100
CIGNITITEC,20191022,308.7,315,290.5,299.45,74411
CIMMCO,20191022,18,18.5,17.3,18,10553
CINELINE,20191022,33,33.85,32.45,32.95,4834
CINEVISTA,20191022,11.8,11.8,11.8,11.8,1186
CIPLA,20191022,441.25,457.75,440.2,453.9,2333810
CKFSL,20191022,0.6,0.6,0.5,0.6,108767
CLEDUCATE,20191022,71.15,75.95,71.15,74.75,74211
CLNINDIA,20191022,284.75,285,281.1,282.8,7296
CMICABLES,20191022,56.8,58.8,56.5,57.1,7894
CNOVAPETRO,20191022,9.95,9.95,8.25,8.7,65
COALINDIA,20191022,206,209.95,203.3,208.8,9795154
COCHINSHIP,20191022,332.2,340,330.4,337.35,935181
COFFEEDAY,20191022,34.8,35.4,32.1,32.1,2127811
COLPAL,20191022,1546,1554.9,1524,1533.2,437466
COMPINFO,20191022,10.8,11.4,9.5,9.7,59554
COMPUSOFT,20191022,7.55,8.1,7.55,7.95,11135
CONCOR,20191022,629.9,632.75,603.75,607.95,2847565
CONFIPET,20191022,27.8,28.2,26.85,26.9,108813
CONSOFINVT,20191022,36.15,36.2,36.1,36.2,1268
CONTROLPR,20191022,247.95,247.95,241.2,242.75,1186
CORALFINAC,20191022,10.05,10.5,9.95,10.05,9067
CORDSCABLE,20191022,43.65,47,43.25,44.75,30538
COROMANDEL,20191022,419.9,422,414.1,418.3,347440
CORPBANK,20191022,14,14.85,14,14.4,170601
COSMOFILMS,20191022,200.3,205.45,200,202.55,7566
COUNCODOS,20191022,1.7,1.7,1.6,1.65,10595
COX&KINGS,20191022,2.2,2.2,2.2,2.2,372139
CPSEETF,20191022,24.76,24.89,24.51,24.8,33404718
CREATIVE,20191022,70.7,70.7,61,61.5,55124
CREATIVEYE,20191022,1.2,1.2,1.2,1.2,550
CREDITACC,20191022,633.25,653.95,626.25,635,726136
CREST,20191022,85.1,97,85.1,94.4,1872
CRISIL,20191022,1374.9,1399,1355.35,1360.8,84159
CRMFGETF,20191022,3202,3540,3202,3490,43
CROMPTON,20191022,266.45,269,263.15,265.5,765312
CTE,20191022,23.25,28.8,21.45,28.8,15402
CUB,20191022,214,216.4,207.5,210.15,1670781
CUBEXTUB,20191022,12.45,12.45,11,11.9,513
CUMMINSIND,20191022,586,590,575,578.7,459932
CUPID,20191022,133,141,133,138.85,22186
CURATECH,20191022,1,1.1,1,1.1,26
CYBERMEDIA,20191022,3.25,3.3,3.25,3.3,459
CYBERTECH,20191022,50.7,54,50.7,51.25,36293
CYIENT,20191022,446.75,448.05,421.2,423.1,264200
DAAWAT,20191022,24.1,24.5,23.6,23.65,588084
DABUR,20191022,466,480,465.7,472.6,1981127
DALBHARAT,20191022,815,838.05,796.8,804.5,141546
DALMIASUG,20191022,86.8,91,86.8,89.3,139397
DAMODARIND,20191022,27.65,28,27.65,27.65,2221
DATAMATICS,20191022,75.7,76.95,73.1,75.8,41099
DBCORP,20191022,156.9,158.7,154.35,155.45,61619
DBL,20191022,391.65,424,385,416.6,455309
DBREALTY,20191022,6.75,6.75,6.4,6.4,134928
DBSTOCKBRO,20191022,8.8,8.8,8.8,8.8,100
DCAL,20191022,156.85,158.85,150.1,151.9,84837
DCBBANK,20191022,175,183.35,168.1,180.8,2288261
DCM,20191022,22.75,22.75,20.75,20.85,1544
DCMNVL,20191022,26.5,31.55,26.5,28.3,10873
DCMSHRIRAM,20191022,391,400,390.2,392,101777
DCW,20191022,15,15.65,15,15.25,131139
DECCANCE,20191022,345.5,352.95,336.8,339.3,5085
DEEPAKFERT,20191022,92.5,95.35,90.5,93.95,240362
DEEPAKNTR,20191022,319.25,334.4,318.15,330.75,388913
DEEPIND,20191022,100,101.35,98,98.55,21901
DELTACORP,20191022,188.85,195.8,185,190.6,1670077
DELTAMAGNT,20191022,30.1,32.75,30.05,32.75,368
DEN,20191022,51,51,48,48.6,36059
DENORA,20191022,209.1,209.1,200.5,202,922
DFMFOODS,20191022,248,249.4,246,246.9,52431
DGCONTENT,20191022,4.55,4.9,4.55,4.75,2324
DHAMPURSUG,20191022,202.5,210.9,201.9,208.35,766146
DHANBANK,20191022,14.9,14.9,13.85,14.05,415788
DHANUKA,20191022,293.9,298,287.1,291.3,44458
DHARSUGAR,20191022,7.05,7.4,6.9,7.3,7980
DHFL,20191022,20.65,21.25,20.4,20.4,5130313
DHUNINV,20191022,195.45,200.8,191,191,1437
DIAMONDYD,20191022,880,890,869,883.55,668
DICIND,20191022,343.35,343.35,329.5,336.55,754
DIGISPICE,20191022,6.15,6.5,6.15,6.5,19172
DISHTV,20191022,16.5,16.65,14.2,14.55,45659666
DIVISLAB,20191022,1732.4,1773.55,1726.25,1741.15,814403
DIXON,20191022,3100,3189.4,2979.8,2991.35,18937
DLF,20191022,170,183,169.35,178.2,21273741
DLINKINDIA,20191022,92.05,95.9,92.05,94.05,33005
DMART,20191022,1929.95,1943.25,1901,1913.95,273765
DNAMEDIA,20191022,0.3,0.4,0.3,0.4,3938
DOLAT,20191022,65.95,65.95,64,65.05,63354
DOLLAR,20191022,182.8,182.8,177.55,178.55,6562
DONEAR,20191022,30.95,32.6,29.6,30.9,58771
DPSCLTD,20191022,9.95,9.95,9.5,9.55,6648
DQE,20191022,2.3,2.3,2.3,2.3,5841
DREDGECORP,20191022,339.35,352.8,335.15,337.65,260487
DRREDDY,20191022,2722.25,2820.7,2710.85,2810.75,699344
DSSL,20191022,26,26.65,25.15,25.7,3008
DTIL,20191022,155.55,160,154.7,156.9,1373
DUCON,20191022,4.8,4.8,4.6,4.8,37073
DVL,20191022,69.05,71.2,67.65,69.8,3208
DWARKESH,20191022,24.2,25.45,24.05,24.75,362355
DYNAMATECH,20191022,1149.05,1177,1082.65,1135.55,2017
DYNPRO,20191022,128.05,133.95,125,128.85,31357
EASTSILK,20191022,0.5,0.55,0.5,0.55,571
ECLERX,20191022,432,441,419,434.45,18946
EDELWEISS,20191022,90.25,96.9,89.25,96.35,6963769
EICHERMOT,20191022,20276,20513.25,19855,19978.85,161392
EIDPARRY,20191022,160.2,161.05,157.4,159.1,433126
EIHAHOTELS,20191022,312.05,318.8,305.3,310.6,592
EIHOTEL,20191022,181.6,181.6,174.5,178.1,62914
EIMCOELECO,20191022,290.45,292.2,290.05,292,375
EKC,20191022,23.8,24.9,23.8,24.3,36238
ELECON,20191022,32,33.95,31.8,32.25,92261
ELECTCAST,20191022,13.45,13.45,13.15,13.3,137231
ELECTHERM,20191022,125.25,134.25,125.25,128.85,32060
ELGIEQUIP,20191022,268,272,268,271.25,7126
ELGIRUBCO,20191022,17.95,18.5,15.25,16.05,5203
EMAMILTD,20191022,347,347,326.25,338.75,288370
EMAMIPAP,20191022,80.55,80.55,74,76,1578
EMAMIREAL,20191022,42.45,42.45,38.7,40.4,7776
EMCO,20191022,0.7,0.75,0.7,0.75,15389
EMKAY,20191022,65.1,71.4,65.1,69.65,11174
EMMBI,20191022,115,119.9,115,118.1,3938
ENDURANCE,20191022,1046,1054,1015,1043.65,8405
ENERGYDEV,20191022,4.8,5.15,4.8,4.9,15471
ENGINERSIN,20191022,108.6,109.85,106.15,107.1,1101637
ENIL,20191022,262,283.15,261.25,264.7,9766
EON,20191022,14.05,14.7,13.9,14,9628
EQ30,20191022,337.6,337.6,337.6,337.6,209
EQUITAS,20191022,103.5,105,100.9,101.55,3296577
ERIS,20191022,422.2,429.9,417,425.4,224425
EROSMEDIA,20191022,15.8,15.8,15.2,15.2,126690
ESABINDIA,20191022,1279.95,1300,1250,1263.65,6191
ESCORTS,20191022,645.15,660.4,643.05,645.15,1874086
ESSARSHPNG,20191022,7,7.4,6.8,7.2,20559
ESSELPACK,20191022,119.35,119.4,117,118.65,82699
ESTER,20191022,31,31.8,30.6,30.65,24432
EUROMULTI,20191022,0.5,0.5,0.5,0.5,129
EUROTEXIND,20191022,12,13.1,12,12.65,190
EVEREADY,20191022,41.7,41.7,40.2,41.25,1723589
EVERESTIND,20191022,326,336.65,319.3,322.9,21996
EXCEL,20191022,1,1,0.95,0.95,102183
EXCELINDUS,20191022,906.7,920.65,890.1,902.05,6376
EXIDEIND,20191022,184.15,184.5,180,180.2,2669870
EXPLEOSOL,20191022,282.1,289.85,276,280.65,1281
FACT,20191022,41,42.75,40.5,40.8,292323
FAIRCHEM,20191022,500,500,469.1,477.5,16568
FCL,20191022,26.95,28.75,26.2,27,134376
FCONSUMER,20191022,24.35,24.7,24,24.2,727485
FCSSOFT,20191022,0.25,0.25,0.2,0.25,397592
FDC,20191022,161.95,161.95,160.05,160.95,53614
FEDERALBNK,20191022,84.5,84.95,83.15,83.55,12037083
FEL,20191022,23.35,24,22.8,23.1,189523
FELDVR,20191022,22.3,23,21.8,22.25,6922
FIEMIND,20191022,355,369.85,354,359.45,10710
FILATEX,20191022,38.9,38.9,36.6,37.25,95192
FINCABLES,20191022,368.4,384.5,367.6,377.4,61911
FINEORG,20191022,1950,2076.9,1950,1970.9,23906
FINPIPE,20191022,618.7,626.9,611.9,616.55,40912
FLEXITUFF,20191022,6,6,5.5,5.75,9360
FLFL,20191022,412.7,412.7,396.5,401.2,26050
FLUOROCHEM,20191022,692,749,683.45,716.55,208878
FMGOETZE,20191022,559.3,559.3,539.2,541.05,2262
FMNL,20191022,42.55,42.55,42.55,42.55,4131
FORCEMOT,20191022,1095,1097,1070,1077.65,23409
FORTIS,20191022,138.1,139.9,136.85,138.4,810369
FOSECOIND,20191022,1337,1360,1326.05,1347.1,598
FRETAIL,20191022,397,397,378,380.55,255508
FSC,20191022,496,503.8,492,496.85,2079
FSL,20191022,49.9,53,48.95,51.85,5047496
GABRIEL,20191022,103.05,108.6,102.95,105.1,476428
GAEL,20191022,142.2,150,138.45,141.5,39215
GAIL,20191022,129.55,130.95,128.8,129.5,7644747
GAL,20191022,2.1,2.1,1.95,2.05,6369
GALAXYSURF,20191022,1510,1530.15,1482.3,1515.05,6551
GALLANTT,20191022,26.6,26.95,25.75,26.2,15526
GALLISPAT,20191022,22.25,22.55,19.1,19.3,15691
GAMMNINFRA,20191022,0.25,0.3,0.25,0.25,494725
GANDHITUBE,20191022,307,319.9,305,308.2,21285
GANECOS,20191022,260.05,272.75,260,269.75,17777
GANESHHOUC,20191022,38.5,38.5,34.95,35.15,29776
GANGESSECU,20191022,32.5,32.5,32.5,32.5,174
GARDENSILK,20191022,12.7,14,12.1,12.4,32530
GARFIBRES,20191022,1126.1,1177.4,1126.1,1147.25,19317
GATI,20191022,57.05,60.25,56.6,57.45,293698
GAYAHWS,20191022,0.25,0.35,0.25,0.3,47318
GAYAPROJ,20191022,122.15,124.9,118.95,123.45,76722
GBGLOBAL,20191022,13.9,13.9,13.9,13.9,501
GDL,20191022,94.7,96,93.55,94,76846
GEECEE,20191022,87.15,87.5,84.1,86.85,2275
GENESYS,20191022,69.85,72,65.1,66.15,10418
GENUSPAPER,20191022,5.1,5.2,5,5.15,57920
GENUSPOWER,20191022,23.4,23.5,22.05,23.25,135242
GEOJITFSL,20191022,26.55,28.25,26.55,27.5,128682
GEPIL,20191022,712,725,707,722.85,9263
GESHIP,20191022,291,304.95,287.55,304.25,508371
GET&D,20191022,195,195,184.3,187.85,22577
GFLLIMITED,20191022,85.45,85.45,78.1,82.9,226054
GFSTEELS,20191022,7.25,7.25,7.25,7.25,20536
GHCL,20191022,199.6,214.7,199.5,212.6,301408
GICHSGFIN,20191022,155.2,173.5,153,163.6,473989
GICRE,20191022,279.5,291,258,260.1,780941
GILLANDERS,20191022,27.1,28.4,26.65,27,4536
GILLETTE,20191022,7838.3,7894.75,7722.15,7768.65,4933
GINNIFILA,20191022,8.7,8.7,8.05,8.05,40096
GIPCL,20191022,70,71.5,69.7,70.45,72317
GISOLUTION,20191022,3.65,3.65,3.6,3.6,105
GKWLIMITED,20191022,749,770,741.2,770,359
GLAXO,20191022,1438.7,1504,1426.25,1481.2,115109
GLENMARK,20191022,301,305.4,292.95,299.1,1623701
GLFL,20191022,1.2,1.2,1.2,1.2,1
GLOBALVECT,20191022,51.5,54,48.55,52.75,6474
GLOBOFFS,20191022,5.75,6.15,5.75,5.95,6248
GLOBUSSPR,20191022,118,119.8,117,117.55,10280
GMBREW,20191022,385.95,389.6,377.5,380.3,32264
GMDCLTD,20191022,59,59.5,58.25,58.55,227497
GMMPFAUDLR,20191022,1441,1441,1405.55,1411.55,6564
GMRINFRA,20191022,19,19.65,18.75,19.1,14965673
GNA,20191022,243.6,253.4,240.1,242.85,33507
GNFC,20191022,199.5,202,197.75,198.55,246526
GOACARBON,20191022,212,228.7,212,225.15,32235
GOCLCORP,20191022,284.05,303,284.05,294.9,109863
GODFRYPHLP,20191022,1092.9,1125,1072.85,1080.7,79172
GODREJAGRO,20191022,524.7,528.85,512,518,97320
GODREJCP,20191022,710.05,714.5,695,699.9,1074009
GODREJIND,20191022,396,404.5,382.75,393.25,140771
GODREJPROP,20191022,974.95,987,960,966.95,197339
GOKEX,20191022,86,88.9,85.1,85.85,37250
GOKUL,20191022,12,12.5,11.4,11.85,353064
GOKULAGRO,20191022,14.25,14.5,13.6,14.1,29484
GOLDBEES,20191022,3388.3,3388.3,3357.15,3366.5,12947
GOLDENTOBC,20191022,26.25,27.9,26.25,27.4,766
GOLDIAM,20191022,132.5,138,130.25,132,76573
GOLDSHARE,20191022,3410,3411.95,3375,3398.7,936
GOLDTECH,20191022,9.05,9.75,9.05,9.45,7970
GOODLUCK,20191022,54.8,54.8,52.95,53.15,4813
GPIL,20191022,140.25,148.45,140.05,141.2,56836
GPPL,20191022,79.65,80,78.05,79.9,91415
GPTINFRA,20191022,42.8,44,37.1,40.65,2931
GRANULES,20191022,102.9,119.85,102.55,114.3,8718050
GRAPHITE,20191022,295.9,327.4,295,311.35,4617790
GRASIM,20191022,745.95,772,742.45,756.05,2174300
GRAVITA,20191022,41.9,42,40.3,40.45,59914
GREAVESCOT,20191022,128.15,132.8,127.65,132.15,176428
GREENLAM,20191022,884.2,898,870.4,894,621
GREENPLY,20191022,159,162.1,155,155.15,29794
GREENPOWER,20191022,1.65,1.7,1.6,1.65,275512
GRINDWELL,20191022,609,630,605.35,616.5,32460
GROBTEA,20191022,275.1,290.05,275.1,281,96
GRPLTD,20191022,939,939,872,901.15,181
GRSE,20191022,173.95,191.45,172.9,184.3,601307
GSCLCEMENT,20191022,17.15,17.5,16.75,17.25,8961
GSFC,20191022,78.05,78.05,76.35,76.6,286934
GSKCONS,20191022,8988,9145.1,8950,9050.4,9981
GSPL,20191022,208.6,210.9,207.25,208.5,605527
GSS,20191022,24.3,24.95,24.3,24.95,2828
GTL,20191022,1.5,1.5,1.45,1.45,57590
GTLINFRA,20191022,0.45,0.5,0.4,0.45,1611431
GTNIND,20191022,5.95,6,5.5,6,4943
GTPL,20191022,71.3,73.95,69.05,70.15,45119
GUFICBIO,20191022,72.65,73.45,68,70.5,48479
GUJALKALI,20191022,454,454,435,449.3,19814
GUJAPOLLO,20191022,134.65,135,132.05,134.95,1906
GUJGASLTD,20191022,178.95,182.25,177,181.7,361998
GUJRAFFIA,20191022,8.4,8.4,8.4,8.4,115
GULFOILLUB,20191022,871.1,887.85,854,883.7,3202
GULFPETRO,20191022,44.3,44.3,38.75,39.65,41781
GULPOLY,20191022,38.15,40,37.6,40,7465
GVKPIL,20191022,3.3,3.5,3,3.15,4416565
HAL,20191022,706.7,721,706.7,713.3,11700
HARITASEAT,20191022,430,435,420,431.15,4206
HARRMALAYA,20191022,48.5,50.3,48.5,48.85,31751
HATHWAY,20191022,22.4,22.4,21.2,21.2,395562
HATSUN,20191022,621,634,621,625.85,4581
HAVELLS,20191022,690,692.95,670.5,678.2,976609
HAVISHA,20191022,0.45,0.45,0.4,0.4,101
HBLPOWER,20191022,17.2,17.5,16.75,17.3,160094
HCC,20191022,7.8,8.1,7.8,7.9,1194080
HCG,20191022,107.15,115,106.75,109.75,10422
HCL-INSYS,20191022,6.8,7,6.35,6.5,1098442
HCLTECH,20191022,1090.2,1095.9,1051.5,1064.45,2751243
HDFC,20191022,2115,2140.5,2096,2114.9,3460577
HDFCAMC,20191022,2890,3074.7,2884.5,3020.6,806845
HDFCBANK,20191022,1257,1257,1232.6,1239.3,10003114
HDFCLIFE,20191022,609.95,624.25,605.5,611.3,2673829
HDFCMFGETF,20191022,3470,3500,3433.6,3450.85,4505
HDFCNIFETF,20191022,1220.14,1225,1214.67,1215.75,694
HDFCSENETF,20191022,4140,4144.82,4097.06,4120.83,105
HDIL,20191022,2.3,2.3,2.3,2.3,220265
HEG,20191022,980,1118,975.6,1075.45,1419266
HEIDELBERG,20191022,192.35,194.4,187.5,190.05,270318
HERCULES,20191022,89.65,89.95,85.5,86.5,10542
HERITGFOOD,20191022,322.5,327.8,318.2,319.3,52855
HEROMOTOCO,20191022,2660,2713.45,2641.2,2674.65,799030
HESTERBIO,20191022,1731,1782.85,1710.35,1759.35,3173
HEXATRADEX,20191022,9.5,9.5,9.5,9.5,7187
HEXAWARE,20191022,378,378,368.3,371.2,424793
HFCL,20191022,19.35,19.35,17.05,17.35,3030770
HGINFRA,20191022,205.9,205.9,192,196.65,621548
HGS,20191022,565,567.55,551,554.2,5406
HIKAL,20191022,140.9,142.8,139.45,140.15,176967
HIL,20191022,1236,1246.45,1205,1220.15,6350
HILTON,20191022,7.15,7.75,6.35,7.5,6549
HIMATSEIDE,20191022,141.75,148.5,140.4,146.4,85444
HINDALCO,20191022,186.45,190.95,185.05,185.75,6683536
HINDCOMPOS,20191022,166,189.4,166,178.1,2033
HINDCOPPER,20191022,39.65,41.7,38.65,39.3,3658476
HINDMOTORS,20191022,5.55,5.6,5.3,5.35,80531
HINDNATGLS,20191022,31.5,32.7,30,31,1272
HINDOILEXP,20191022,100,100,95.85,98.15,125132
HINDPETRO,20191022,316.95,320.45,312.3,316.9,6171806
HINDUJAVEN,20191022,316,324.8,310.1,315.1,1549
HINDUNILVR,20191022,2120,2149,2112,2127.35,1737401
HINDZINC,20191022,216.5,219.7,209.2,209.9,946692
HIRECT,20191022,170,174,165.1,166.9,18969
HISARMETAL,20191022,50,52,50,50.15,2038
HITECH,20191022,163,163,150,152.75,19231
HITECHCORP,20191022,82.1,88.6,82,82.35,1910
HITECHGEAR,20191022,171.8,177,170.4,175.9,2262
HMVL,20191022,74,75,70.65,73.45,6446
HNDFDS,20191022,590,601.4,570,572.35,7781
HNGSNGBEES,20191022,3300,3300,3151,3246,31
HONAUT,20191022,28699,28699,28070,28221.05,3113
HONDAPOWER,20191022,1168.65,1200,1146.25,1158.35,1499
HOTELEELA,20191022,9.45,9.45,8.1,8.45,761497
HOTELRUGBY,20191022,1.15,1.15,1.15,1.15,10
HOVS,20191022,63.85,65.95,59.25,60.8,11494
HPL,20191022,42,42.75,40.7,41.6,11031
HSCL,20191022,75.8,79.5,75.15,76.6,924770
HSIL,20191022,40.3,40.3,38.85,39.05,175807
HTMEDIA,20191022,20.45,20.45,19.45,19.95,140040
HUBTOWN,20191022,12.55,12.55,11.4,12.25,27506
HUDCO,20191022,35,35.9,34.35,34.65,872975
IBMFNIFTY,20191022,112,116,112,112.86,130
IBREALEST,20191022,47.4,48.8,46,48.8,4090408
IBULHSGFIN,20191022,239,252,205.35,218,73100530
IBULISL,20191022,70.7,74.25,67.25,67.25,405039
IBVENTURES,20191022,92.8,94.3,91.2,93.75,1947893
ICICI500,20191022,152.99,157.5,150.76,153.36,77811
ICICIB22,20191022,35.37,35.64,35,35.36,1588451
ICICIBANK,20191022,440.5,458.7,437.55,451.15,34966169
ICICIBANKN,20191022,298.95,298.95,292.32,295.58,6162
ICICIBANKP,20191022,165.34,166.12,164,165.33,1355
ICICIGI,20191022,1237,1306.35,1237,1294.8,2328823
ICICIGOLD,20191022,38.5,38.5,34.1,34.5,25581
ICICILIQ,20191022,999,1000,966.7,999.99,60254
ICICILOVOL,20191022,95.7,95.7,92.13,92.54,1188
ICICIMCAP,20191022,66,66,62.93,63.18,124628
ICICINF100,20191022,125,127,121,125.6,1204
ICICINIFTY,20191022,122.8,125,121,121.94,103053
ICICINV20,20191022,57.8,58.7,55.53,55.82,7711
ICICINXT50,20191022,28.75,28.75,27.55,28.34,20142
ICICIPRULI,20191022,478.35,488.45,473.4,480.05,2590137
ICICISENSX,20191022,424,424,415.2,415.2,1097
ICIL,20191022,42,44.75,42,43.75,56121
ICRA,20191022,2649.95,2649.95,2560.1,2569.25,2605
IDBI,20191022,30.7,31.6,30.55,30.85,1742870
IDBIGOLD,20191022,3522.05,3522.05,3488,3507.6,121
IDEA,20191022,6.4,6.55,6,6.1,128095442
IDFC,20191022,33.5,33.95,32.35,33,999860
IDFCFIRSTB,20191022,39.7,40.45,39.5,39.8,9561077
IDFNIFTYET,20191022,113.7,119.85,112.6,119.45,144
IEX,20191022,146,152.2,140.95,146.45,362102
IFBAGRO,20191022,396.3,408.05,390,391.95,10288
IFBIND,20191022,666.5,715,666.5,703,20825
IFCI,20191022,6.65,7.25,6.65,6.95,3040670
IFGLEXPOR,20191022,148,160.95,139.1,144.65,3670
IGARASHI,20191022,218.95,225,213,215.85,77628
IGL,20191022,379.8,380,370.9,372.1,763499
IGPL,20191022,149,164.55,148.1,156.7,94748
IIFL,20191022,116.3,121.85,114.85,117.05,465915
IIFLSEC,20191022,24.35,26.2,24.35,26.15,591401
IIFLWAM,20191022,1240,1240,1130.05,1187.35,7047
IITL,20191022,61.1,64,61.1,64,60
IMFA,20191022,180.5,187.85,171.2,183.4,36517
IMPAL,20191022,1029.85,1128.5,1011.4,1048.25,10927
IMPEXFERRO,20191022,0.25,0.3,0.25,0.25,600
INDBANK,20191022,7.4,7.55,6.9,7,27092
INDHOTEL,20191022,149.8,153.2,148.15,152.3,926734
INDIACEM,20191022,81.6,81.95,79,79.3,1328912
INDIAGLYCO,20191022,213.15,221.5,210.7,216.95,91919
INDIAMART,20191022,2038,2071,2010,2032.05,55187
INDIANB,20191022,122.8,129.7,122.05,126.3,1275098
INDIANCARD,20191022,103,105.1,103,105.1,47
INDIANHUME,20191022,258.1,262.9,256.1,257,10803
INDIGO,20191022,1719,1719,1666.5,1674.35,1111643
INDLMETER,20191022,15,15.45,15,15.45,689
INDNIPPON,20191022,323.05,339,323.05,334.9,7861
INDOCO,20191022,153.9,154.4,147.25,148.55,10902
INDORAMA,20191022,25.9,26,25.75,25.8,29581
INDOSTAR,20191022,195,199.1,188.15,189.7,34553
INDOTECH,20191022,91,94.35,85.5,88.55,2608
INDOTHAI,20191022,25.85,25.85,22.25,22.65,1471
INDOWIND,20191022,3,3.15,2.85,2.95,19974
INDRAMEDCO,20191022,37.5,37.5,37,37,18366
INDSWFTLAB,20191022,32.05,33.4,30.5,31.95,25036
INDSWFTLTD,20191022,4.5,4.65,4.3,4.3,8422
INDTERRAIN,20191022,74.55,76.45,71.2,73.05,7977
INDUSINDBK,20191022,1340,1357.85,1320,1341,3577455
INEOSSTYRO,20191022,636,654.95,634.85,650.25,17630
INFIBEAM,20191022,42.15,43.85,42,42.8,1988101
INFOBEAN,20191022,65.4,70.8,65,65.85,15784
INFRABEES,20191022,337,344.62,318.99,342,1642
INFRATEL,20191022,266,266,256.25,258.8,3366265
INFY,20191022,691.1,691.1,638.35,643.55,90152532
INGERRAND,20191022,609,612.8,605,608.55,12407
INOXLEISUR,20191022,358.7,366.9,354,356.25,241217
INOXWIND,20191022,34.4,37.4,32.8,33.7,178288
INSECTICID,20191022,562,572,550.1,554.55,6954
INSPIRISYS,20191022,45.1,48.4,42.2,44,5476
INTEGRA,20191022,0.25,0.25,0.25,0.25,10
INTELLECT,20191022,193,193,186.35,188.35,74162
INTENTECH,20191022,29.9,31,29.5,29.7,9066
INVENTURE,20191022,13.95,14.2,13.9,13.9,33223
IOB,20191022,10,10,9.65,9.7,514697
IOC,20191022,147.1,148.1,145.55,146.45,11908068
IOLCP,20191022,173.25,177.5,172.2,173.85,212280
IPAPPM,20191022,333,335,326.3,331.2,6212
IPCALAB,20191022,952,955,920.5,927.15,149393
IRB,20191022,67.4,73.1,67,71.4,1498311
IRCON,20191022,381.15,415,381.15,399.45,283099
IRCTC,20191022,786.95,866.75,781,844.7,9346788
ISEC,20191022,287.5,289,277,286.65,99658
ISFT,20191022,87,87,82.85,83.1,4632
ISMTLTD,20191022,3.95,4.4,3.7,4.2,18902
ITC,20191022,245,251.1,244.95,248.9,18275636
ITDC,20191022,348.7,376.25,346.25,356.05,636247
ITDCEM,20191022,42.4,44.2,41,41.75,1075146
ITI,20191022,83.05,84.35,81.65,82.1,570879
IVC,20191022,4,4.2,3.75,3.8,173631
IVP,20191022,67.5,67.5,61.55,66.15,239
IVZINGOLD,20191022,3452,3465,3437,3465,17
IVZINNIFTY,20191022,1225,1255,1225,1240.5,24
IZMO,20191022,28.4,28.7,27.5,28,1822
J&KBANK,20191022,31,32.7,29.9,31.9,1076837
JAGRAN,20191022,58.95,59.45,57.5,57.85,205753
JAGSNPHARM,20191022,23.9,25.5,23.5,24.4,5390
JAIBALAJI,20191022,19.95,20.5,18.1,19.7,12365
JAICORPLTD,20191022,82.55,86.15,82.1,83.05,1378882
JAINSTUDIO,20191022,1.9,1.95,1.9,1.95,2001
JAMNAAUTO,20191022,41.2,41.2,39.05,40.35,1088103
JAYAGROGN,20191022,143.95,150.95,143,147.8,8056
JAYBARMARU,20191022,192.85,194,187,188.25,67812
JAYNECOIND,20191022,3.55,3.7,3.5,3.7,8060
JAYSREETEA,20191022,48.2,50.25,48.2,48.75,61706
JBCHEPHARM,20191022,374,374,358,359.8,38294
JBFIND,20191022,7.6,7.75,7.4,7.65,12461
JBMA,20191022,221,225.4,212.5,214.85,36373
JCHAC,20191022,2048,2099,1974,2074.85,5372
JHS,20191022,16.7,17,16.1,16.5,35711
JIKIND,20191022,0.25,0.25,0.25,0.25,52
JINDALPHOT,20191022,13,14,12.75,13.55,2681
JINDALPOLY,20191022,228.7,229.75,223,224.5,7772
JINDALSAW,20191022,87.8,91.2,86.6,87.3,678225
JINDALSTEL,20191022,106,108.1,102.55,103.4,20481332
JINDCOT,20191022,1.7,1.7,1.7,1.7,4281
JINDRILL,20191022,77.45,81,76.5,76.9,10683
JINDWORLD,20191022,62.45,62.5,55.3,58.55,115027
JISLDVREQS,20191022,9.15,9.2,8.55,8.55,81986
JISLJALEQS,20191022,11.15,11.7,10.7,10.85,4209327
JITFINFRA,20191022,6.45,7.05,6.45,6.45,13302
JIYAECO,20191022,42.85,43.3,37.8,40.75,118710
JKCEMENT,20191022,1149,1149,1103.8,1121.2,64212
JKIL,20191022,159.9,162.9,156,157.45,284123
JKLAKSHMI,20191022,287,295.5,285,289,54799
JKPAPER,20191022,123.2,127.2,122,123.65,1013692
JKTYRE,20191022,67.5,68.4,65,66.15,348244
JMA,20191022,22.85,24.95,22.85,24.95,512
JMCPROJECT,20191022,108.1,115.95,107.6,109.8,96747
JMFINANCIL,20191022,71.9,74.85,71.35,74.25,281891
JMTAUTOLTD,20191022,1.1,1.2,1.1,1.15,74168
JOCIL,20191022,88.95,89.5,85.5,89.45,377
JPASSOCIAT,20191022,2.2,2.25,2.15,2.2,3860008
JPINFRATEC,20191022,1.3,1.3,1.2,1.2,2026638
JPOLYINVST,20191022,12.05,12.65,11.45,12,2489
JPPOWER,20191022,1.2,1.2,1.1,1.15,691815
JSL,20191022,34.65,36.1,34.1,34.3,212517
JSLHISAR,20191022,65.1,65.9,64.55,64.9,50536
JSWENERGY,20191022,67.4,68.9,66.6,67.65,763381
JSWHL,20191022,2635,2770,2635,2734.85,1077
JSWSTEEL,20191022,223,225.9,219.2,219.7,8305579
JTEKTINDIA,20191022,84.9,86.9,83,83.95,21622
JUBILANT,20191022,503,548.4,503,541,472540
JUBLFOOD,20191022,1356.9,1450,1344.55,1428.85,3927218
JUBLINDS,20191022,102.45,105.3,100.1,103.6,12555
JUMPNET,20191022,54,62.3,54,60.3,197634
JUNIORBEES,20191022,289.16,293.5,287,290.8,145761
JUSTDIAL,20191022,634.2,640.3,621.05,625.2,1934576
JYOTHYLAB,20191022,172,181.5,167.1,178.3,438403
KABRAEXTRU,20191022,68.7,71,67,67.6,13884
KAJARIACER,20191022,554.6,564.5,550.4,555.95,68620
KAKATCEM,20191022,157.05,160.2,155.5,157,8780
KALPATPOWR,20191022,451.7,458.1,445.15,450.05,164101
KALYANIFRG,20191022,165,169.85,160,168.5,728
KAMATHOTEL,20191022,36.5,37.5,35.8,36.25,42909
KAMDHENU,20191022,101.9,103.45,96,97.45,17348
KANANIIND,20191022,2.95,3,2.75,2.9,1195
KANORICHEM,20191022,42.5,43.4,42.15,42.85,11594
KANSAINER,20191022,544,555.8,517.05,530,490104
KARDA,20191022,162.9,162.9,156.5,158.4,54833
KARMAENG,20191022,9.4,9.85,9.3,9.5,1712
KARURVYSYA,20191022,56.05,56.95,55.15,55.55,504579
KAUSHALYA,20191022,0.35,0.45,0.35,0.35,11258
KAVVERITEL,20191022,2.55,2.6,2.55,2.6,100
KAYA,20191022,400.75,420.45,400.75,409.95,19226
KCP,20191022,65.85,67.2,65.1,66.35,157568
KCPSUGIND,20191022,11.9,12.35,11.9,12.15,124210
KDDL,20191022,364.6,364.65,364.6,364.6,3
KEC,20191022,279.8,279.8,273.1,275,363744
KECL,20191022,8,8.45,8,8.25,24706
KEI,20191022,552.4,552.4,530.1,532.35,117623
KELLTONTEC,20191022,16.25,16.7,16.1,16.6,435627
KENNAMET,20191022,1090,1118.95,1046.55,1061.8,15237
KERNEX,20191022,25.7,28,25.7,26.3,2198
KESARENT,20191022,30.05,31.55,29.65,29.65,2445
KESORAMIND,20191022,54.5,55.05,52.55,52.85,167092
KEYFINSERV,20191022,28.6,28.6,28.6,28.6,50
KGL,20191022,0.2,0.2,0.15,0.2,3942437
KHADIM,20191022,237.1,247,235.2,237.3,20713
KICL,20191022,1585,1650,1585,1624.35,790
KILITCH,20191022,115.8,125,115.8,122.95,9562
KINGFA,20191022,632.9,650,614,630.85,1350
KIOCL,20191022,124.5,133.8,120.55,122.25,148264
KIRIINDUS,20191022,428,428,415,418.35,66941
KIRLOSBROS,20191022,156.4,156.4,150.3,153.15,6992
KIRLOSENG,20191022,177.6,183.9,174.4,180.05,7549
KIRLOSIND,20191022,684.9,684.9,660,660.2,898
KITEX,20191022,86.9,90.95,86.55,88,125674
KKCL,20191022,1030,1100,951.15,981.95,446
KMSUGAR,20191022,6.15,6.15,5.75,5.85,161183
KNRCON,20191022,230,233.1,226.1,228.1,48322
KOHINOOR,20191022,8.95,8.95,8.55,8.85,48840
KOKUYOCMLN,20191022,71,73.5,68.05,71,40562
KOLTEPATIL,20191022,253.7,256.8,245.15,247.85,52079
KOPRAN,20191022,26,28.4,25.9,26.95,57164
KOTAKBANK,20191022,1626.85,1643,1592,1628.85,4895082
KOTAKBKETF,20191022,298.3,305.44,298.1,302.72,367588
KOTAKGOLD,20191022,340,341.45,339,340.35,17467
KOTAKNIFTY,20191022,120.61,121,119.75,119.98,69537
KOTAKNV20,20191022,58.01,58.49,57.3,57.54,12000
KOTAKPSUBK,20191022,224,231.7,224,227.63,11125
KOTARISUG,20191022,9.75,10.4,9.6,9.85,40929
KOTHARIPET,20191022,16.65,17.35,15.55,15.95,8357
KOTHARIPRO,20191022,63.1,66.1,62.35,64.5,8121
KPITTECH,20191022,96,99.9,95.3,98.7,182847
KPRMILL,20191022,598,620,591.1,597.1,14243
KRBL,20191022,217.05,235,217,232.05,203629
KREBSBIO,20191022,85.05,93.6,84.2,88.85,1336
KRIDHANINF,20191022,6.25,6.35,6.1,6.2,46307
KRISHANA,20191022,55,55,52.35,52.35,141
KSB,20191022,671.05,680,659.95,671.3,1628
KSCL,20191022,496,508.9,484.05,496.1,107986
KSERASERA,20191022,0.1,0.1,0.05,0.05,368187
KSK,20191022,0.45,0.45,0.4,0.45,373191
KSL,20191022,185.3,192.75,185,186.15,47522
KTIL,20191022,29.05,32,29.05,30.4,4298
KTKBANK,20191022,69.4,72,69.05,71.15,1357795
KWALITY,20191022,1.9,1.9,1.9,1.9,96975
L&TFH,20191022,84.1,90.8,83.6,86.6,23587540
LAKSHVILAS,20191022,18.05,18.05,18.05,18.05,294103
LALPATHLAB,20191022,1428.9,1548.9,1420.1,1480.2,120431
LAMBODHARA,20191022,29.9,30.4,28.35,29,5766
LAOPALA,20191022,175.2,179.5,173.35,178.65,21625
LASA,20191022,17.4,18.2,17.4,17.85,29369
LAURUSLABS,20191022,334.7,348,322,341.7,85633
LAXMIMACH,20191022,3689,3818.7,3626.05,3786.75,7098
LEMONTREE,20191022,56.5,56.5,55.6,56.05,200359
LFIC,20191022,45,53.5,44.1,51.9,317
LGBBROSLTD,20191022,278.8,278.8,255.15,261.15,6281
LGBFORGE,20191022,2.25,2.45,2.25,2.3,51843
LIBAS,20191022,53,56.5,51.1,51.1,1036
LIBERTSHOE,20191022,113.45,124.2,113,122.5,503487
LICHSGFIN,20191022,383.95,391.85,371.85,373.2,5449058
LICNETFGSC,20191022,21.99,21.99,21.15,21.49,52800
LICNETFN50,20191022,112.03,143,108.01,137.43,5379
LICNFNHGP,20191022,120.65,124,120.65,124,8
LINCOLN,20191022,153.05,167,147.8,159.7,97328
LINCPEN,20191022,175,183.05,170.4,182.1,1718
LINDEINDIA,20191022,528,530,517,524.6,9743
LIQUIDBEES,20191022,1000,1000.01,999.25,999.99,827280
LIQUIDETF,20191022,1000.04,1000.04,999.99,999.99,4642
LOKESHMACH,20191022,35.85,36.05,35,35.85,6962
LOTUSEYE,20191022,23.45,23.45,20,20.1,4429
LOVABLE,20191022,58.8,61.75,58.8,60.9,23230
LPDC,20191022,1.45,1.5,1.35,1.5,2936
LSIL,20191022,0.45,0.5,0.4,0.45,973406
LT,20191022,1448.5,1467.8,1439.15,1442.55,2858390
LTI,20191022,1612.5,1635,1596.55,1610.75,248091
LTTS,20191022,1600,1603.3,1321,1475.05,361675
LUMAXIND,20191022,1299,1299,1249.5,1256.3,2945
LUMAXTECH,20191022,90.6,93.9,88.15,89.45,16224
LUPIN,20191022,738.9,748.35,733.95,745.85,712225
LUXIND,20191022,1218,1249.8,1201.65,1209.7,44688
LYKALABS,20191022,16,16.75,15.95,16.5,5326
LYPSAGEMS,20191022,4.6,4.6,4.05,4.35,7360
M&M,20191022,593.4,601.2,587.45,595.8,3494913
M&MFIN,20191022,315.2,347.55,312.4,341.15,3831490
M100,20191022,16.85,17.12,16.85,17.08,25161
M50,20191022,114.4,114.9,113.23,113.94,431
MAANALU,20191022,60.6,62.45,56.95,62,4164
MADHAV,20191022,25,25.35,23.8,25.05,2549
MADHUCON,20191022,3.45,3.55,3.45,3.45,21395
MADRASFERT,20191022,21.2,21.5,20.6,20.9,525780
MAGADSUGAR,20191022,103.25,108.5,103.25,104.7,21274
MAGMA,20191022,54,55,51.5,53.3,52258
MAGNUM,20191022,3.75,3.75,3.6,3.6,36
MAHABANK,20191022,9.9,11.55,9.7,11,6189341
MAHAPEXLTD,20191022,83.3,87.45,83.3,83.7,2370
MAHASTEEL,20191022,149,158,146,151.65,20451
MAHESHWARI,20191022,220,241.15,215.8,229,83738
MAHINDCIE,20191022,149.8,154,148.25,151.7,449715
MAHLIFE,20191022,417.2,434.8,417.2,425.45,50815
MAHLOG,20191022,374.75,377.9,361.15,369.5,126402
MAHSCOOTER,20191022,4720,4746,4550,4569.1,8569
MAHSEAMLES,20191022,353,361,352.7,356.65,5854
MAITHANALL,20191022,463.95,475,431,447.6,21026
MAJESCO,20191022,428,428,410.4,412.4,12877
MALUPAPER,20191022,26.95,27.15,25.5,26,36999
MAN50ETF,20191022,120,120,117.5,117.55,4905
MANAKALUCO,20191022,4.6,4.6,4,4.2,5235
MANAKCOAT,20191022,4.05,4.8,4.05,4.05,7024
MANAKSIA,20191022,32.1,34.5,32.1,33.2,4127
MANAKSTEEL,20191022,10.05,10.8,9.75,10.75,12572
MANALIPETC,20191022,18,18.25,17.6,17.75,339037
MANAPPURAM,20191022,155,160,154.6,158.25,9071142
MANGALAM,20191022,25,26.35,25,26.1,11935
MANGCHEFER,20191022,30.05,30.65,29.35,29.5,34426
MANGLMCEM,20191022,307.9,308,288.3,297.2,21004
MANGTIMBER,20191022,5.25,5.45,4.95,5.2,9005
MANINDS,20191022,43.75,44.5,42.8,43.2,40858
MANINFRA,20191022,22,25.85,21.55,25.85,1558886
MANUGRAPH,20191022,13.95,14.05,13.5,14,2218
MARALOVER,20191022,18.4,20.85,18.4,19.85,12734
MARATHON,20191022,81.1,81.1,72.15,73.6,6905
MARICO,20191022,392.95,400.9,392.15,395.1,2136931
MARKSANS,20191022,14.75,15.7,14.45,14.8,702182
MARUTI,20191022,7333,7392,7232,7256.25,959552
MASFIN,20191022,660.1,687.8,660.1,680.5,8095
MASTEK,20191022,340,354.85,334.6,347.3,103875
MATRIMONY,20191022,532,551,500,523.45,13843
MAWANASUG,20191022,32.8,34.85,32.8,34.15,84936
MAXINDIA,20191022,66,66.85,62.25,65.55,77345
MAXVIL,20191022,38,41.3,37.1,38.2,35514
MAYURUNIQ,20191022,229.8,231.5,209.95,212.5,76260
MAZDA,20191022,372,372,355,357,3069
MBAPL,20191022,78,80,76,80,607
MBECL,20191022,3.5,3.7,3.45,3.55,11709
MBLINFRA,20191022,4.95,4.95,4.95,4.95,8832
MCDHOLDING,20191022,19.1,19.1,16.6,17.1,9907
MCDOWELL-N,20191022,634.9,644.3,606.65,612.15,2296738
MCLEODRUSS,20191022,6.8,6.8,6.55,6.75,251492
MCX,20191022,1066,1127.75,1046.1,1119,1584859
MEGASOFT,20191022,6.75,7,6.5,6.75,27990
MEGH,20191022,52.1,53.2,51.05,51.4,620363
MELSTAR,20191022,1,1,1,1,1
MENONBE,20191022,58.15,62,57.9,58.25,22898
MEP,20191022,27.1,28,27.05,27.15,43484
MERCATOR,20191022,0.65,0.75,0.65,0.75,324795
METALFORGE,20191022,4.5,5,4.5,4.85,25398
METROPOLIS,20191022,1372.6,1404.4,1332.05,1341.75,58823
MFSL,20191022,411.4,445.55,407.35,435.1,1260877
MGL,20191022,964.4,969,949.4,955.85,302924
MHRIL,20191022,220.6,222.9,218,220.05,34101
MIC,20191022,0.45,0.5,0.45,0.5,36568
MIDHANI,20191022,130.8,134.55,129.25,130.3,111286
MINDACORP,20191022,83.05,86.45,83.05,84.55,80893
MINDAIND,20191022,374,378.8,365,367.1,78655
MINDTECK,20191022,32.9,32.9,29.35,31.3,2718
MINDTREE,20191022,738.55,739.8,726.1,729.2,425474
MIRCELECTR,20191022,7.85,8.3,7.75,7.9,1034712
MIRZAINT,20191022,54,58.8,53.8,57.85,513229
MMFL,20191022,381,396,377.75,394.95,1976
MMTC,20191022,18.25,18.75,17.3,17.35,1748146
MOHITIND,20191022,4.95,4.95,4.5,4.85,1200
MOHOTAIND,20191022,12.2,12.2,11.1,11.1,10217
MOIL,20191022,140.8,145.9,139.05,140.6,348851
MOLDTECH,20191022,50.05,54,50.05,51.25,17130
MOLDTKPAC,20191022,315.8,321.8,307,307.75,36960
MONTECARLO,20191022,244.5,244.5,237.05,238.65,5299
MORARJEE,20191022,12.55,13.1,12.55,13.1,195
MOREPENLAB,20191022,16.6,17.2,16.55,16.65,370690
MOTHERSUMI,20191022,105.8,105.85,103,103.7,10385907
MOTILALOFS,20191022,648.95,657,616,630.95,46547
MOTOGENFIN,20191022,29.55,32.65,29.55,32.45,92
MPHASIS,20191022,920,927.85,902.5,915.15,108447
MPSLTD,20191022,490,490,482.35,486.95,2491
MRF,20191022,64394.95,64749.9,64030.05,64211.3,3206
MRO-TEK,20191022,19.9,21.9,19.9,21.9,2192
MRPL,20191022,51.6,51.9,50.5,51.5,1040783
MSPL,20191022,4.9,4.95,4.6,4.95,582
MSTCLTD,20191022,100.35,101,98.6,98.9,76028
MTEDUCARE,20191022,15.3,15.3,15.3,15.3,2666
MTNL,20191022,5.55,5.65,5.45,5.6,574394
MUKANDENGG,20191022,12.15,12.15,11.3,11.65,2684
MUKANDLTD,20191022,32,32.95,30.7,32,12451
MUKTAARTS,20191022,39.1,40.7,38.5,38.7,12597
MUNJALAU,20191022,39.5,39.5,38.4,38.55,58221
MUNJALSHOW,20191022,132.05,135,130,131.2,6696
MURUDCERA,20191022,15.2,15.4,14.8,15.15,10692
MUTHOOTCAP,20191022,453.05,484.85,445.55,456.85,15099
MUTHOOTFIN,20191022,678.5,693.35,676.7,686.9,835554
MVL,20191022,0.05,0.1,0.05,0.1,274438
N100,20191022,558,559,551,554.66,4374
NACLIND,20191022,28,28.2,26.2,27,19811
NAGAFERT,20191022,2.8,2.9,2.8,2.9,33098
NAGAROIL,20191022,0.15,0.25,0.15,0.25,461202
NAGREEKCAP,20191022,6.75,7.35,6.7,7,7501
NAGREEKEXP,20191022,17.7,17.7,14.9,15.25,7316
NAHARCAP,20191022,70.25,72.2,70.1,70.55,1384
NAHARINDUS,20191022,24,24.9,23.1,24.5,7552
NAHARPOLY,20191022,33,34.85,32.6,32.75,301
NAHARSPING,20191022,48.75,49.85,48.75,49.1,2619
NATCOPHARM,20191022,577.6,591.9,570.5,577.2,186152
NATHBIOGEN,20191022,330,337.95,322,329.1,9064
NATIONALUM,20191022,44,45.5,43,43.8,15954242
NATNLSTEEL,20191022,1.8,1.85,1.75,1.85,12442
NAUKRI,20191022,2304.9,2448,2285.35,2397.75,302674
NAVINFLUOR,20191022,775.9,784,765,771.15,30289
NAVKARCORP,20191022,34.6,35.6,34.3,34.6,92155
NAVNETEDUL,20191022,99,100,98.55,98.95,47866
NBCC,20191022,36.9,37.45,35.2,35.7,18823442
NBIFIN,20191022,1370.5,1440,1355,1429.8,337
NBVENTURES,20191022,73.6,76.75,73.6,75,70779
NCC,20191022,53.2,55.6,52.9,53.7,22523643
NCLIND,20191022,92.9,97,90.2,91.7,124344
NDGL,20191022,550.05,580,522.1,546.05,203
NDL,20191022,30.25,31.35,30.2,30.85,11911
NDTV,20191022,31.4,31.5,30.15,30.5,7746
NECCLTD,20191022,5,5.25,4.6,5,15377
NECLIFE,20191022,12.65,12.9,12.35,12.8,100664
NELCAST,20191022,37.5,39.3,37.05,37.2,38577
NELCO,20191022,264.7,271.3,257.65,265.3,65551
NEOGEN,20191022,388,417.9,388,400,90930
NESCO,20191022,566.35,581.9,560,564.65,25911
NESTLEIND,20191022,14888,15110.95,14836,15020,138011
NETF,20191022,118.13,118.13,118.04,118.04,10
NETWORK18,20191022,20.55,21.95,20.25,21.35,461009
NEULANDLAB,20191022,484.95,488,473,480.5,4781
NEWGEN,20191022,265.1,267.75,246,249.6,97033
NEXTMEDIA,20191022,9.6,9.65,9.1,9.55,5281
NFL,20191022,26.7,27.5,26.35,26.65,775518
NH,20191022,235,243.85,235,240.75,22066
NHPC,20191022,24.1,24.1,23.05,23.1,3146860
NIACL,20191022,143.7,149,135.25,136.4,960037
NIBL,20191022,7.8,7.8,7.65,7.8,2328
NIFTYBEES,20191022,1220,1237,1201.26,1229.63,84754
NIITLTD,20191022,82.05,85.5,81.5,84.7,618753
NIITTECH,20191022,1436.55,1469.9,1416,1452.2,299087
NILAINFRA,20191022,4.6,5.15,4.3,4.8,696695
NILASPACES,20191022,1,1.05,0.95,1.05,109051
NILKAMAL,20191022,1232.95,1245,1212,1229.35,10373
NIPPOBATRY,20191022,462.2,465.65,450,456.6,276
NITCO,20191022,24.85,24.95,23.7,23.8,47683
NITESHEST,20191022,1.5,1.55,1.45,1.5,23732
NITINSPIN,20191022,50.2,51.8,49.75,50.1,29150
NKIND,20191022,30.2,30.25,29.6,29.6,30
NLCINDIA,20191022,57.5,59.5,57.15,57.45,1001331
NMDC,20191022,110,110.7,107.6,109.6,6483715
NOCIL,20191022,115.5,119.9,115.05,117.6,904308
NOIDATOLL,20191022,3.45,3.7,3.45,3.55,51576
NPBET,20191022,166.65,167.93,166.65,167.93,671
NRAIL,20191022,242,248.9,228.15,230.25,10162
NRBBEARING,20191022,101.1,105.95,100.1,104.65,373027
NSIL,20191022,819,840.55,745.85,835.4,1466
NTL,20191022,0.4,0.4,0.4,0.4,1500
NTPC,20191022,121.65,121.65,119.95,120.9,12091476
NUCLEUS,20191022,308.8,322.3,306.7,315.65,15134
OAL,20191022,197.5,200,195,196.1,2504
OBEROIRLTY,20191022,527,527,502.25,512.9,366858
OCCL,20191022,1010.15,1023,1001,1004.2,7201
OFSS,20191022,3095,3114.4,3070,3106.95,8980
OIL,20191022,172,172.45,164,164.8,1264895
OILCOUNTUB,20191022,6.25,6.95,6.25,6.75,10365
OISL,20191022,4.55,4.9,4.5,4.9,18628
OLECTRA,20191022,185.5,186.75,179.15,181.3,59398
OMAXAUTO,20191022,41,43,41,41.9,8110
OMAXE,20191022,186.8,190,185.7,186.55,223743
OMKARCHEM,20191022,4.15,4.55,4.15,4.15,27973
OMMETALS,20191022,19.7,21.9,19.25,20.15,25892
ONELIFECAP,20191022,5.05,5.05,5.05,5.05,200
ONEPOINT,20191022,14.5,15.5,14,14,3707
ONGC,20191022,143.5,146.15,142.2,144.25,11582273
ONMOBILE,20191022,32.4,34.4,30.25,31.05,217614
ONWARDTEC,20191022,63.95,67,63.8,66.6,11961
OPTIEMUS,20191022,30.5,30.8,28.2,29.85,35811
OPTOCIRCUI,20191022,4,4,3.8,3.8,194479
ORBTEXP,20191022,90,91.9,90,90.6,4318
ORICONENT,20191022,19.15,19.15,18.5,18.65,86223
ORIENTABRA,20191022,16.9,17,16.8,16.95,33791
ORIENTALTL,20191022,13.4,13.4,13.25,13.25,3860
ORIENTBANK,20191022,48.75,51.4,48.75,50.3,1355126
ORIENTBELL,20191022,121.2,124.9,121.2,121.7,2988
ORIENTCEM,20191022,83,84.6,81.8,82.3,273122
ORIENTELEC,20191022,176.05,182.7,174,180.05,237392
ORIENTHOT,20191022,35.05,35.75,35.05,35.35,11192
ORIENTLTD,20191022,110.05,110.05,109.95,110,126
ORIENTPPR,20191022,28.2,29.55,27.7,28.35,444586
ORIENTREF,20191022,219.9,220.05,214.2,217.6,17570
ORISSAMINE,20191022,910,960,910,926.45,45041
ORTINLABSS,20191022,9.9,9.9,9.4,9.65,1770
OSWALAGRO,20191022,5.15,5.8,5.1,5.4,15232
PAEL,20191022,3.15,3.15,3,3.1,4035
PAGEIND,20191022,21580,22699,21533.75,22454.45,42523
PAISALO,20191022,461.6,488.9,450.05,463.9,38478
PALASHSECU,20191022,31.9,33.5,31.2,32,3220
PALREDTEC,20191022,16.6,16.6,16.6,16.6,592
PANACEABIO,20191022,138,147.15,137.1,143.85,43564
PANAMAPET,20191022,73.2,74.1,72,72.65,7229
PAPERPROD,20191022,249.85,249.85,244.2,247.5,33131
PARACABLES,20191022,7.8,8,6.55,6.85,389200
PARAGMILK,20191022,157,161.7,155.55,157.1,242200
PARSVNATH,20191022,2.65,2.65,2.5,2.6,14671
PATELENG,20191022,10.55,10.55,10.55,10.55,169626
PATINTLOG,20191022,22.5,22.5,20.75,21.75,24948
PATSPINLTD,20191022,5.35,5.75,5,5.1,6488
PCJEWELLER,20191022,34.5,36,31.5,35.4,10553128
PDMJEPAPER,20191022,15.5,15.8,14.4,14.5,57575
PDPL,20191022,2.6,2.65,2.6,2.6,655
PDSMFL,20191022,329,329,318,318,2840
PEARLPOLY,20191022,7.65,8.4,7.6,8.4,3599
PEL,20191022,1582,1723,1582,1680.4,3995489
PENIND,20191022,27,27.4,26,26.2,68090
PENINLAND,20191022,3.55,4,3.45,3.7,311305
PERSISTENT,20191022,620,635,608.5,618.75,75143
PETRONENGG,20191022,7.5,8,7.4,7.4,781
PETRONET,20191022,268.95,277.5,267.85,275.1,5498814
PFC,20191022,98.2,103.15,97.8,101.5,9962584
PFIZER,20191022,3215.25,3274,3210.3,3260.25,11750
PFOCUS,20191022,55.5,57.8,53.25,55.85,44892
PFS,20191022,13.15,13.25,12.85,12.9,284366
PGEL,20191022,35,40.9,34.6,39.2,341336
PGHH,20191022,11800,12000,11761,11967.4,4193
PGHL,20191022,4420,4470,4351,4368.25,15974
PGIL,20191022,161.1,167.85,154,155.9,10018
PHILIPCARB,20191022,122.6,130.85,120.6,125.2,2192483
PHOENIXLTD,20191022,725,740,711.65,733.55,145121
PIDILITIND,20191022,1360.5,1382,1344.05,1350.2,1264508
PIIND,20191022,1286.55,1335,1285,1323.2,147358
PILANIINVS,20191022,1920,1989.95,1892,1898.95,10147
PILITA,20191022,4.6,5.05,4.6,4.95,56025
PIONDIST,20191022,135,135,130,130.5,69219
PIONEEREMB,20191022,23.4,24,21.65,22.65,12944
PIRPHYTO,20191022,19.95,19.95,19.95,19.95,1573
PITTIENG,20191022,40,41,39.95,40.25,9998
PLASTIBLEN,20191022,178.05,180,175,177.8,1382
PNB,20191022,60.25,62.25,59.9,60.75,19791117
PNBGILTS,20191022,28.95,29.3,28.25,28.5,137592
PNBHOUSING,20191022,482.2,500.8,452.95,470.95,1334890
PNC,20191022,14.7,14.7,12.55,13.25,2435
PNCINFRA,20191022,168.05,174,168,172.7,49844
PODDARHOUS,20191022,385,399.95,369.1,369.1,294
PODDARMENT,20191022,169.4,169.4,156.7,162.05,4235
POKARNA,20191022,165,170,151.95,159.7,116678
POLYCAB,20191022,727.25,771.35,726,750.5,475587
POLYMED,20191022,208.05,209.4,207.1,207.95,145
POLYPLEX,20191022,487,490,475.75,479.6,33302
PONNIERODE,20191022,106.15,111.7,106.15,107.05,227
POWERGRID,20191022,201,207.55,201,205.05,6004825
POWERMECH,20191022,710.05,744.9,690.05,723.55,18699
PPAP,20191022,199,206.4,160.35,165.7,125705
PPL,20191022,63.05,69.35,63.05,69.35,37911
PRABHAT,20191022,81.45,81.9,79.25,80.35,67110
PRADIP,20191022,0.35,0.4,0.35,0.4,7927
PRAENG,20191022,5.6,6.25,5.45,6.15,18653
PRAJIND,20191022,107.15,112.7,106.9,111.55,2310042
PRAKASH,20191022,46.6,48.8,46.05,47.8,278350
PRAKASHSTL,20191022,0.2,0.2,0.2,0.2,18000
PRAXIS,20191022,62.95,69.55,62.95,68.05,2053
PRECAM,20191022,30.4,31.35,28.9,30.65,28916
PRECOT,20191022,25,27.9,25,26.85,2572
PRECWIRE,20191022,152.25,156,148,154.8,5778
PREMEXPLN,20191022,168.15,175.85,168.15,171.35,33596
PREMIER,20191022,2.5,2.7,2.5,2.7,1281
PREMIERPOL,20191022,18.65,20,18.6,19.75,1940
PRESSMN,20191022,20.2,20.75,19.75,19.9,2877
PRESTIGE,20191022,295.5,299.3,288.3,291.9,113338
PRICOLLTD,20191022,32.45,32.65,32.05,32.5,133065
PRIMESECU,20191022,46.6,46.6,40.2,41.2,37937
PROSEED,20191022,0.35,0.35,0.3,0.3,29043
PROVOGE,20191022,0.95,0.95,0.95,0.95,91712
PROZONINTU,20191022,14.9,16.55,14.9,16.55,107841
PRSMJOHNSN,20191022,77.6,80.35,77.2,78.85,88002
PSB,20191022,17.45,19.05,17.45,18.25,81801
PSL,20191022,0.55,0.55,0.5,0.55,2195
PSPPROJECT,20191022,556.75,561.8,540,543.5,53027
PSUBNKBEES,20191022,250,254,246.73,250.02,4249
PTC,20191022,57.5,57.7,55.3,56.35,672915
PTL,20191022,36.55,39,36.5,37.25,7061
PUNJABCHEM,20191022,551.9,551.9,532.4,536.1,500
PURVA,20191022,63,65.5,61.9,63.1,98060
PVR,20191022,1829,1857.3,1783,1801.8,381460
QGOLDHALF,20191022,1673.05,1681.85,1672,1675,235
QNIFTY,20191022,1196.5,1196.5,1192.5,1192.5,92
QUESS,20191022,474.85,475,468.3,472.75,40038
QUICKHEAL,20191022,124.85,128.9,121.35,123.6,91669
RADAAN,20191022,1.05,1.05,1,1.05,3574
RADICO,20191022,318.5,318.5,304,305.75,219938
RADIOCITY,20191022,33.45,34.05,32,32.1,25202
RAIN,20191022,94.9,99.1,94,94.95,2182117
RAJESHEXPO,20191022,674.25,681.5,670.5,672.4,277634
RAJSREESUG,20191022,16.1,17.2,16.1,16.2,10467
RAJTV,20191022,44.55,45.85,42,42.1,4791
RALLIS,20191022,165.9,169,165,167.25,156587
RAMANEWS,20191022,16.9,17,16.2,16.8,212836
RAMASTEEL,20191022,51.05,52.7,49.55,50.95,2494
RAMCOCEM,20191022,747.1,762,745.75,751.6,190999
RAMCOIND,20191022,170.3,183.4,170.3,179.85,26255
RAMCOSYS,20191022,151.75,153.75,146.25,147.8,12535
RAMKY,20191022,49.55,51.45,48.4,50,108863
RANASUG,20191022,2.2,2.2,2.1,2.15,153852
RANEENGINE,20191022,227,246.75,222.2,225.4,17954
RANEHOLDIN,20191022,870.05,920,863.1,872.45,2373
RATNAMANI,20191022,911.2,920.6,910,919.7,13265
RAYMOND,20191022,602.4,625,600,613.75,552863
RBL,20191022,510,558,497.15,534.2,74049
RBLBANK,20191022,296,298,282,286.95,18285859
RCF,20191022,51.35,53.4,51.1,51.75,1194261
RCOM,20191022,0.75,0.8,0.7,0.75,11628632
RECLTD,20191022,130.3,135.4,129.15,133.8,7063244
REDINGTON,20191022,110,122.65,98.55,120.8,495125
REFEX,20191022,42.15,42.15,42.15,42.15,26239
RELAXO,20191022,532,544,510,520,164260
RELCAPITAL,20191022,14.1,14.1,13.65,14.1,6117994
RELCNX100,20191022,101.3,122.61,101.3,121.52,564
RELCONS,20191022,46.5,54.68,46.1,54.45,4976
RELDIVOPP,20191022,30.5,30.5,29.45,29.45,1893
RELIANCE,20191022,1425,1436.85,1403.35,1414.15,12703054
RELIGARE,20191022,45.45,45.45,43.75,45.3,189461
RELINFRA,20191022,23.1,23.9,22.9,23.9,3741030
RELNV20,20191022,582,582,566.65,570.6,806
REMSONSIND,20191022,84.15,90.5,84.15,86.8,5828
RENUKA,20191022,6.85,7.15,6.8,7.05,600308
REPCOHOME,20191022,290.6,295.8,288.25,290.55,32680
REPRO,20191022,569.9,579.9,566.15,576.15,3850
RESPONIND,20191022,95,95,91.1,92.15,212640
RETFMID150,20191022,60.44,60.51,59.73,60.11,29892
REVATHI,20191022,356.95,356.95,343.4,346.1,226
RGL,20191022,243.45,249.7,243.45,243.5,1805
RHFL,20191022,3.55,3.55,3.55,3.55,119004
RICOAUTO,20191022,43.4,45.15,42.55,43,357324
RIIL,20191022,261.95,268.75,258.8,261,270373
RITES,20191022,268.35,281.9,267,276.5,709195
RKDL,20191022,5.7,6.25,5.7,5.9,5811
RKFORGE,20191022,274,274,266.25,271.65,25129
RMCL,20191022,4.7,4.7,4.4,4.5,31947
RML,20191022,278,298.75,243.65,273.45,30228
RNAM,20191022,291,319.1,290.75,308.9,6197079
RNAVAL,20191022,2.6,2.6,2.6,2.6,206015
ROHITFERRO,20191022,0.55,0.55,0.5,0.5,2350
ROHLTD,20191022,80,80,76.45,76.7,21959
ROLLT,20191022,2.1,2.15,2.1,2.1,2040
ROLTA,20191022,4.55,4.55,4.3,4.55,196885
ROSSELLIND,20191022,56.75,57.95,54.1,56,4413
RPGLIFE,20191022,200.05,204.2,195.6,199.05,15097
RPOWER,20191022,2.55,2.75,2.45,2.75,42666113
RPPINFRA,20191022,78.85,78.85,78.85,78.85,1077
RRSLGETF,20191022,20.04,20.05,19.99,20.01,21013
RSSOFTWARE,20191022,18.25,18.35,16.85,17.6,98326
RSWM,20191022,106.8,110.75,104.75,105.3,28910
RSYSTEMS,20191022,42.45,42.45,39.1,40.95,23970
RTNINFRA,20191022,1.45,1.5,1.4,1.4,275048
RTNPOWER,20191022,1.35,1.35,1.3,1.3,466801
RUBYMILLS,20191022,178,178,171,172.6,2399
RUCHINFRA,20191022,1.9,2,1.9,1.9,11472
RUCHIRA,20191022,83.5,85.45,82.2,83.05,47060
RUCHISOYA,20191022,3.65,3.75,3.6,3.65,1266448
RUPA,20191022,172,183.65,168.45,175.45,50355
RUSHIL,20191022,103.35,103.6,100.2,102.65,14614
RVNL,20191022,24,24.65,23.75,24.05,8115848
SABTN,20191022,2,2,1.9,2,5727
SADBHAV,20191022,139,143.5,138,141.35,70973
SADBHIN,20191022,44.55,44.7,42.5,42.5,14073
SAFARI,20191022,591.05,594.15,572.1,584.1,4683
SAGARDEEP,20191022,51,51,51,51,5500
SAGCEM,20191022,555,555.05,525,531.1,7546
SAIL,20191022,36.2,37.3,35.4,35.6,36094539
SAKAR,20191022,51.75,51.75,48,50.5,6382
SAKHTISUG,20191022,7.8,8.1,7.75,7.9,32584
SAKSOFT,20191022,246.3,251,241,243.75,5775
SAKUMA,20191022,7.7,7.7,7.1,7.15,154789
SALASAR,20191022,93,100,90.5,98.15,39133
SALONA,20191022,81.9,81.9,68,68.4,3177
SALSTEEL,20191022,2.3,2.4,2.2,2.25,34646
SALZERELEC,20191022,121.7,121.7,117.2,118.2,3872
SAMBHAAV,20191022,2.5,2.5,2.35,2.45,57188
SANCO,20191022,18.3,18.3,16.5,16.75,49041
SANDESH,20191022,599,625,578,592.9,375
SANDHAR,20191022,231.05,237.6,226.95,233,9200
SANGAMIND,20191022,37.7,38,36.5,36.9,6197
SANGHIIND,20191022,49.3,49.5,48.1,48.55,38791
SANGHVIFOR,20191022,31.4,31.45,29.95,31.45,897
SANGHVIMOV,20191022,78.25,80,75.7,76.95,43957
SANGINITA,20191022,120,122.95,118,121.3,43597
SANOFI,20191022,6009.5,6147,5925.05,6112,8489
SANWARIA,20191022,1.6,1.6,1.55,1.6,3695093
SARDAEN,20191022,161,162.75,157,157.25,13131
SAREGAMA,20191022,346,348.3,341.1,343.1,10024
SARLAPOLY,20191022,20.05,22.6,20.05,21.9,45343
SASKEN,20191022,594,600,536.95,583.85,18099
SASTASUNDR,20191022,90,93.4,90,91.5,618
SATHAISPAT,20191022,3.7,3.8,3.7,3.8,50561
SATIA,20191022,71,84.9,70.8,76.5,221197
SATIN,20191022,255.3,264.75,251.5,256.65,61950
SBIETFQLTY,20191022,102.4,102.4,98.75,99.5,2365
SBILIFE,20191022,929.2,997.5,929.2,989.15,2040975
SBIN,20191022,270.4,275,268.5,270.5,27574295
SCAPDVR,20191022,0.35,0.35,0.35,0.35,262
SCHAEFFLER,20191022,4101,4124.95,4021.05,4059.9,13042
SCHAND,20191022,62.9,62.9,58.8,62.15,10366
SCHNEIDER,20191022,73.55,74.75,71.25,71.4,59176
SCI,20191022,49.8,55.4,49.55,53.2,17450473
SDBL,20191022,114.85,114.85,109.55,112.35,6639
SEAMECLTD,20191022,383.25,390,347.6,378.3,8317
SELAN,20191022,135,136,133.25,134.05,14942
SELMCL,20191022,0.55,0.6,0.55,0.55,92952
SEPOWER,20191022,2.75,2.75,2.65,2.65,1140
SEQUENT,20191022,74.05,76.45,74.05,74.8,126429
SESHAPAPER,20191022,181.5,186,179.1,180.65,10982
SETCO,20191022,15.35,15.35,14.6,14.85,61893
SETF10GILT,20191022,186.8,186.8,186.8,186.8,2
SETFGOLD,20191022,3516.3,3516.3,3425.05,3442.55,6933
SETFNIF50,20191022,122.1,122.1,119.29,119.5,154296
SETFNIFBK,20191022,296.88,300,294.26,298.02,10861
SETFNN50,20191022,286.2,291.5,283.03,289.8,12739
SETUINFRA,20191022,1.55,1.55,1.45,1.45,32939
SEYAIND,20191022,353.95,355,291.35,299.95,32580
SFL,20191022,1270,1270,1240,1248.4,7413
SGL,20191022,6.65,7.4,6.65,7.35,2843
SHAHALLOYS,20191022,8.05,8.35,8,8.15,5865
SHAKTIPUMP,20191022,271.5,284.9,271.5,275.45,35343
SHALBY,20191022,87,89.9,87,87.15,19963
SHALPAINTS,20191022,94.7,96.05,92.15,94.15,67537
SHANKARA,20191022,287.05,300.75,287.05,300.75,66585
SHANTIGEAR,20191022,96.8,96.8,93.5,94.55,19563
SHARDACROP,20191022,288.65,292,286,290.3,5133
SHARDAMOTR,20191022,951,1084.7,950,1049.85,18989
SHARIABEES,20191022,258.1,258.1,251.51,251.99,702
SHEMAROO,20191022,179.4,189,175.1,178.55,66993
SHILPAMED,20191022,261,272,261,269.35,15963
SHIRPUR-G,20191022,9.45,9.45,8.65,8.8,64234
SHIVAMAUTO,20191022,23.35,23.35,21.9,22.05,25985
SHIVAMILLS,20191022,32.55,34,32,32.1,2938
SHIVATEX,20191022,116.85,134.95,116.85,126.2,5935
SHK,20191022,130.9,130.9,123.1,126.3,196949
SHOPERSTOP,20191022,402.95,403.65,391.55,400.35,6970
SHREDIGCEM,20191022,16.4,17.4,16.4,16.7,106694
SHREECEM,20191022,19400,20312.45,19258.25,19515.6,115473
SHREEPUSHK,20191022,93.05,94.1,90.2,92.05,24186
SHREERAMA,20191022,2.95,3.15,2.85,2.85,49659
SHRENIK,20191022,55,55,54,55,253757
SHREYANIND,20191022,120,121.7,119.1,119.9,11469
SHREYAS,20191022,80,83.45,76,79.1,24472
SHRIPISTON,20191022,737.05,737.05,681,701.65,173
SHRIRAMCIT,20191022,1321,1342.25,1320.05,1326.05,6791
SHRIRAMEPC,20191022,10.45,10.6,10.05,10.4,310305
SHYAMCENT,20191022,2.55,2.55,2.55,2.55,1866
SICAGEN,20191022,14.5,15.5,14.5,15.05,4141
SICAL,20191022,18,19,17.9,18,106041
SIEMENS,20191022,1650,1693.5,1645.95,1675,592793
SIGIND,20191022,22.9,22.9,21,21.65,8958
SIL,20191022,9.85,10.85,9.85,10.85,20
SILINV,20191022,145.05,153.75,141.25,148.85,3158
SIMBHALS,20191022,6.65,6.65,6.3,6.3,13014
SIMPLEXINF,20191022,51,57.2,50.9,56.05,925523
SINTEX,20191022,1.2,1.2,1.2,1.2,431496
SIRCA,20191022,180.1,193,180.1,188.8,744
SIS,20191022,907.95,949,905.6,922.3,24122
SITINET,20191022,1.65,1.7,1.65,1.65,83866
SIYSIL,20191022,236,248,236,241.65,23442
SJVN,20191022,25.8,25.85,24.55,24.6,1614588
SKFINDIA,20191022,2151.45,2188.85,2098,2127.7,11178
SKIL,20191022,4.3,4.3,3.9,4,31418
SKIPPER,20191022,54.95,56.5,51,54.05,264616
SKMEGGPROD,20191022,38.25,41.4,38.25,39.6,32682
SMARTLINK,20191022,86.75,86.8,85.4,85.9,1542
SMLISUZU,20191022,575,582,561,568.7,5308
SMSLIFE,20191022,269,269.15,264.05,269.15,8701
SMSPHARMA,20191022,42.8,42.8,41.2,41.5,22175
SNOWMAN,20191022,38.4,39.5,36.55,37.85,434092
SOBHA,20191022,450.1,456,440,443.25,82904
SOLARA,20191022,412.05,448.9,378.95,413.9,109880
SOLARINDS,20191022,1091.5,1095,1075,1080.25,4528
SOMANYCERA,20191022,190,192.9,188.1,189.75,53958
SOMATEX,20191022,2.7,2.7,2.7,2.7,3186
SOMICONVEY,20191022,11.5,12.45,11.35,12,4750
SONATSOFTW,20191022,308.05,325.5,307.55,318.35,169589
SORILINFRA,20191022,89.9,91.65,82.95,82.95,68610
SOTL,20191022,854.9,860,842.55,858.45,362
SOUTHBANK,20191022,10.3,10.55,10.25,10.4,6827922
SOUTHWEST,20191022,16,16,14.55,16,7437
SPAL,20191022,197.4,207.4,197.4,203.25,25848
SPANDANA,20191022,1090.65,1097.9,1070,1072.95,90992
SPARC,20191022,132.5,134.9,130.35,132.6,570889
SPCENET,20191022,1.1,1.15,1.05,1.15,1941
SPECIALITY,20191022,69.7,69.95,67.6,68.05,18440
SPENCERS,20191022,67.75,71.8,64.95,66.65,274158
SPENTEX,20191022,0.3,0.4,0.3,0.4,15004
SPIC,20191022,19.45,19.7,19,19.4,79927
SPICEJET,20191022,119.95,119.95,116.7,117.1,858568
SPLIL,20191022,31.8,32.45,30.7,31.05,19750
SPMLINFRA,20191022,7.1,7.1,6.85,7.1,58057
SPTL,20191022,2.1,2.1,2.1,2.1,366427
SPYL,20191022,0.25,0.25,0.2,0.25,43306
SREEL,20191022,176.55,176.9,163.95,174.9,19255
SREINFRA,20191022,8.6,8.6,7.9,8,678888
SRF,20191022,2694.9,2749,2694.9,2713.8,134036
SRHHYPOLTD,20191022,100.25,105.95,97.2,104.4,2010
SRIPIPES,20191022,169.5,173,168.1,172.1,45297
SRTRANSFIN,20191022,1085.55,1127.8,1080.1,1117.55,1325369
SSWL,20191022,771.1,780,766,772.15,3912
STAMPEDE,20191022,0.65,0.7,0.65,0.65,114862
STAR,20191022,350.6,358.2,348.25,350.75,734145
STARCEMENT,20191022,94.7,95.85,94.5,94.8,78925
STARPAPER,20191022,111.3,114,109.05,109.85,100659
STCINDIA,20191022,53.1,53.1,53.1,53.1,11152
STEELCITY,20191022,29,29,26.05,27.8,14121
STEELXIND,20191022,10.45,11.1,10.05,10.4,14032
STEL,20191022,66,67,64.3,65.6,6117
STERTOOLS,20191022,155,166,155,160.4,10531
STRTECH,20191022,148,160.95,148,156.55,2529900
SUBCAPCITY,20191022,5.7,5.7,5.7,5.7,5
SUBEX,20191022,4.95,5.05,4.95,4.95,403658
SUBROS,20191022,243.5,244,224.6,231.25,95452
SUDARSCHEM,20191022,375,386.5,375,379.3,105652
SUJANAUNI,20191022,0.1,0.2,0.1,0.15,127810
SUMEETINDS,20191022,1.7,1.85,1.7,1.85,112142
SUMIT,20191022,22.4,23.2,21.9,22.4,84215
SUMMITSEC,20191022,446,469.9,446,465.05,700
SUNCLAYLTD,20191022,2006,2035,1940,2003.35,1029
SUNDARAM,20191022,1.5,1.55,1.45,1.55,240437
SUNDARMFIN,20191022,1633.75,1648,1628.1,1644.05,9849
SUNDARMHLD,20191022,68.4,70.55,68.4,70,10833
SUNDRMBRAK,20191022,264.85,264.85,247.05,252.15,1296
SUNDRMFAST,20191022,455,466.9,436,458.55,50082
SUNFLAG,20191022,25.1,26.3,24.75,25.05,159032
SUNPHARMA,20191022,402,408,400.95,405.45,2944611
SUNTECK,20191022,399.8,403.5,383,395.75,134915
SUNTV,20191022,516.95,532.4,514.2,520,2076744
SUPERHOUSE,20191022,84.45,86.5,81,85,10031
SUPERSPIN,20191022,4.15,4.45,3.8,4.25,31371
SUPPETRO,20191022,179.45,185.7,178,180.55,16865
SUPRAJIT,20191022,184.05,184.05,179,182.9,301294
SUPREMEIND,20191022,1238.75,1241,1200.05,1219.8,50943
SURANASOL,20191022,5.9,6,5.6,5.75,19766
SURANAT&P,20191022,3.6,3.6,3.4,3.45,9594
SURYALAXMI,20191022,17,17.95,16.5,16.65,1772
SURYAROSNI,20191022,163.3,180,163.3,174.45,115707
SUTLEJTEX,20191022,27.65,27.8,26.65,27,7136
SUVEN,20191022,279.8,292,275,286.65,437377
SUZLON,20191022,2.55,2.8,2.5,2.65,18840387
SWANENERGY,20191022,105,106,102.65,104.9,121084
SWARAJENG,20191022,1142,1142,1100.05,1124.25,2131
SWELECTES,20191022,118,123,115,117.05,27990
SWSOLAR,20191022,592.1,598.8,580,581.95,20027
SYMPHONY,20191022,1252,1269.9,1226.05,1252.45,12522
SYNCOM,20191022,0.75,0.8,0.7,0.8,69211
SYNDIBANK,20191022,25.1,25.55,24.95,25.1,442094
SYNGENE,20191022,333.9,333.9,322.2,326.75,229282
TAINWALCHM,20191022,44.25,46.9,44.25,46,2724
TAJGVK,20191022,164.6,165.8,154.4,161,19481
TAKE,20191022,111.95,115.15,110.5,112.1,165659
TALBROAUTO,20191022,105.45,112,104,104.2,7086
TALWALKARS,20191022,2.9,2.9,2.9,2.9,10203
TALWGYM,20191022,4,4,3.9,4,117163
TANLA,20191022,45.6,48.35,45.4,48.35,271819
TANTIACONS,20191022,1.25,1.25,1.25,1.25,690
TARAPUR,20191022,4.9,4.9,4.9,4.9,5
TARMAT,20191022,21.8,23.1,21.8,23.1,2721
TASTYBITE,20191022,10002,10100,9912,10049.95,412
TATACHEM,20191022,613,626.6,613,615.95,387245
TATACOFFEE,20191022,76.65,77.65,75.8,76.25,150839
TATACOMM,20191022,355.1,369,355.1,365.35,79667
TATAELXSI,20191022,692,705.9,675.2,702.3,1669101
TATAGLOBAL,20191022,283.35,287.9,280.55,281.75,1998064
TATAINVEST,20191022,805.2,819.75,805,809.65,11773
TATAMETALI,20191022,583.7,584,567.05,571.1,43668
TATAMOTORS,20191022,133.35,135.6,129.8,131.75,53532482
TATAMTRDVR,20191022,59.9,60.7,58.4,58.7,6111480
TATAPOWER,20191022,59.85,60.7,58.85,59.2,8748155
TATASTEEL,20191022,357.5,363.8,353,354.5,11944283
TATASTLBSL,20191022,22.55,22.9,22.15,22.2,384632
TATASTLLP,20191022,417.95,422,410.15,411.65,22023
TBZ,20191022,48.95,49.9,48,49.2,216554
TCI,20191022,282.1,285.9,280.55,284.95,6097
TCIDEVELOP,20191022,347,349.55,347,349,235
TCIEXP,20191022,720,722.5,702.95,714.05,10122
TCIFINANCE,20191022,9.5,9.8,9.1,9.3,46129
TCNSBRANDS,20191022,705.05,725,696,719.45,5771
TCPLPACK,20191022,244.55,249.8,238.1,238.4,6034
TCS,20191022,2080,2111.5,2040.05,2051.4,5552505
TDPOWERSYS,20191022,146.15,147.85,140.25,144.55,21911
TEAMLEASE,20191022,3035,3076.35,2990.05,3041.4,8733
TECHM,20191022,727.4,732,714.3,717.65,2825230
TECHNOE,20191022,265,267.95,253.8,265.7,6044
TECHNOFAB,20191022,41.75,41.75,41.75,41.75,5132
TEJASNET,20191022,82,83.2,66.1,79.2,145113
TERASOFT,20191022,23.5,23.85,23,23,8403
TEXINFRA,20191022,43,45.5,40.1,44.25,106781
TEXMOPIPES,20191022,16.5,16.9,15.6,15.9,38656
TEXRAIL,20191022,44.8,45,43.8,44.25,144014
TFCILTD,20191022,80.15,81.8,79.2,79.75,79683
TFL,20191022,3.65,4.15,3.6,3.8,27236
TGBHOTELS,20191022,3.85,3.85,3.6,3.85,13776
THANGAMAYL,20191022,341.85,349.95,340,340.2,1824
THEINVEST,20191022,126,157.95,125,128.15,9589
THEMISMED,20191022,312.8,312.8,295,302.55,4192
THERMAX,20191022,1127.9,1155,1123.8,1139.4,79064
THOMASCOOK,20191022,126.7,127.8,119.2,119.75,413899
THOMASCOTT,20191022,5.25,5.25,5,5,204
THYROCARE,20191022,503.05,522,503.05,515,16250
TI,20191022,14,14.4,13.75,14,36361
TIDEWATER,20191022,4816,4853.05,4700,4721.7,1220
TIIL,20191022,357,375,342.1,367,2019
TIINDIA,20191022,361,374.8,361,372.95,20048
TIJARIA,20191022,9,9.85,8.7,8.95,11287
TIL,20191022,200,218.85,200,202.7,2288
TIMESGTY,20191022,35.75,37,31.3,35.15,379
TIMETECHNO,20191022,60.1,62,58,60.4,171970
TIMKEN,20191022,781.05,798.9,781.05,793.4,19369
TINPLATE,20191022,114.45,117.5,113.5,114.35,347954
TIPSINDLTD,20191022,66,72.8,66,70.5,2533
TIRUMALCHM,20191022,66.25,70.8,65.5,69.95,603416
TITAN,20191022,1300.45,1336.8,1294.5,1329.45,2138284
TMRVL,20191022,12.75,13,12.05,12.3,5857
TNPETRO,20191022,36,38.45,36,37.5,191282
TNPL,20191022,188.9,193.45,187.6,188.7,57991
TOKYOPLAST,20191022,53,54,53,53.8,122
TORNTPHARM,20191022,1638,1689,1638,1670,377383
TORNTPOWER,20191022,284.75,286.35,277.15,280.1,709634
TPLPLASTEH,20191022,118.4,135,117.95,124.8,5695
TREEHOUSE,20191022,5.45,5.75,5.45,5.45,16837
TREJHARA,20191022,12.3,12.9,11.7,11.95,5154
TRENT,20191022,520.95,525.1,515.45,520.3,81390
TRF,20191022,110,110,101.05,101.55,70243
TRIDENT,20191022,60.5,61.1,58.05,58.55,343346
TRIGYN,20191022,44.25,45.5,43.2,43.8,32166
TRIL,20191022,7.65,8.1,7.65,7.9,61880
TRITURBINE,20191022,100.2,101.1,97.65,97.95,8815
TRIVENI,20191022,60.15,63.4,58.5,62.5,365905
TTKHLTCARE,20191022,455,455,430.1,447.5,1744
TTKPRESTIG,20191022,6039.95,6240,6000,6181.55,36564
TTL,20191022,41.25,42.2,39.1,40.95,12070
TTML,20191022,2.7,2.8,2.65,2.7,418115
TV18BRDCST,20191022,20.4,22.15,20.4,21.8,2681153
TVSELECT,20191022,123.55,128.75,119.1,121.15,18657
TVSMOTOR,20191022,451.6,463,448.05,451.6,2647500
TVSSRICHAK,20191022,1879,1879,1821.05,1839.2,1126
TVTODAY,20191022,308.1,321,303.25,309.8,481249
TVVISION,20191022,1.4,1.45,1.4,1.45,716
TWL,20191022,39.55,41.5,39.1,39.45,1057801
UBL,20191022,1336,1336,1299.3,1318.9,476966
UCALFUEL,20191022,124.2,126,122.2,122.55,9840
UCOBANK,20191022,11.85,12.05,11.8,11.85,374145
UFLEX,20191022,204,205.1,195.55,199.8,59621
UFO,20191022,147.8,147.8,141.3,141.95,24589
UGARSUGAR,20191022,12,12.35,11.95,12.05,49804
UJAAS,20191022,3.2,3.7,3.2,3.25,466329
UJJIVAN,20191022,309,317,305.8,310.9,5378524
ULTRACEMCO,20191022,4295,4409.9,4217,4249.3,999349
UMANGDAIRY,20191022,41.7,41.7,38.95,39.8,4351
UMESLTD,20191022,0.75,0.8,0.75,0.8,241
UNICHEMLAB,20191022,191.9,194,187.15,188.15,16460
UNIENTER,20191022,68.05,69,67.3,67.6,906
UNIONBANK,20191022,52.1,54.55,51.5,52.6,10565637
UNIPLY,20191022,46.4,46.4,42.65,43.1,45283
UNITECH,20191022,0.45,0.5,0.4,0.5,6686286
UNITEDBNK,20191022,7.4,7.65,7.2,7.4,586882
UNITEDTEA,20191022,260.9,266.85,260.9,266.05,260
UNIVCABLES,20191022,159.35,166.8,159.35,161.55,16611
UPL,20191022,599,603.9,592.95,597,2264692
URJA,20191022,1.7,1.7,1.6,1.65,1009071
USHAMART,20191022,28.4,29.05,28.4,28.85,362822
UTINEXT50,20191022,283.85,287.98,281.11,287,801
UTINIFTETF,20191022,1234.05,1238.65,1232.95,1234.8,257
UTISENSETF,20191022,410.7,418.5,406.01,415.24,354
UTISXN50,20191022,323.85,323.85,323.85,323.85,1
UTTAMSTL,20191022,6.4,6.4,5.85,6.05,43384
UTTAMSUGAR,20191022,92.95,99,92.2,94.95,147952
UVSL,20191022,0.05,0.1,0.05,0.05,1937908
V2RETAIL,20191022,131.4,141.35,131.05,139.95,182417
VADILALIND,20191022,758.2,777,740,743.9,11648
VAIBHAVGBL,20191022,807.5,820,800,812.3,9046
VAKRANGEE,20191022,30.95,33.6,30.6,33.35,23489736
VARDHACRLC,20191022,36.4,37,35.95,36.5,958
VARDMNPOLY,20191022,2.2,2.2,2.15,2.15,5554
VARROC,20191022,492.35,495,468.9,479.65,47983
VASCONEQ,20191022,13.5,14.65,13.5,14.4,419732
VASWANI,20191022,5.65,5.65,5.2,5.45,3364
VBL,20191022,630.55,645.1,618.15,633.1,173204
VEDL,20191022,150.6,151.95,147.2,149.15,8487404
VENKEYS,20191022,1729,1830,1721.2,1810.25,305513
VENUSREM,20191022,33.7,33.7,30.9,30.9,144615
VESUVIUS,20191022,995,1001,985,999.45,8303
VETO,20191022,49.75,52,49.75,51.3,8475
VGUARD,20191022,235.15,245,235.15,240.2,292178
VHL,20191022,1510.05,1510.05,1422.25,1472.65,743
VICEROY,20191022,1.25,1.25,1.15,1.2,13851
VIDHIING,20191022,62.45,62.7,61.05,62.55,12828
VIJIFIN,20191022,0.45,0.45,0.4,0.45,34658
VIKASECO,20191022,3.1,3.3,2.95,3.05,633300
VIKASMCORP,20191022,3.6,3.85,3.55,3.8,511051
VIKASPROP,20191022,3.55,3.55,3.55,3.55,127472
VIKASWSP,20191022,10.75,10.75,10.25,10.35,227624
VIMALOIL,20191022,5.9,5.9,5.9,5.9,47
VIMTALABS,20191022,104.05,107.85,103.05,104.5,24272
VINATIORGA,20191022,2107,2150.95,2105,2134.9,19364
VINDHYATEL,20191022,919.95,920,888.05,900.35,5501
VINYLINDIA,20191022,62.4,63.9,61.6,63.25,7947
VIPCLOTHNG,20191022,6.95,7.25,6.7,7.25,333599
VIPIND,20191022,466.95,476,464.7,472.75,297894
VIPULLTD,20191022,30,30.8,29.3,29.55,110843
VISAKAIND,20191022,290.2,303,285.6,296.6,17749
VISASTEEL,20191022,4.65,4.85,4.25,4.85,61379
VISESHINFO,20191022,0.05,0.1,0.05,0.1,5657757
VISHAL,20191022,338,338.1,337.7,337.95,79170
VISHNU,20191022,123,145.5,120.05,132.25,35152
VISHWARAJ,20191022,60.25,61,60.25,60.45,77364
VIVIDHA,20191022,0.15,0.2,0.15,0.15,30843
VIVIMEDLAB,20191022,13.4,13.9,13.25,13.6,120018
VLSFINANCE,20191022,51,57.9,50.15,54.05,18448
VMART,20191022,2105.9,2143,1970,2010.3,18867
VOLTAMP,20191022,1184,1194.75,1121.95,1166.35,6908
VOLTAS,20191022,695,713,690,693.45,2026682
VRLLOG,20191022,270,272.55,267.5,268.35,24166
VSSL,20191022,68,68,64.8,65,4214
VSTIND,20191022,3837,3929,3837,3919.2,2607
VSTTILLERS,20191022,1255,1270.55,1247,1264.75,2504
VTL,20191022,918,919,908.75,916.55,7576
WABAG,20191022,194.6,199.4,191.15,195,190736
WABCOINDIA,20191022,6190,6190,6136.8,6167.15,1545
WALCHANNAG,20191022,62.65,64.4,61.25,62.35,237511
WANBURY,20191022,11.7,11.7,11.4,11.4,1602
WATERBASE,20191022,108,114,108,111,157101
WEBELSOLAR,20191022,20.15,21.45,20.15,21,90012
WEIZFOREX,20191022,289,289,257.1,267.2,1793
WEIZMANIND,20191022,20.9,23.5,19.8,22.05,2592
WELCORP,20191022,130.2,138.85,130.2,137.95,449932
WELENT,20191022,93,95.15,90.75,91.9,129393
WELINV,20191022,159.8,159.8,151.3,151.55,547
WELSPUNIND,20191022,51,58,51,57.05,2960916
WENDT,20191022,3125,3125,3001.15,3044.65,217
WESTLIFE,20191022,340,347.7,325.15,344.35,26812
WHEELS,20191022,647,655,629,635.35,4687
WHIRLPOOL,20191022,2175,2200,2168.95,2191.25,34243
WILLAMAGOR,20191022,13.2,14.4,13.15,14.35,2070
WINDMACHIN,20191022,17.7,17.7,17,17.2,14922
WIPRO,20191022,249,254.45,247.1,253.55,6273288
WOCKPHARMA,20191022,265.8,279.5,264.4,275.2,687150
WONDERLA,20191022,288.05,293.5,276.05,279.25,28018
WSI,20191022,0.95,0.95,0.95,0.95,10010
WSTCSTPAPR,20191022,240.8,244,237.1,238.15,219892
XCHANGING,20191022,51.75,53.05,51.75,52.45,9360
XELPMOC,20191022,68.9,68.9,62,65.25,3415
XLENERGY,20191022,0.4,0.45,0.4,0.45,2193
XPROINDIA,20191022,23.95,23.95,23.15,23.35,343
YESBANK,20191022,53,56.6,50.25,51.8,407437580
ZEEL,20191022,250.2,255,247.1,250.45,16599201
ZEELEARN,20191022,19.5,22.4,19.15,22.4,568641
ZEEMEDIA,20191022,5.9,5.9,5.4,5.4,7829710
ZENITHBIR,20191022,0.6,0.65,0.55,0.6,17539
ZENITHEXPO,20191022,38.1,41.85,38.1,38.55,1033
ZENSARTECH,20191022,210,210,176.95,198.6,93668
ZENTEC,20191022,64,64,60.6,60.9,49804
ZICOM,20191022,1.1,1.15,1.05,1.15,15975
ZODIACLOTH,20191022,200.05,201.85,195.2,198.05,911
ZODJRDMKJ,20191022,31.5,31.5,29.55,30,1863
ZOTA,20191022,192.7,192.7,186.25,188.7,21853
ZUARI,20191022,95.5,98,89,89.35,69604
ZUARIGLOB,20191022,62.5,62.9,59.05,59.65,15109
ZYDUSWELL,20191022,1721,1770,1710,1730.95,7287
NSENIFTY,20191022,11657.15,11714.35,11573.65,11588.35,867601307,0
NIFTYJUNIOR,20191022,28088.00,28379.95,28049.40,28163.95,415268821,0
NIFTYMIDCAPLIQ15,20191022,3769.25,3815.25,3755.95,3783.05,56592025,0
NSE100,20191022,11806.05,11863.55,11733.50,11749.90,1288981608,0
NIFTY200,20191022,6009.85,6039.65,5977.05,5984.90,1656046607,0
NSE500,20191022,9481.05,9526.80,9435.85,9448.25,1994511831,0
NSEMIDCAP150,20191022,5994.00,6033.75,5986.70,5999.00,376659412,0
MIDCAP50,20191022,4461.45,4502.75,4450.55,4457.55,317661806,0
NSEMIDCAP,20191022,16210.00,16348.60,16191.50,16226.55,367064999,0
NIFTYSMALLCAP250,20191022,-,-,-,4681.85,-,0
NIFTYSMALLCAP50,20191022,-,-,-,2682.55,-,0
NSESMLCAP100,20191022,5583.10,5645.80,5572.65,5624.00,-,0
NIFTYLARGEMIDCAP250,20191022,-,-,-,5762.06,1665641020,0
NIFTYMIDSMALLCAP400,20191022,-,-,-,5528.35,-,0
NIFTYAUTO,20191022,7961.15,8027.80,7920.00,7936.65,106951075,0
BANKNIFTY,20191022,29416.25,29690.00,29231.20,29411.15,582221306,0
NIFTYFINSERVICE,20191022,13350.30,13477.45,13287.70,13344.45,209368770,0
NIFTYFMGC,20191022,31462.40,31842.80,31453.05,31659.40,35348738,0
NSEIT,20191022,15033.30,15085.45,14659.45,14688.65,112307829,0
NIFTYMEDIA,20191022,1767.00,1790.90,1748.60,1757.10,77164929,0
NIFTYMETAL,20191022,2453.00,2478.40,2430.10,2442.85,129682491,0
NIFTYPHARMA,20191022,7607.95,7799.40,7597.70,7746.15,19171658,0
NIFTYPVTBANK,20191022,16412.20,16551.85,16306.70,16402.40,512138216,0
NIFTYPSUBANK,20191022,2248.20,2312.50,2239.70,2261.05,102764088,0
NIFTYREALTY,20191022,262.25,267.70,260.35,263.85,26644795,0
NIFTYCOMMODITIES,20191022,3396.95,3412.10,3373.70,3383.05,224342167,0
NIFTYCONSUMPTION,20191022,5090.60,5141.15,5083.05,5092.20,89072531,0
NIFTYCPSE,20191022,2043.90,2054.65,2034.35,2045.45,87564236,0
NIFTYENERGY,20191022,16271.00,16376.85,16149.25,16268.90,90977581,0
NIFTY100ESG,20191022,-,-,-,2153.66,1156991253,0
NIFTY100ENHESG,20191022,-,-,-,2184.05,1116328427,0
NIFTYINFRA,20191022,3313.00,3337.80,3290.70,3297.30,185434447,0
NIFTYMNC,20191022,13994.95,14041.00,13914.80,13955.95,184984419,0
NIFTYPSE,20191022,3416.65,3436.40,3398.50,3413.80,230176110,0
NIFTYSMEEMERGE,20191022,-,-,-,1345.24,727050,0
NIFTYSERVSECTOR,20191022,16224.00,16287.80,16051.60,16075.00,794048719,0
NIFTYSHARIAH25,20191022,-,-,-,4466.57,83300898,0
NIFTY50SHARIAH,20191022,-,-,-,2450.04,155622160,0
NIFTY500SHARIAH,20191022,-,-,-,2936.14,408287054,0
NIFTYABGROUP,20191022,-,-,-,2904.02,142206211,0
NIFTYMAHINDRA,20191022,-,-,-,10062.72,10814797,0
NIFTYTATA,20191022,-,-,-,6621.78,96025407,0
NIFTYTATA25CAP,20191022,-,-,-,4626.95,87335824,0
NIFTYABGROUP,20191022,-,-,-,2904.02,142206211,0
NIFTYLIQ15,20191022,3585.55,3617.10,3556.40,3560.80,636851575,0
NIFTY500VALUE50,20191022,-,-,-,3541.21,447403886,0
NIFTYALPHALOWVOL30,20191022,-,-,-,11956.33,238533063,0
NIFTYQUALLOWVOL30,20191022,-,-,-,8490.74,178495037,0
NIFTYALPHAQUALLOWVOL30,20191022,-,-,-,9657.72,192299822,0
NIFTYALPHAQUALVALLOWVOL30,20191022,-,-,-,7335.85,214781399,0
NIFTY50EQUALWEIGHT,20191022,12077.30,12166.40,12021.10,12040.85,867601307,0
NIFTY100EQUALWEIGHT,20191022,13094.85,13198.50,13037.50,13060.10,1288981608,0
NIFTY100LOWVOL30,20191022,8983.10,9034.80,8953.85,8973.85,207831113,0
NSEDEFTY,20191022,-,-,-,5659.84,-,0
NIFTY50DIVPOINT,20191022,107.70,107.70,107.70,107.70,-,0
NIFTYDIVOPPS50,20191022,2579.15,2596.30,2561.65,2566.25,429581276,0
NIFTYALPHA50,20191022,12498.15,12643.70,12477.20,12564.85,245405212,0
NIFTY50ARBITRAGE,20191022,-,-,-,1862.45,-,0
NIFTY50FUTINDEX,20191022,-,-,-,3946.83,-,0
NIFTY50FUTTRINDEX,20191022,-,-,-,11705.86,-,0
NIFTYHIGHBETA50,20191022,-,-,-,1268.28,1092127574,0
NIFTYLOWVOL50,20191022,-,-,-,10418.51,227898044,0
NIFTY200QUALITY30,20191022,-,-,-,9824.35,-,0
NIFTY50VALUE20,20191022,5390.15,5424.55,5316.65,5326.10,631949379,0
NIFTYGROWSECT15,20191022,6234.10,6270.55,6212.40,6226.30,89985300,0
NIFTY50TR2XLEV,20191022,6363.35,6425.30,6274.60,6288.20,-,0
NIFTY50PR2XLEV,20191022,4903.75,4951.45,4835.30,4845.80,-,0
NIFTY50TR1XINV,20191022,349.60,352.05,347.90,351.70,-,0
NIFTY50PR1XINV,20191022,398.25,401.00,396.30,400.60,-,0
NIFTY-GS-COMPSITE,20191022,2038.92,2039.22,2038.13,2038.42,-,0
NIFTY-GS-4-8YR,20191022,2126.96,2127.80,2126.86,2126.47,-,0
NIFTY-GS-8-13YR,20191022,2004.67,2004.71,2003.50,2004.22,-,0
NIFTY-GS-10YR,20191022,1852.46,1852.89,1850.22,1851.41,-,0
NIFTY-GS-10YR-CLN,20191022,947.59,947.82,946.43,947.05,-,0
NIFTY-GS-11-15YR,20191022,2122.67,2123.26,2122.01,2122.70,-,0
NIFTY-GS-15YRPLUS,20191022,2288.40,2288.87,2287.81,2285.76,-,0
VIX,20191022,15.93,17.12,13.57,16.81,0,0
