<ticker>,<date>,<open>,<high>,<low>,<close>,<volume>,<o/i>
20MICRONS,20191009,39,39.75,38,38.9,33681
21STCENMGM,20191009,13.2,13.2,12.95,12.95,1248
3IINFOTECH,20191009,2,2.25,1.95,2.1,1872066
3MINDIA,20191009,19998,20289.95,19786.05,20219.3,1601
5PAISA,20191009,161.2,170.9,155,165.85,7114
63MOONS,20191009,118.4,126.4,116.85,120.45,232365
A2ZINFRA,20191009,9.6,9.8,8.95,9.65,391050
AARTIDRUGS,20191009,456.8,462.3,452.15,460.15,5663
AARTIIND,20191009,758.3,779,746,759.75,133905
AARVEEDEN,20191009,15,15.2,14.3,14.65,6510
AAVAS,20191009,1609,1614.95,1590.85,1604.05,12717
ABAN,20191009,25.45,27.45,25.1,25.15,32905
ABB,20191009,1474.9,1509.4,1465.5,1486,93666
ABBOTINDIA,20191009,10742.1,11050,10650,10998.6,8536
ABCAPITAL,20191009,78.7,81.45,78.1,79.4,1268265
ABFRL,20191009,206.05,209.55,204.6,208.1,313571
ABSLNN50ET,20191009,265.07,267.18,265.07,267.18,3
ACC,20191009,1430,1473.95,1416.45,1467.1,1260259
ACCELYA,20191009,852.5,862,852.5,856.35,1974
ACE,20191009,76,76,74.25,74.6,89054
ADANIENT,20191009,134.95,139.65,134.1,139,2682715
ADANIGAS,20191009,131.55,138.4,131.3,136.05,1712612
ADANIGREEN,20191009,68.3,74.3,67.5,71.45,6942443
ADANIPORTS,20191009,396.35,402.85,391.55,400.45,3905912
ADANIPOWER,20191009,59.2,61.1,58.4,60.75,9589622
ADANITRANS,20191009,226.8,230,221.55,225.45,81394
ADFFOODS,20191009,262.4,264.2,240,256.95,28740
ADHUNIKIND,20191009,109.65,112.8,107.9,108.65,83299
ADLABS,20191009,2.75,2.75,2.6,2.6,82562
ADORWELD,20191009,302.35,306.75,299.5,304.9,955
ADROITINFO,20191009,7.9,7.9,7.9,7.9,5
ADSL,20191009,13.3,14,13.25,13.75,41886
ADVANIHOTR,20191009,52.6,52.95,51.55,52.1,3646
ADVENZYMES,20191009,150,151.5,148.15,148.95,43353
AEGISCHEM,20191009,164.1,169.4,161.25,166.7,82080
AFFLE,20191009,1115.95,1269,1093,1234.1,236537
AGARIND,20191009,118.35,130.3,116.4,118.15,13714
AGCNET,20191009,113,113,110.55,110.55,524
AGLSL,20191009,49.2,50.95,49.15,50.05,2471
AGRITECH,20191009,47.6,47.6,43.6,44.7,9723
AGROPHOS,20191009,106.15,107,106.15,106.7,393865
AHLEAST,20191009,181.55,182.2,176.05,177.05,111
AHLUCONT,20191009,275,277.05,268.05,273.35,3397
AHLWEST,20191009,310,310,302.2,305.15,156
AIAENG,20191009,1673.6,1682.9,1632.65,1644.35,5951
AIONJSW,20191009,9.8,10.05,9.7,9.95,37478
AIRAN,20191009,13,13,12.75,13,5032
AJANTPHARM,20191009,980,989.65,967,981.9,63671
AJMERA,20191009,114.7,119.15,109.55,114.7,41974
AKSHARCHEM,20191009,202,205,197,204.7,1699
AKSHOPTFBR,20191009,7.05,7.4,6.85,7.4,277354
AKZOINDIA,20191009,1875,1877.95,1831,1850.7,9866
ALANKIT,20191009,21.9,21.9,19.7,20.15,103463
ALBERTDAVD,20191009,335.75,338,332.1,335.9,1797
ALBK,20191009,26.6,26.7,25.8,26.55,1057488
ALCHEM,20191009,0.9,0.9,0.9,0.9,618
ALEMBICLTD,20191009,43.95,45.85,43.2,44.4,61471
ALICON,20191009,338.85,344,334.35,335.85,1109
ALKALI,20191009,45.05,47.75,44.3,46.1,18193
ALKEM,20191009,1941.05,1950,1911,1938.25,16138
ALKYLAMINE,20191009,862.75,868.95,861.4,863.8,1968
ALLCARGO,20191009,100,101,98.25,99.6,135859
ALLSEC,20191009,281,292,263.7,281.1,13636
ALMONDZ,20191009,9.25,9.7,9.25,9.5,1369
ALOKTEXT,20191009,1.65,1.65,1.6,1.65,3191402
ALPA,20191009,14.45,15.5,13.2,14.15,35709
ALPHAGEO,20191009,193.7,198.5,185.1,188.75,4569
ALPSINDUS,20191009,0.25,0.35,0.25,0.35,9313
AMARAJABAT,20191009,687.5,695.6,673.1,693.55,343977
AMBER,20191009,881,903,861.25,885.2,10475
AMBIKCO,20191009,920,929.15,895,903.9,3388
AMBUJACEM,20191009,185.5,193.35,184.1,192.35,3360027
AMDIND,20191009,16.1,16.85,15.75,16.35,16598
AMJLAND,20191009,16.1,16.1,14.75,15.85,10747
AMRUTANJAN,20191009,337.05,346.05,333.9,339.95,11176
ANANTRAJ,20191009,29.45,29.45,27.45,28.7,272023
ANDHRABANK,20191009,16.45,16.55,16.15,16.45,240757
ANDHRACEMT,20191009,2.45,2.45,2.3,2.45,24978
ANDHRSUGAR,20191009,265.55,270.95,265.55,270.05,17111
ANIKINDS,20191009,7,7.1,6.7,7.1,733
ANKITMETAL,20191009,0.45,0.55,0.45,0.55,3051
ANSALAPI,20191009,4.05,4.25,4,4.05,51986
ANSALHSG,20191009,4.6,4.8,4.5,4.6,26729
ANTGRAPHIC,20191009,0.7,0.75,0.7,0.75,27567
ANUP,20191009,441.1,466.6,435,448.25,10254
APARINDS,20191009,521.85,521.9,505.3,508.8,7301
APCL,20191009,143.35,143.35,140,142.35,973
APCOTEXIND,20191009,182,191.6,176.3,187.5,28544
APEX,20191009,213.1,219.8,208.15,212.45,39589
APLAPOLLO,20191009,1329.05,1398.8,1300,1369.5,22539
APLLTD,20191009,539.95,545,530.1,537.3,15651
APOLLO,20191009,72.4,74,68.1,68.7,15113
APOLLOHOSP,20191009,1407.5,1431.85,1397.55,1425.05,381888
APOLLOTYRE,20191009,163,169.95,162.55,168.85,1858232
APOLSINHOT,20191009,770,770,741.05,748,657
APTECHT,20191009,146.4,149.7,140.15,146.85,192169
ARCHIDPLY,20191009,25.35,27.4,24.85,26.15,8486
ARCHIES,20191009,19.4,19.4,18.5,18.7,16613
ARCOTECH,20191009,1.85,1.85,1.8,1.8,8714
ARIES,20191009,57.4,59.65,57.35,58.25,11942
ARIHANT,20191009,18.2,18.9,17.1,18.7,214
ARIHANTSUP,20191009,30.9,30.9,30.9,30.9,72
ARMANFIN,20191009,554.95,554.95,535,537.9,4759
AROGRANITE,20191009,38.05,40.5,36.95,38.5,9329
ARROWGREEN,20191009,54.05,56.1,53.25,56.1,3555
ARROWTEX,20191009,9.55,10,9.4,9.75,13331
ARSHIYA,20191009,20.45,20.45,19.5,19.5,19684
ARSSINFRA,20191009,21.25,21.25,19.25,19.25,25452
ARVIND,20191009,45.15,45.15,43.35,44.35,1192220
ARVINDFASN,20191009,424.05,435,419.85,424.3,10467
ARVSMART,20191009,84.65,85.75,70.4,84.9,39853
ASAHIINDIA,20191009,180.05,188,180.05,180.3,8756
ASAHISONG,20191009,130.9,134.4,128.55,130,2060
ASAL,20191009,34.2,34.2,32,33.45,6011
ASHAPURMIN,20191009,36.55,36.55,36,36.55,62111
ASHIANA,20191009,104.35,104.35,100.2,100.5,60531
ASHIMASYN,20191009,7.8,8,6.65,7.3,51925
ASHOKA,20191009,97.9,99.4,96.95,97.5,174686
ASHOKLEY,20191009,64.6,69.75,64.45,69.05,48874905
ASIANHOTNR,20191009,100.1,108.4,100.05,103,2143
ASIANPAINT,20191009,1725.7,1778,1725.7,1773.45,1777552
ASIANTILES,20191009,215.25,217.7,183.5,210.15,91907
ASPINWALL,20191009,130.3,135.8,127.2,133.2,2044
ASSAMCO,20191009,0.55,0.6,0.55,0.6,86949
ASTEC,20191009,375,395,373.55,374.3,5201
ASTERDM,20191009,116.15,119.4,115.2,117.05,425908
ASTRAL,20191009,1196.9,1199.85,1173.95,1190.5,120989
ASTRAMICRO,20191009,80.05,80.1,78.1,79.45,477898
ASTRAZEN,20191009,2140.25,2218.35,2126.05,2200.75,16180
ASTRON,20191009,99.5,99.5,96.5,98.25,720959
ATFL,20191009,484.35,486.8,478.35,485.8,5999
ATLANTA,20191009,7.35,7.6,7.15,7.25,6153
ATUL,20191009,3980,3998,3927,3943.1,4681
ATULAUTO,20191009,225.7,229.8,224.95,228.75,3688
AUBANK,20191009,654.8,654.8,639.65,641.25,466926
AURIONPRO,20191009,95,96.95,90.8,91.2,8459
AUROPHARMA,20191009,474.15,485,454.15,474.4,17998262
AUSOMENT,20191009,29,29,27.7,28.05,852
AUTOAXLES,20191009,880.05,889.8,855.25,862.3,3198
AUTOIND,20191009,36.2,39.9,34.1,34.55,7913
AUTOLITIND,20191009,18.75,21.7,18.75,19.85,3712
AVADHSUGAR,20191009,266.95,270.5,256.4,263.9,48025
AVANTIFEED,20191009,353.2,358.85,343.55,355.2,168185
AVTNPL,20191009,23,23.1,22.6,23,7753
AXISBANK,20191009,671.9,689.5,664.3,686.3,11537721
AXISCADES,20191009,78.35,80,76.4,78.35,54202
AXISGOLD,20191009,3448,3448,3348.3,3371.5,734
AXISNIFTY,20191009,1147.77,1160,1147.77,1160,42
AYMSYNTEX,20191009,29.05,30.8,28.5,29.7,12483
BAGFILMS,20191009,1.5,1.5,1.45,1.45,149039
BAJAJ-AUTO,20191009,2889,2915,2877.75,2891.85,355878
BAJAJCON,20191009,243,245,240.5,243.7,44717
BAJAJELEC,20191009,380,383.95,371.3,376.8,57904
BAJAJFINSV,20191009,8279,8349.9,8176,8318.25,329837
BAJAJHIND,20191009,6.3,6.3,5.95,6.1,830294
BAJAJHLDNG,20191009,3590.05,3625,3575,3616,11569
BAJFINANCE,20191009,3915,4035,3880.05,4023.9,1356600
BALAJITELE,20191009,53.9,54.75,51.2,53.2,23857
BALAMINES,20191009,305.15,321,305.15,312.05,19019
BALAXI,20191009,90.9,90.9,82.3,85,1875
BALKRISHNA,20191009,24.65,24.65,24.65,24.65,2018
BALKRISIND,20191009,716.85,734.95,707,733.05,440297
BALLARPUR,20191009,0.6,0.6,0.5,0.6,6672121
BALMLAWRIE,20191009,165,169.4,164.6,166.15,52821
BALPHARMA,20191009,38.35,38.35,36.55,37.55,4249
BALRAMCHIN,20191009,155.55,156.9,151.3,154.2,627170
BANARBEADS,20191009,36,36.95,29.15,29.45,26924
BANARISUG,20191009,1102.05,1131.05,1102.05,1130,64
BANCOINDIA,20191009,98.2,98.5,95.35,97.5,24654
BANDHANBNK,20191009,482.1,484.4,471.15,480.55,403420
BANG,20191009,19.85,22,19.1,20.35,13742
BANKBARODA,20191009,86.2,91.6,86,91.05,29668675
BANKBEES,20191009,2887.95,2944,2828.7,2935.13,16980
BANKINDIA,20191009,59.25,62.2,57.45,61.6,11049824
BANSWRAS,20191009,69,70.8,67.6,69.35,3535
BARTRONICS,20191009,1.85,1.85,1.85,1.85,4743
BASF,20191009,1000,1021.9,984.5,999.15,37187
BASML,20191009,125,126,122.5,126,843
BATAINDIA,20191009,1680,1735,1660.5,1723.5,816170
BAYERCROP,20191009,3339,3370.05,3292,3340.9,4645
BBL,20191009,882.05,897.05,874.1,890.75,9876
BBTC,20191009,1079.95,1111,1076,1092.15,109646
BCG,20191009,3.4,3.45,3.2,3.25,164496
BCP,20191009,9.45,9.45,9.45,9.45,731
BDL,20191009,285.5,289.7,282.1,286.25,21420
BEARDSELL,20191009,10.7,10.85,10.35,10.85,395
BEDMUTHA,20191009,11.35,11.45,10.7,10.85,22085
BEL,20191009,105,106.65,104.05,105.4,6724764
BEML,20191009,939,949,930.25,934.7,406937
BEPL,20191009,49,53.4,48,52.3,502937
BERGEPAINT,20191009,436.5,451.9,432.05,449.9,3846974
BFINVEST,20191009,276.7,280.8,273,275.45,26735
BFUTILITIE,20191009,161.9,166.9,158.45,165.1,290308
BGLOBAL,20191009,1.65,1.65,1.6,1.6,5247
BGRENERGY,20191009,33.5,34.3,32.1,32.45,41874
BHAGERIA,20191009,102.55,105,100.8,104,7140
BHAGYANGR,20191009,18.1,19.9,17.35,18.85,18255
BHAGYAPROP,20191009,20.25,20.25,16.3,19.35,66571
BHANDARI,20191009,1.25,1.25,1.15,1.2,17556
BHARATFORG,20191009,425,438.35,419.1,432.3,921692
BHARATGEAR,20191009,58.5,62,57.95,59.05,5434
BHARATRAS,20191009,5882.55,5930,5755,5805.95,811
BHARATWIRE,20191009,26.85,26.85,24.75,26.2,22496
BHARTIARTL,20191009,343.1,360.85,339,359.4,8685318
BHEL,20191009,42.8,43.95,42.4,43.65,15225493
BIGBLOC,20191009,25.3,28,25.25,25.3,881
BIL,20191009,162,162,159.6,159.6,687
BILENERGY,20191009,0.95,0.95,0.85,0.95,188875
BINDALAGRO,20191009,10,10,9.05,9.6,18330
BIOCON,20191009,229,234.8,223.75,233.5,3434478
BIOFILCHEM,20191009,4.55,4.6,4.35,4.6,1985
BIRLACABLE,20191009,47,48.5,45.8,46.7,60241
BIRLACORPN,20191009,537.45,543.1,525.55,527.25,215565
BIRLAMONEY,20191009,34.4,35.2,34.3,34.55,54675
BKMINDST,20191009,0.9,0.9,0.9,0.9,990
BLBLIMITED,20191009,2.85,3.35,2.85,3.3,1701
BLISSGVS,20191009,104.5,104.5,97.75,102.35,342766
BLKASHYAP,20191009,9,9,8.5,8.5,92020
BLS,20191009,80,81.45,79.7,80.05,9606
BLUEBLENDS,20191009,1.3,1.3,1.3,1.3,550
BLUECOAST,20191009,2.4,2.4,2.35,2.35,427
BLUEDART,20191009,2236.5,2319.95,2233,2285.4,3327
BLUESTARCO,20191009,819.9,829,808.6,812.5,103185
BODALCHEM,20191009,72.5,73.3,71.6,72.3,86054
BOMDYEING,20191009,68.1,72.4,67.9,70.5,1556766
BOROSIL,20191009,163.85,165.95,154.85,158.05,73987
BOSCHLTD,20191009,13001.1,13441.75,13001.1,13269.9,11755
BPCL,20191009,490,495.75,481.65,492.85,10858033
BPL,20191009,20.3,20.9,19.65,19.95,88019
BRFL,20191009,4.8,5.2,4.75,4.85,10976
BRIGADE,20191009,194.05,202.9,192.1,199.9,96240
BRITANNIA,20191009,2971.8,3074.65,2926.9,3058.5,1037068
BRNL,20191009,63.25,66.45,63.25,65.4,3410
BROOKS,20191009,32.15,33.5,32,32.25,18388
BSE,20191009,550,550,529,533.4,132470
BSELINFRA,20191009,1.05,1.1,1.05,1.05,2121
BSL,20191009,25.35,25.7,24.05,24.5,2859
BSLGOLDETF,20191009,3538.95,3563.95,3502.05,3535.35,56
BSLNIFTY,20191009,121.41,123.43,121,123.43,384
BSOFT,20191009,61.65,62.2,59.8,60.85,334537
BURNPUR,20191009,1.3,1.3,1.2,1.2,29331
BUTTERFLY,20191009,149.5,150.5,145.1,148.65,20299
BVCL,20191009,11,11,11,11,28
BYKE,20191009,18.6,20,18.25,18.5,21899
CADILAHC,20191009,226.1,238.9,225.65,236.55,661679
CALSOFT,20191009,9.2,10.1,9.2,10.1,68235
CAMLINFINE,20191009,53.15,54.7,52.3,54.05,116510
CANBK,20191009,178.6,185.7,174.3,184.25,9177259
CANFINHOME,20191009,379,393.95,376.55,391,131502
CANTABIL,20191009,207.2,209,202.6,205.6,11042
CAPACITE,20191009,188,207.95,188,198.7,34312
CAPLIPOINT,20191009,396.9,400,390.05,397.85,12253
CAPTRUST,20191009,120.95,120.95,120.95,120.95,264
CARBORUNIV,20191009,288.3,299,285.8,291.2,40415
CAREERP,20191009,89.55,90.85,88.1,89.75,5390
CARERATING,20191009,506.65,524.6,506.65,517.65,32140
CASTEXTECH,20191009,0.45,0.45,0.35,0.4,73897
CASTROLIND,20191009,130.1,133,130.1,132.7,2461170
CCHHL,20191009,3.5,3.5,3.3,3.3,9268
CCL,20191009,224.3,232.75,222.6,228.75,146236
CDSL,20191009,207.85,207.85,205,205.55,78227
CEATLTD,20191009,934.95,947.95,916.05,937.8,71247
CEBBCO,20191009,13,13.5,12.75,12.95,24425
CELEBRITY,20191009,5.5,5.95,5.5,5.9,1292
CELESTIAL,20191009,3,3.2,2.95,3.2,2817
CENTENKA,20191009,171.4,172.65,166.3,167.1,15291
CENTEXT,20191009,2.85,2.95,2.8,2.85,13232
CENTRALBK,20191009,17.45,17.6,16.6,17.25,745265
CENTRUM,20191009,23.95,24,22.65,23.8,84511
CENTUM,20191009,399.05,399.05,382,390.85,1317
CENTURYPLY,20191009,157,167.75,156.9,166.55,418880
CENTURYTEX,20191009,864.9,936,860.95,924.3,2634864
CERA,20191009,2515,2547.95,2492.1,2509.3,11566
CEREBRAINT,20191009,21.65,22,18.4,21.25,214524
CESC,20191009,734.65,762.15,729,757.25,465310
CESCVENT,20191009,342.05,352.8,325.1,343.6,25430
CGCL,20191009,214.9,215.1,206.05,211.65,450991
CGPOWER,20191009,14.45,14.65,13.75,14.2,582364
CHALET,20191009,320.05,320.05,315.25,318.95,2868
CHAMBLFERT,20191009,145.5,149,144.4,147,150858
CHEMFAB,20191009,178.4,182.3,176.5,177.4,1621
CHENNPETRO,20191009,165.15,167.6,164.1,165.05,235150
CHOLAFIN,20191009,291,298,285.05,296.2,1668659
CHOLAHLDNG,20191009,475.15,483.1,462.3,477.95,32367
CHROMATIC,20191009,0.45,0.45,0.45,0.45,8705
CIGNITITEC,20191009,324.65,324.95,310.7,316.05,19336
CIMMCO,20191009,20.3,21.5,18.85,19.35,6982
CINELINE,20191009,31.75,32.8,31.6,32.3,4364
CINEVISTA,20191009,15.4,15.4,15.4,15.4,33228
CIPLA,20191009,408.3,427,407.5,423.35,4117690
CKFSL,20191009,0.55,0.55,0.55,0.55,128394
CLEDUCATE,20191009,79.7,79.8,78.2,78.25,1423
CLNINDIA,20191009,290.05,292.8,284,290.15,10310
CMICABLES,20191009,57,59.15,51.75,55.05,23416
COALINDIA,20191009,184.8,186.7,183,185.35,5808768
COCHINSHIP,20191009,335,338.9,330.05,336.55,42340
COFFEEDAY,20191009,45.5,45.5,42.75,43.7,637955
COLPAL,20191009,1462.75,1503.9,1457.4,1498.7,497854
COMPINFO,20191009,9.8,10.1,9.7,9.85,47058
COMPUSOFT,20191009,8,8.1,7.95,8,13031
CONCOR,20191009,576.1,579.5,562.25,571,2770455
CONFIPET,20191009,27.5,28.8,27.1,28.2,61809
CONSOFINVT,20191009,36.05,36.15,35.5,35.5,381
CONTROLPR,20191009,239.85,248.6,239.85,245.15,2698
CORALFINAC,20191009,11,11,10.4,10.85,2191
CORDSCABLE,20191009,43.4,43.8,40.35,41.1,5733
COROMANDEL,20191009,407.45,410.9,400.55,403.85,117727
CORPBANK,20191009,14.2,14.4,14.05,14.15,158429
COSMOFILMS,20191009,211.4,211.4,201,204.85,6549
COUNCODOS,20191009,2.05,2.05,2.05,2.05,1627
COX&KINGS,20191009,3.05,3.05,3.05,3.05,138191
CPSEETF,20191009,24.1,24.1,23.01,23.19,3527162
CREATIVE,20191009,64,64,61.9,61.9,500
CREDITACC,20191009,676.9,676.9,648.05,670.65,433705
CREST,20191009,92.9,92.9,89,89.5,1048
CRISIL,20191009,1309,1309,1272.8,1288,11660
CRMFGETF,20191009,3540,3550,3540,3550,8
CROMPTON,20191009,254.05,262.5,252.1,259.6,874901
CTE,20191009,27.8,27.8,26.35,27.25,705
CUB,20191009,221.95,224.25,219,222.45,310301
CUBEXTUB,20191009,9.25,11.15,9.25,9.85,1219
CUMMINSIND,20191009,563.5,578.25,561.5,568.4,987965
CUPID,20191009,125.3,147,125.3,138,108049
CYBERTECH,20191009,49.75,51.55,48.1,50.9,23957
CYIENT,20191009,450.1,454.7,445.4,447.35,66229
DAAWAT,20191009,23.95,24.05,23.4,23.85,338330
DABUR,20191009,432.8,445.75,431.25,443.8,1488325
DALBHARAT,20191009,779.85,785.95,763.6,771.5,32761
DALMIASUG,20191009,90.35,90.85,86.1,87.7,91359
DAMODARIND,20191009,28.85,28.85,25.75,28.15,1493
DATAMATICS,20191009,73.05,73.15,71,71.4,12039
DBCORP,20191009,143.65,148.7,140.05,141.65,25075
DBL,20191009,382.8,384.75,370.15,372.8,142405
DBREALTY,20191009,6.6,6.85,6.45,6.5,141360
DBSTOCKBRO,20191009,7.85,7.85,7.85,7.85,1169
DCAL,20191009,161,164.85,152.35,156.4,57809
DCBBANK,20191009,176.9,184.9,175.95,184.2,456715
DCM,20191009,21.55,22.55,20.5,21.35,644
DCMNVL,20191009,26,29.7,26,27.25,3379
DCMSHRIRAM,20191009,380.5,394.4,377,387.75,66326
DCW,20191009,14.9,15.2,14.65,14.85,175669
DECCANCE,20191009,340,359.95,326,341.75,12858
DEEPAKFERT,20191009,92.55,92.65,88.2,89.75,166319
DEEPAKNTR,20191009,286.05,295,286.05,294.25,283035
DEEPIND,20191009,96.8,102,96.8,97.55,5754
DELTACORP,20191009,160,171,158.25,169.45,1662472
DELTAMAGNT,20191009,36.3,39.4,36.3,39.4,60
DEN,20191009,47.9,50.25,47.2,49.05,32662
DENORA,20191009,212.05,214.8,205,208.2,743
DFMFOODS,20191009,244.9,251.4,243.45,248.25,65322
DGCONTENT,20191009,5.65,5.95,5.6,5.65,8665
DHAMPURSUG,20191009,215.55,216.9,206.7,209.7,346927
DHANBANK,20191009,15.55,15.55,14.2,14.45,321620
DHANUKA,20191009,307.75,314,301,311.2,8274
DHARSUGAR,20191009,7.2,7.7,7.2,7.6,12874
DHFL,20191009,28,28.4,26.1,26.1,5272846
DHUNINV,20191009,195.45,199.9,194.55,198.2,179
DIAMONDYD,20191009,870,873.55,838.05,867,1043
DICIND,20191009,335.3,342,335.3,340.95,162
DIGISPICE,20191009,5.5,5.5,5.25,5.5,7956
DISHTV,20191009,16.8,18.8,16.6,18.4,35100536
DIVISLAB,20191009,1650.55,1655,1621.2,1650.6,248324
DIXON,20191009,2950.05,3035,2848.4,3000.85,11173
DLF,20191009,143.9,149.75,138.35,147.75,15540451
DLINKINDIA,20191009,90.4,93.75,89.15,92.7,25024
DMART,20191009,1853.85,1869,1801.6,1820.4,357535
DNAMEDIA,20191009,0.35,0.4,0.35,0.35,11049
DOLAT,20191009,58,58.6,55,55.65,98693
DOLLAR,20191009,196.95,196.95,169.1,181.5,4821
DONEAR,20191009,29.35,30.8,29.3,30,7529
DPSCLTD,20191009,10.7,10.85,10,10.05,29203
DQE,20191009,2.75,2.75,2.7,2.7,784
DREDGECORP,20191009,309.75,316.7,306.6,311.45,149576
DRREDDY,20191009,2624.75,2676,2600.3,2663.4,466444
DSSL,20191009,26,26.75,25.05,25.55,2707
DTIL,20191009,161,161.1,154.3,160.65,1168
DUCON,20191009,4.75,5.1,4.75,5.05,37040
DVL,20191009,68.85,69.65,66.3,67.7,2117
DWARKESH,20191009,24.9,25,24.2,24.45,257852
DYNAMATECH,20191009,1239.7,1240,1216.05,1224.7,368
DYNPRO,20191009,120.95,122,119.5,120.2,15319
EASTSILK,20191009,0.75,0.75,0.65,0.7,12339
EBANK,20191009,3250.01,3250.01,3250.01,3250.01,3
ECLERX,20191009,398.8,404.7,397,399.1,13012
EDELWEISS,20191009,78,78.5,72.2,72.95,10954146
EICHERMOT,20191009,17950.05,18300,17833.1,18239.35,111285
EIDPARRY,20191009,154.15,156.5,150.45,155,44541
EIHAHOTELS,20191009,293.85,305,292.95,300.8,2551
EIHOTEL,20191009,165.65,169.35,165.65,167.8,28220
EIMCOELECO,20191009,285.05,293.2,282.5,285.25,2182
EKC,20191009,26,26,24.65,24.95,65891
ELECON,20191009,28.85,30,28.75,29.9,21755
ELECTCAST,20191009,13.95,14.3,13.55,13.8,73459
ELECTHERM,20191009,127,131.95,126.05,129.3,48436
ELGIEQUIP,20191009,277.4,277.85,272,275.6,4109
ELGIRUBCO,20191009,16.1,16.4,15.6,15.75,4105
EMAMILTD,20191009,300,301.15,297.35,299.75,764542
EMAMIPAP,20191009,84.2,89,83.85,88.55,926
EMAMIREAL,20191009,42.05,42.05,38.5,40,5808
EMCO,20191009,0.8,0.8,0.8,0.8,9658
EMKAY,20191009,65.5,67.2,63.5,64.9,9211
EMMBI,20191009,116.5,120.65,116,118.4,4699
ENDURANCE,20191009,954.9,979.5,952.1,971.1,8011
ENERGYDEV,20191009,5.4,5.6,5.25,5.3,8670
ENGINERSIN,20191009,106.7,109.95,106.2,109,1731705
ENIL,20191009,308.9,308.95,266.35,280,130492
EON,20191009,13.85,14.2,13.4,13.55,10805
EQ30,20191009,324.85,325,324,325,32
EQUITAS,20191009,100.25,101.5,97.35,100.85,3577997
ERIS,20191009,422.4,428.95,418.25,422.6,9613
EROSMEDIA,20191009,13.9,14.45,13.75,14,108778
ESABINDIA,20191009,1212.7,1222.25,1193.3,1215.75,1736
ESCORTS,20191009,597.1,612.65,581.5,608,4126707
ESSARSHPNG,20191009,6.8,7.3,6.8,6.95,6981
ESSELPACK,20191009,114.8,117,114,116.05,39441
ESTER,20191009,29,31.3,29,31,30423
EUROMULTI,20191009,0.6,0.6,0.55,0.55,510
EUROTEXIND,20191009,12.2,12.8,11.85,12,6
EVEREADY,20191009,43.5,43.85,41.95,42.8,252475
EVERESTIND,20191009,307,313.95,307,311.6,14377
EXCEL,20191009,1,1.05,1,1.05,9830
EXCELINDUS,20191009,883.9,892.05,860.05,867.55,6470
EXIDEIND,20191009,186,191.8,184.35,190.8,1682602
EXPLEOSOL,20191009,291.05,298.65,291,292.7,2682
FACT,20191009,39.3,39.5,37.6,39.1,78516
FAIRCHEM,20191009,483.05,490.7,480.1,487.65,1911
FCL,20191009,25.4,26.65,24.7,25.75,121231
FCONSUMER,20191009,24.4,24.4,22.6,23.25,1490282
FCSSOFT,20191009,0.25,0.25,0.2,0.2,643581
FDC,20191009,168.15,168.95,165.8,167.05,123162
FEDERALBNK,20191009,85.25,86.45,84,85.9,12713788
FEL,20191009,20,20,19.1,19.45,134139
FELDVR,20191009,20.1,20.1,18.2,18.55,7655
FIEMIND,20191009,334.6,343.8,330.05,341.15,3430
FILATEX,20191009,34.75,38.05,34.5,37.3,182210
FINCABLES,20191009,367.35,368,358,359.9,139344
FINEORG,20191009,1685.65,1744.9,1670.9,1719.25,4140
FINPIPE,20191009,578,584,570,582.9,17950
FLEXITUFF,20191009,7.4,7.5,7.4,7.4,2594
FLFL,20191009,419.55,421.95,407,411.3,15451
FMGOETZE,20191009,533.95,535,530,533.8,4491
FMNL,20191009,28.3,30.75,28.15,30.65,10070
FORCEMOT,20191009,1091,1110,1074,1093.05,12638
FORTIS,20191009,138.15,141.3,138.15,140.25,816356
FOSECOIND,20191009,1294.9,1297.95,1260,1273.25,969
FRETAIL,20191009,379.4,380.7,372.1,374.55,283078
FSC,20191009,507,533.35,490,525.7,5982
FSL,20191009,45.85,46.85,45.65,46.55,1529940
GABRIEL,20191009,102.95,102.95,100,101.5,44885
GAEL,20191009,152.5,152.5,136.05,137.25,59174
GAIL,20191009,130,132.65,128.4,132.1,7500511
GAL,20191009,2.45,2.45,2.1,2.3,36221
GALAXYSURF,20191009,1469.95,1489.95,1445.15,1476.25,5721
GALLANTT,20191009,27.05,28,26.65,27.5,5653
GALLISPAT,20191009,20.45,20.45,18.75,19.25,24170
GAMMNINFRA,20191009,0.3,0.3,0.25,0.25,358380
GANDHITUBE,20191009,329.85,329.9,308.3,319,528
GANECOS,20191009,243.85,251,240.95,250.4,3914
GANESHHOUC,20191009,33.05,37.5,31.5,36.5,51555
GANGESSECU,20191009,35.15,35.15,33.5,34.5,881
GARDENSILK,20191009,10.4,10.8,10.05,10.5,4319
GARFIBRES,20191009,1189.15,1190.05,1170,1179.5,6305
GATI,20191009,56.9,56.9,53.55,54.35,197519
GAYAHWS,20191009,0.3,0.3,0.25,0.3,820407
GAYAPROJ,20191009,109.9,109.9,105.15,106.35,71263
GDL,20191009,99.45,100.9,96,96.6,99424
GEECEE,20191009,85,87.8,81,87.4,2402
GENESYS,20191009,76.25,78.5,76.2,77.4,5761
GENUSPAPER,20191009,5.1,5.1,4.95,4.95,52869
GENUSPOWER,20191009,22.2,23,21.8,22.45,132857
GEOJITFSL,20191009,26.9,27.2,26.2,26.4,132408
GEPIL,20191009,753.75,755.65,730,740,14213
GESHIP,20191009,290.8,294.95,279,292.85,42367
GET&D,20191009,170,177.7,167.6,173.2,18011
GFLLIMITED,20191009,82.9,83.15,75.35,76.55,34068
GFSTEELS,20191009,5.05,5.05,5.05,5.05,1610
GHCL,20191009,205.05,212.25,203.9,210.3,39968
GICHSGFIN,20191009,133.2,139.15,132.65,137.25,55949
GICRE,20191009,216.2,220.05,209.55,214.55,63659
GILLANDERS,20191009,32,32,27.05,29.4,597
GILLETTE,20191009,7074.2,7074.2,7000,7038.9,6053
GINNIFILA,20191009,7.75,8.6,7.55,7.75,11831
GIPCL,20191009,68.1,68.75,67.35,68.2,27858
GKWLIMITED,20191009,814.95,814.95,741.75,781.5,161
GLAXO,20191009,1348,1365,1335,1359.35,47967
GLENMARK,20191009,287.4,293.25,280.8,290.85,2718540
GLOBALVECT,20191009,60,60,52.55,53.1,2644
GLOBOFFS,20191009,6.05,6.25,6.05,6.05,2606
GLOBUSSPR,20191009,120,120,116,117.1,37822
GMBREW,20191009,385.9,393.45,380,383.9,54878
GMDCLTD,20191009,58.45,58.85,57.75,58.1,140098
GMMPFAUDLR,20191009,1484.35,1500,1480.05,1498.2,1819
GMRINFRA,20191009,16.5,17.4,16.4,17.3,18907912
GNA,20191009,227.15,231.4,225.6,229.75,21095
GNFC,20191009,192.9,199.7,190.05,198.95,157851
GOACARBON,20191009,245,247,237.85,237.85,24805
GOCLCORP,20191009,287.4,287.45,278.2,279.85,11065
GODFRYPHLP,20191009,940,988,926,970.7,98716
GODREJAGRO,20191009,471,480,467.95,477.25,29387
GODREJCP,20191009,670.65,675.95,658,673,1025701
GODREJIND,20191009,386.2,387.9,380.85,383.8,76190
GODREJPROP,20191009,999.45,1020,979,995.25,127845
GOKEX,20191009,86.9,87.6,83.75,85.45,18667
GOKUL,20191009,14.15,14.4,13.25,13.4,2111
GOKULAGRO,20191009,14,14.3,13.3,14.05,50876
GOLDBEES,20191009,3385,3393.9,3356.6,3372.25,21439
GOLDENTOBC,20191009,30,30,25.1,27.45,15366
GOLDIAM,20191009,130.4,135,130.4,133.1,65955
GOLDSHARE,20191009,3417.9,3422.95,3396,3396.85,569
GOLDTECH,20191009,9.7,10.45,9.15,9.7,3654
GOODLUCK,20191009,53.3,53.3,50.1,50.9,30973
GPIL,20191009,125.15,134.95,125.15,129.4,71612
GPPL,20191009,80.85,82.9,80.2,81.25,80603
GPTINFRA,20191009,39.9,39.9,33.55,35.5,2032
GRANULES,20191009,104,105.1,101.4,101.8,308826
GRAPHITE,20191009,274,279.8,255.1,271.9,2165493
GRASIM,20191009,650,677.9,642.9,670.4,2386332
GRAVITA,20191009,39.8,42.95,39.8,41.5,21698
GREAVESCOT,20191009,135.3,139.95,135.3,136.85,175401
GREENLAM,20191009,898,899,865.55,892.7,615
GREENPLY,20191009,159.8,159.8,155,156.25,10868
GREENPOWER,20191009,2.25,2.25,2.1,2.1,141477
GRINDWELL,20191009,598.95,602.4,592,597.35,10737
GROBTEA,20191009,282.65,284.2,282.6,283.4,60
GRPLTD,20191009,918.95,919,918.95,919,6
GRSE,20191009,173.05,174.9,170.3,171.4,133087
GRUH,20191009,262.25,264.45,259,261.45,1251263
GSCLCEMENT,20191009,17.05,17.2,16.7,17.15,3277
GSFC,20191009,74.4,75.45,72.5,75.05,305061
GSKCONS,20191009,8266,8392.3,8231.2,8343.15,14429
GSPL,20191009,204.2,209,202.1,205.95,239596
GSS,20191009,27.05,28.1,26.4,27.3,17560
GTL,20191009,1.9,1.9,1.85,1.85,19454
GTLINFRA,20191009,0.65,0.65,0.6,0.6,1144293
GTNIND,20191009,6.8,6.8,6.4,6.45,1720
GTNTEX,20191009,7.15,7.5,6.7,6.85,2274
GTPL,20191009,70.85,80.25,69.3,73.4,153146
GUFICBIO,20191009,69.05,81,69.05,74.65,122135
GUJALKALI,20191009,418.35,423.5,399,407.85,53146
GUJAPOLLO,20191009,145.05,145.05,136.6,137.3,854
GUJGASLTD,20191009,178,178,173.9,175,504974
GULFOILLUB,20191009,856.45,860,843.75,856.6,2035
GULFPETRO,20191009,38.7,38.7,37,37.25,9800
GULPOLY,20191009,41.7,41.8,39.65,39.9,16600
GVKPIL,20191009,4,4,3.85,3.95,855682
HAL,20191009,703,708,696.5,700.15,12274
HARITASEAT,20191009,430,430,393.75,403,5844
HARRMALAYA,20191009,53,55,52.3,52.95,12534
HATHWAY,20191009,18.95,19.8,18.7,19.2,390235
HATSUN,20191009,629.95,629.95,622.45,624.25,3044
HAVELLS,20191009,662.75,676,655.65,671.45,785908
HAVISHA,20191009,0.6,0.6,0.6,0.6,810
HBLPOWER,20191009,17.25,17.45,16.1,16.85,179239
HBSL,20191009,6.55,6.8,6.55,6.8,61
HCC,20191009,8,8.2,7.85,8.1,977802
HCG,20191009,104.2,107.5,103.05,105,1538
HCL-INSYS,20191009,6.95,7.05,6.6,6.95,606546
HCLTECH,20191009,1070.05,1073.95,1040.15,1051.1,1875270
HDFC,20191009,1974.85,2005,1964.35,2002,5119327
HDFCAMC,20191009,2715,2798.2,2685.1,2708.35,515266
HDFCBANK,20191009,1197.1,1229.9,1190,1228.15,8713635
HDFCLIFE,20191009,575.2,586.75,573.7,580.5,1579192
HDFCMFGETF,20191009,3495,3499,3450,3454.65,2276
HDFCNIFETF,20191009,1193.4,1216,1160.6,1185.05,1559
HDFCSENETF,20191009,3965.83,3982,3955.24,3982,33
HDIL,20191009,3.2,3.2,3.2,3.2,83109
HEG,20191009,920,931.75,858,912.7,790161
HEIDELBERG,20191009,185.65,190,184,185,307404
HERCULES,20191009,84.85,84.9,82.05,84.1,7167
HERITGFOOD,20191009,362.35,362.35,350,352.95,46744
HEROMOTOCO,20191009,2680,2690,2583,2604.35,1065595
HESTERBIO,20191009,1712,1744,1700,1711.05,2914
HEXATRADEX,20191009,6.55,6.6,6.55,6.6,52586
HEXAWARE,20191009,365.9,365.9,353.7,357.45,488693
HFCL,20191009,17.6,17.8,17.15,17.6,1268691
HGINFRA,20191009,214.45,215.95,206.5,214.05,30499
HGS,20191009,550,585,543.9,578.85,6691
HIKAL,20191009,143,144,138.25,143.05,219579
HIL,20191009,1233.2,1243.1,1181.3,1203.1,5962
HILTON,20191009,8.45,8.85,8.05,8.2,4432
HIMATSEIDE,20191009,141.7,143,139.5,140.85,43000
HINDALCO,20191009,182.05,187.15,180.7,186.05,4536877
HINDCOMPOS,20191009,176,180,165,174.4,1388
HINDCOPPER,20191009,31.65,32.3,28.6,28.95,3166415
HINDMOTORS,20191009,5.2,5.5,5.15,5.45,78115
HINDNATGLS,20191009,37,37,33.8,33.8,454
HINDOILEXP,20191009,90.25,91.4,88.05,90.7,127666
HINDPETRO,20191009,307.95,319.8,302.1,314.5,6099024
HINDUJAVEN,20191009,322,339.95,313.15,319.7,3344
HINDUNILVR,20191009,1950,1962.7,1941.25,1948,1066739
HINDZINC,20191009,205.45,208.4,203,206.9,272415
HIRECT,20191009,151.5,162,148.6,159.4,20880
HISARMETAL,20191009,47,49.85,46.65,49.65,4232
HITECH,20191009,170,170.05,156,160.4,15323
HITECHCORP,20191009,84.3,84.3,82,82.95,315
HITECHGEAR,20191009,149.95,150,145.1,148.9,862
HMVL,20191009,76.9,76.9,72.35,73.65,2957
HNDFDS,20191009,549.9,549.9,516.55,533.1,5863
HONAUT,20191009,27949.9,27949.9,27355.55,27624.1,6891
HONDAPOWER,20191009,1092,1135,1075,1126.45,6503
HOTELEELA,20191009,6.95,6.95,6.25,6.85,174049
HOTELRUGBY,20191009,1.15,1.15,1.15,1.15,6
HOVS,20191009,79,79,72.85,73.7,8207
HPL,20191009,41.95,41.95,39.2,40.45,15145
HSCL,20191009,74.5,76,73.3,75.3,277039
HSIL,20191009,40.55,40.55,39,39.5,73837
HTMEDIA,20191009,20.8,20.85,20.05,20.5,91689
HUBTOWN,20191009,13.95,13.95,12.35,13.2,10269
HUDCO,20191009,32.55,33.6,32.15,33.15,804684
IBMFNIFTY,20191009,108.1,117,108.1,108.25,109
IBREALEST,20191009,43.05,43.05,43.05,43.05,2433234
IBULHSGFIN,20191009,239,246.65,232.05,239.8,19510869
IBULISL,20191009,100.25,100.25,100.25,100.25,2279
IBVENTURES,20191009,108.8,110.1,103,108.95,3753018
ICICI500,20191009,146.55,148.73,146.25,148.73,2126
ICICIB22,20191009,33.8,34.38,33.7,34.3,393974
ICICIBANK,20191009,420.25,438.4,417.1,436.7,34533981
ICICIBANKN,20191009,278,289.88,276.88,289.28,2650
ICICIBANKP,20191009,150.5,161.83,150.5,161.53,400
ICICIGI,20191009,1157,1173.5,1146.35,1165.9,546424
ICICIGOLD,20191009,34.5,35.95,34.5,34.75,42790
ICICILIQ,20191009,999.95,1000,999.95,999.99,12749
ICICILOVOL,20191009,93,94,87.72,88.71,4285
ICICIMCAP,20191009,59.1,61.69,59.1,61.69,3734
ICICINF100,20191009,120.7,122.43,120,122.43,373
ICICINIFTY,20191009,117.21,119.31,116.8,119.2,60349
ICICINV20,20191009,56.5,56.7,54.14,54.58,2735
ICICINXT50,20191009,28.25,28.25,26.37,26.93,101283
ICICIPRULI,20191009,455.9,457,441.45,449.75,3125053
ICICISENSX,20191009,405,411,397.76,406.53,386
ICIL,20191009,39.2,40.45,39.2,40.05,74040
ICRA,20191009,2625.85,2678,2601.5,2618.5,588
IDBI,20191009,29.45,30.3,28.8,29.9,2202065
IDBIGOLD,20191009,3575,3615,3565,3565.05,15
IDEA,20191009,5.2,6,5.15,5.85,207235307
IDFC,20191009,31,31.5,30.8,31,2850274
IDFCFIRSTB,20191009,37.45,38.8,37.1,38.4,16641167
IDFNIFTYET,20191009,113.01,113.1,113,113,201
IEX,20191009,120.2,124.95,120.2,124.35,51911
IFBAGRO,20191009,393,404.5,387.05,389.7,10004
IFBIND,20191009,635.05,667,635.05,663.15,14665
IFCI,20191009,6.8,6.95,6.75,6.8,799662
IFGLEXPOR,20191009,150,157.95,149.8,154.9,578
IGARASHI,20191009,206,209.9,195.2,197.7,67158
IGL,20191009,352.35,363,352.3,361.35,2474216
IGPL,20191009,152.8,159.5,149.15,154.65,12584
IIFL,20191009,118.15,118.65,111.85,115.85,65555
IIFLSEC,20191009,24.2,26.9,22,23.25,240875
IIFLWAM,20191009,1279,1289,1220,1235.85,15922
IITL,20191009,59.35,60.9,56.4,60.9,153
IMFA,20191009,173,188,168.15,182.9,11539
IMPAL,20191009,985,1015,980.05,997.4,4705
IMPEXFERRO,20191009,0.35,0.35,0.35,0.35,1041
INDBANK,20191009,7,7.15,6.6,6.95,16091
INDHOTEL,20191009,156.4,158.8,152.65,154.05,2016860
INDIACEM,20191009,81.5,81.9,79.6,81.35,1889983
INDIAGLYCO,20191009,212.45,219,210.15,213.6,54890
INDIAMART,20191009,1933,2304.05,1933,2264.05,289700
INDIANB,20191009,119,120,114.5,116.9,1213538
INDIANCARD,20191009,102.7,112.95,102.7,112.95,57
INDIANHUME,20191009,268.9,268.9,252.1,262.1,17027
INDIGO,20191009,1800,1804,1763.05,1796.45,681454
INDLMETER,20191009,18.05,18.05,16.55,16.6,965
INDNIPPON,20191009,322,328.9,320.9,322.55,1213
INDOCO,20191009,143.9,145,137.05,139.1,13008
INDORAMA,20191009,28.3,28.4,28,28.1,3563
INDOSTAR,20191009,214.3,219.9,207.95,215.35,23671
INDOTECH,20191009,81.05,87.5,81.05,85.3,1149
INDOTHAI,20191009,22,23.9,21.95,22.9,18504
INDOWIND,20191009,2.95,3,2.75,2.95,20598
INDRAMEDCO,20191009,36.7,36.95,36.15,36.25,31966
INDSWFTLAB,20191009,42.5,42.8,38.95,40.4,93574
INDSWFTLTD,20191009,5.45,5.55,5.2,5.4,2428
INDTERRAIN,20191009,72.55,72.55,67.55,70,4661
INDUSINDBK,20191009,1241,1319,1235.6,1308.65,6865376
INEOSSTYRO,20191009,630,632.75,615.1,622.15,3641
INFIBEAM,20191009,39.5,40.2,39.3,39.8,1112924
INFOBEAN,20191009,65.4,68,65.4,67.15,4580
INFRABEES,20191009,324,324.95,322,324.49,749
INFRATEL,20191009,246.85,261,244.5,255.85,2574081
INFY,20191009,795.45,795.9,778.8,783.65,6335025
INGERRAND,20191009,618.6,625,612.5,621.85,5620
INOXLEISUR,20191009,323.25,328,320.45,326.4,66592
INOXWIND,20191009,33.35,34.3,32,32.15,42682
INSECTICID,20191009,586.15,593.85,555.2,572,8217
INSPIRISYS,20191009,44.05,44.65,42,42.85,2787
INTEGRA,20191009,0.35,0.35,0.35,0.35,1000
INTELLECT,20191009,179.7,183.95,178.2,181.9,156569
INTENTECH,20191009,29.15,31.95,29.1,29.55,3820
INVENTURE,20191009,15.5,15.5,14.8,15.05,43106
IOB,20191009,9.7,9.8,9.55,9.6,321154
IOC,20191009,147.55,150,147,148.2,16990515
IOLCP,20191009,168.95,173.95,165.45,169.75,206769
IPAPPM,20191009,315,319,307,312.65,14096
IPCALAB,20191009,872,875.15,851.7,864.15,172226
IRB,20191009,68.4,68.4,64.6,66.1,1073685
IRCON,20191009,364.5,365,356.5,361.85,12972
ISEC,20191009,262.6,269.8,260.85,266.95,82128
ISFT,20191009,83.65,84.05,83.65,84,301
ISMTLTD,20191009,3.65,3.85,3.5,3.7,47637
ITC,20191009,251.3,252.2,246.3,247.1,21503869
ITDC,20191009,235.05,268.2,235.05,246.35,248892
ITDCEM,20191009,43.5,45.85,42.55,45.15,120297
ITI,20191009,83.35,87.8,82.1,82.8,1766120
IVC,20191009,3.6,3.85,3.6,3.85,166994
IVP,20191009,63.4,67.15,62.1,62.1,160
IVZINGOLD,20191009,3518,3518,3447,3448,25
IVZINNIFTY,20191009,1250,1250,1250,1250,1
IZMO,20191009,31.05,31.05,29.7,30.1,9911
J&KBANK,20191009,32.95,33.15,31.95,32.2,676350
JAGRAN,20191009,60.45,60.6,58.6,59,137088
JAGSNPHARM,20191009,25.5,25.5,22.45,24,9727
JAIBALAJI,20191009,18.5,20.9,18.5,20.1,4240
JAICORPLTD,20191009,75.25,77,73.7,76,957369
JAINSTUDIO,20191009,1.85,1.85,1.75,1.85,4081
JAMNAAUTO,20191009,34.95,36.4,34.85,35.5,627114
JAYAGROGN,20191009,140.1,141.15,132.3,136.05,9990
JAYBARMARU,20191009,162.95,196.7,161.55,191.2,493179
JAYNECOIND,20191009,4.35,4.35,4.15,4.15,31721
JAYSREETEA,20191009,50,50.3,48.55,49.5,56329
JBCHEPHARM,20191009,362.5,370.9,358.5,360.95,81545
JBFIND,20191009,8.45,8.45,7.7,8.2,72403
JBMA,20191009,188.9,225.15,182.1,224.05,991241
JCHAC,20191009,1899.4,1940,1888,1930.35,3350
JHS,20191009,15.05,15.35,14.6,15.1,30045
JIKIND,20191009,0.15,0.2,0.15,0.15,10075
JINDALPHOT,20191009,15.05,15.05,15.05,15.05,1707
JINDALPOLY,20191009,225.75,227.5,223.5,225.4,4582
JINDALSAW,20191009,79.85,85.85,77.2,84.65,726855
JINDALSTEL,20191009,93.35,98.25,91.9,97.6,24143941
JINDCOT,20191009,2.2,2.2,2.05,2.05,412
JINDRILL,20191009,71.95,75.5,69.15,69.6,11050
JINDWORLD,20191009,56.85,56.85,52.3,53.8,101655
JISLDVREQS,20191009,13.8,13.8,12.5,12.5,31616
JISLJALEQS,20191009,17.3,17.3,15.95,16.1,3312505
JITFINFRA,20191009,7.35,7.35,6.7,7,10451
JIYAECO,20191009,42.8,44.1,41.5,41.75,172669
JKCEMENT,20191009,1036.6,1054,1028.1,1048.75,6891
JKIL,20191009,142,153.5,141.15,143.85,1136687
JKLAKSHMI,20191009,290,294,282.4,286.4,34869
JKPAPER,20191009,114.55,119.2,111.15,117.35,1906142
JKTYRE,20191009,68,68.6,66.35,68.35,325573
JMA,20191009,23.1,23.2,22.5,22.95,5063
JMCPROJECT,20191009,104,107.55,104,106.65,51744
JMFINANCIL,20191009,70.9,72.9,70.2,71.95,189907
JMTAUTOLTD,20191009,1.25,1.25,1.15,1.25,122054
JOCIL,20191009,83,83,80.6,83,982
JPASSOCIAT,20191009,2.35,2.4,2.25,2.3,3711316
JPINFRATEC,20191009,1.15,1.15,1.05,1.15,1025704
JPOLYINVST,20191009,13.25,14.45,13.1,13.25,2476
JPPOWER,20191009,1.55,1.55,1.4,1.45,4033325
JSL,20191009,33.3,35.25,32.75,34.95,295647
JSLHISAR,20191009,60.75,65,60.4,64,131837
JSWENERGY,20191009,60.85,63.4,60.8,61.6,605293
JSWHL,20191009,2765.2,2808.95,2750,2797.95,785
JSWSTEEL,20191009,207.3,213.75,205.95,212.8,5958422
JTEKTINDIA,20191009,79.2,80.25,74.55,76.9,45080
JUBILANT,20191009,473.5,491.25,470.05,484.7,149403
JUBLFOOD,20191009,1319.9,1319.9,1251.05,1307.55,2056246
JUBLINDS,20191009,99.05,103,98.3,99.9,9913
JUMPNET,20191009,56,57.85,54.05,56,920927
JUNIORBEES,20191009,278.5,281,270.01,276.7,26282
JUSTDIAL,20191009,592.65,642.9,588,627.85,3956811
JYOTHYLAB,20191009,159.05,162.8,158.05,159.55,26687
KABRAEXTRU,20191009,65,65,62.6,63.4,17348
KAJARIACER,20191009,558,565.85,555,561.35,67016
KAKATCEM,20191009,150.7,151.8,149.05,151.3,3440
KALPATPOWR,20191009,441.6,452.7,436.75,449.55,26976
KALYANIFRG,20191009,169,169,158.1,158.1,30
KAMATHOTEL,20191009,36.25,37.5,35,36.7,27389
KAMDHENU,20191009,109.35,109.4,104.1,106.75,2091
KANANIIND,20191009,3.2,3.2,3,3,1175
KANORICHEM,20191009,41.15,41.6,39.25,41.3,9872
KANSAINER,20191009,493,510,492.05,502.45,115437
KARDA,20191009,176.7,176.7,169,174.55,115430
KARMAENG,20191009,9.35,9.35,8.45,9.2,355
KARURVYSYA,20191009,57.4,60,57.4,59.1,511099
KAUSHALYA,20191009,0.35,0.35,0.35,0.35,182
KAVVERITEL,20191009,2.3,2.3,2.3,2.3,126
KAYA,20191009,355.85,355.9,335.55,347.05,22470
KCP,20191009,67.5,67.5,63.5,64.9,200827
KCPSUGIND,20191009,12.75,12.85,12.3,12.5,65980
KDDL,20191009,384.4,389.95,380,389.55,2061
KEC,20191009,266,269.4,263.85,267,112500
KECL,20191009,8.95,8.95,8.1,8.2,36128
KEI,20191009,534.5,535.95,526.5,529.1,85380
KELLTONTEC,20191009,19.95,20.5,19,19,76010
KENNAMET,20191009,1050.05,1054.15,1030.5,1045.1,2490
KERNEX,20191009,25.1,27.35,25.1,27.35,358
KESARENT,20191009,29.25,32.7,29,31.3,1680
KESORAMIND,20191009,49.55,50.25,49.1,49.55,103649
KGL,20191009,0.2,0.25,0.2,0.2,1598579
KHADIM,20191009,221.2,235,221.2,228.85,22301
KICL,20191009,1596,1687.95,1593,1620.4,357
KILITCH,20191009,124.9,124.9,118,118.15,9766
KINGFA,20191009,635,654.4,635,651.05,1599
KIOCL,20191009,120.95,121.05,118,118.95,5358
KIRIINDUS,20191009,455,477.5,455,469.05,197196
KIRLOSBROS,20191009,147.6,149.75,146.1,147.6,7968
KIRLOSENG,20191009,171,175.8,170,174,10515
KIRLOSIND,20191009,710,710,656.5,674.55,217
KITEX,20191009,89.95,90.4,86,88.7,35433
KKCL,20191009,972.8,993.7,955.15,968.1,256
KMSUGAR,20191009,6.45,6.5,6.25,6.35,81435
KNRCON,20191009,219.9,223.9,216.4,220.35,48458
KOHINOOR,20191009,12.55,12.6,11.95,12.2,17895
KOKUYOCMLN,20191009,60.5,62.95,59.6,62.2,29826
KOLTEPATIL,20191009,241.35,244.45,233.75,240.5,47151
KOPRAN,20191009,25.5,25.5,24.15,24.75,73517
KOTAKBANK,20191009,1559.3,1627.75,1547.75,1612.35,2598430
KOTAKBKETF,20191009,291.9,295.25,284.05,293.52,1316954
KOTAKGOLD,20191009,341.95,342,338,338.3,35038
KOTAKNIFTY,20191009,118.1,128.6,115.25,116.97,55017
KOTAKNV20,20191009,55.5,55.89,55,55.66,5389
KOTAKPSUBK,20191009,213,221,212.27,218.42,7457
KOTARISUG,20191009,10.65,10.65,9.6,10,21033
KOTHARIPET,20191009,16.5,17,15.55,15.85,4296
KOTHARIPRO,20191009,59,60.25,54.7,58.5,4998
KPITTECH,20191009,95.35,97.5,93.3,95.15,233246
KPRMILL,20191009,540.7,559.9,522,550.45,22909
KRBL,20191009,218,221,215.25,217.75,41653
KREBSBIO,20191009,86.5,88.75,83.05,84.65,1481
KRIDHANINF,20191009,7.3,7.3,6.95,6.95,147607
KRISHANA,20191009,53,53,53,53,100
KSB,20191009,645,669.95,633,636.75,8722
KSCL,20191009,466,475,456.05,458,134942
KSERASERA,20191009,0.05,0.1,0.05,0.1,680847
KSK,20191009,0.55,0.55,0.45,0.45,1519964
KSL,20191009,185.55,188.45,181,186.5,19396
KTIL,20191009,32.85,32.85,30.2,31.3,1749
KTKBANK,20191009,71.7,72.5,71.1,72,677637
KWALITY,20191009,1.5,1.5,1.5,1.5,152920
L&TFH,20191009,80,83.8,78.6,83.45,13093432
LAKSHVILAS,20191009,26.95,26.95,26.95,26.95,46781
LALPATHLAB,20191009,1340,1348.15,1310,1320.2,56471
LAMBODHARA,20191009,30.8,31.95,29.8,29.8,4405
LAOPALA,20191009,170.05,172,168.3,168.95,12122
LASA,20191009,17.1,17.4,17.1,17.3,16675
LAURUSLABS,20191009,340,346.8,330,332.05,17370
LAXMIMACH,20191009,3300,3342.25,3270,3310.05,2978
LEMONTREE,20191009,57.8,57.8,55.2,55.75,324110
LFIC,20191009,52.9,52.9,52.9,52.9,1
LGBBROSLTD,20191009,269.45,269.95,255.9,265.35,3179
LGBFORGE,20191009,2.5,2.55,2.35,2.55,74066
LIBAS,20191009,55.4,57.95,50.25,54.55,1155
LIBERTSHOE,20191009,101,114,100.3,110.4,383532
LICHSGFIN,20191009,372.5,380.4,362.6,378,2575117
LICNETFGSC,20191009,21,21,20.4,20.97,5172
LICNETFN50,20191009,118.99,118.99,116.2,116.35,18
LICNFNHGP,20191009,120,129,117,117.25,270
LINCOLN,20191009,146.5,149.4,144.45,146.75,10796
LINCPEN,20191009,171,177.6,170,173.2,1291
LINDEINDIA,20191009,505.5,513.9,500.95,510.55,4902
LIQUIDBEES,20191009,999,1001,999,999.99,689871
LIQUIDETF,20191009,1000.01,1000.01,999.99,999.99,7000
LOKESHMACH,20191009,35.05,36.4,33.25,35.65,16908
LOTUSEYE,20191009,21.5,22.55,21.3,22.25,468
LOVABLE,20191009,59.7,61,57.1,58.4,12718
LPDC,20191009,1.7,1.7,1.55,1.65,2943
LSIL,20191009,0.5,0.5,0.45,0.45,445197
LT,20191009,1401,1433.4,1399.1,1426.25,1818865
LTI,20191009,1489.8,1503,1461,1500.1,62137
LTTS,20191009,1605.15,1620,1563.3,1577.7,33464
LUMAXIND,20191009,1170,1170,1136.95,1148.45,1206
LUMAXTECH,20191009,91.5,91.5,86.45,89.95,11109
LUPIN,20191009,664.9,685,660,682.1,1500671
LUXIND,20191009,1154.5,1183.3,1133,1169.3,46388
LYKALABS,20191009,15.85,16.8,15.5,15.65,7814
LYPSAGEMS,20191009,4.5,4.5,4.3,4.3,3290
M&M,20191009,556,578.8,550.95,576.55,4863273
M&MFIN,20191009,326.5,335,325.2,333.65,1093908
M100,20191009,16.3,16.5,16.22,16.44,33523
M50,20191009,110.8,110.8,108.19,110.28,1234
MAANALU,20191009,65,65,61.25,63.6,1882
MADHAV,20191009,24.45,25,24.1,24.5,3237
MADHUCON,20191009,3.75,3.85,3.6,3.65,65056
MADRASFERT,20191009,20.3,21.2,20.1,20.5,260296
MAGADSUGAR,20191009,100.05,103.25,95.1,102.3,12658
MAGMA,20191009,49.9,50,49.1,49.95,40292
MAGNUM,20191009,3.05,3.05,3.05,3.05,4347
MAHABANK,20191009,11,11.05,10.65,10.8,323915
MAHAPEXLTD,20191009,83.95,87.5,80.05,84,781
MAHASTEEL,20191009,145.25,152,140.15,148.4,32622
MAHESHWARI,20191009,216.9,217.4,214,215.55,18226
MAHINDCIE,20191009,150.9,151.85,147.55,149.4,59351
MAHLIFE,20191009,432.95,437.2,422.65,432.6,30956
MAHLOG,20191009,360,361,355.7,359.95,21237
MAHSCOOTER,20191009,4439,4530,4439,4518,6283
MAHSEAMLES,20191009,365.6,370.7,351.25,358.05,30795
MAITHANALL,20191009,457.45,466.5,435,444.7,33886
MAJESCO,20191009,443.55,446.55,431,432.45,10568
MALUPAPER,20191009,31.45,32.2,31.45,31.45,70887
MAN50ETF,20191009,112.6,114,112.5,114,15340
MANAKALUCO,20191009,4.5,4.65,4.2,4.6,8364
MANAKCOAT,20191009,4.3,4.8,4.3,4.55,135542
MANAKSIA,20191009,32,34.15,32,32.55,10612
MANAKSTEEL,20191009,10.9,11.7,10.25,10.65,5931
MANALIPETC,20191009,18.45,18.8,18.15,18.5,65771
MANAPPURAM,20191009,132.85,140.85,132.8,140,5963476
MANGALAM,20191009,28.8,28.8,25,26.8,7033
MANGCHEFER,20191009,32.95,33.95,31.25,32.2,40175
MANGLMCEM,20191009,297.15,304.95,288.5,291.95,28544
MANGTIMBER,20191009,6.05,6.05,6.05,6.05,3981
MANINDS,20191009,40.75,40.75,39.85,40,42512
MANINFRA,20191009,20.85,21.8,20.25,20.6,69503
MANUGRAPH,20191009,14.4,14.4,13.7,13.7,23367
MARALOVER,20191009,18,19.8,16.6,16.95,19204
MARATHON,20191009,71.05,74.8,67.6,72.75,13245
MARICO,20191009,379,385.05,378,383.6,1453314
MARKSANS,20191009,12.65,13.45,12.3,13.1,644128
MARUTI,20191009,6628,6743.8,6590,6719.55,1017731
MASFIN,20191009,663,725.05,663,703.45,31441
MASTEK,20191009,318,320.65,301.75,312.45,47298
MATRIMONY,20191009,540,545,522.15,532.3,4795
MAWANASUG,20191009,33.95,34.65,32.85,34.4,51361
MAXINDIA,20191009,62.95,66.8,62.15,65.1,185891
MAXVIL,20191009,43,44.4,42.5,42.95,51890
MAYURUNIQ,20191009,214.55,214.55,208,212.1,18757
MAZDA,20191009,362,364.75,355,359.1,893
MBAPL,20191009,79.9,80,76.5,76.8,23925
MBECL,20191009,4.2,4.2,3.8,4.2,11223
MBLINFRA,20191009,5.25,5.7,5.2,5.3,54969
MCDHOLDING,20191009,17,17.6,16.25,17.45,5830
MCDOWELL-N,20191009,617.3,625.8,612.7,621.5,1045125
MCLEODRUSS,20191009,7.6,7.6,7.05,7.5,140067
MCX,20191009,957.6,970,943.3,964.4,322172
MEGASOFT,20191009,6.2,6.6,6.2,6.6,31418
MEGH,20191009,47.35,50.25,47.35,49.8,387735
MELSTAR,20191009,1,1,1,1,1
MENONBE,20191009,61.8,66,59.5,60.3,2896
MEP,20191009,26.8,27.2,26.3,26.4,71408
MERCATOR,20191009,1,1,1,1,67892
METALFORGE,20191009,5.05,5.5,4.75,5.1,13877
METROPOLIS,20191009,1235,1300,1235,1270.1,20511
MFSL,20191009,410,417.75,405,415.65,232902
MGL,20191009,897.75,918,892.85,912.5,379939
MHRIL,20191009,210.05,214.7,208.45,211.15,334582
MIC,20191009,0.5,0.5,0.45,0.45,61425
MIDHANI,20191009,123.8,125.25,122.45,123.6,59198
MINDACORP,20191009,88.75,90.8,86.4,87.25,44624
MINDAIND,20191009,344,344,333,340.1,216093
MINDTECK,20191009,33,34.8,32.9,34,1804
MINDTREE,20191009,724,731.9,714,723.5,462574
MIRCELECTR,20191009,6.7,6.9,6.5,6.6,532626
MIRZAINT,20191009,54.25,57.8,53.35,56.95,343723
MMFL,20191009,399.1,400.05,391.75,394.5,670
MMTC,20191009,15.65,15.8,15.25,15.4,420819
MOHITIND,20191009,4.8,5.15,4.55,4.75,6152
MOHOTAIND,20191009,14.5,14.5,14,14.4,170
MOIL,20191009,131.25,134.8,130,134,111241
MOLDTECH,20191009,52.75,52.75,50.7,50.95,829
MOLDTKPAC,20191009,295.5,297.95,285.55,295,13057
MONTECARLO,20191009,226.35,236.15,226,227.25,5823
MORARJEE,20191009,13,13.5,12.2,13.25,8452
MOREPENLAB,20191009,16,16.3,15.9,15.95,296714
MOTHERSUMI,20191009,98,98.4,95.8,97.15,7687319
MOTILALOFS,20191009,612.1,620.95,583.15,588.7,43725
MOTOGENFIN,20191009,38,38,35.65,35.75,92
MPHASIS,20191009,951.6,951.6,924.2,929.4,264606
MPSLTD,20191009,490,500,480,489.25,5589
MRF,20191009,61250.5,61500.9,60283.55,61186.1,6263
MRO-TEK,20191009,14.4,15.85,14.4,15.85,690
MRPL,20191009,49.65,50.9,49.2,50.55,452823
MSPL,20191009,4.9,4.9,4.9,4.9,222
MSTCLTD,20191009,90.15,94.6,88.75,91.9,24533
MTEDUCARE,20191009,17.85,17.85,17,17,3720
MTNL,20191009,5.9,6.3,5.35,6,6350669
MUKANDENGG,20191009,11.2,11.55,11.2,11.25,1085
MUKANDLTD,20191009,32.5,32.5,28,28.5,17777
MUKTAARTS,20191009,36,37.9,35.55,36.45,6571
MUNJALAU,20191009,38,39.3,37,38.7,93469
MUNJALSHOW,20191009,123.5,129,123.5,127.9,9737
MURUDCERA,20191009,15.15,15.9,15,15.75,33576
MUTHOOTCAP,20191009,465.05,474,450,459.25,4184
MUTHOOTFIN,20191009,670,689.95,665.1,686.1,820272
MVL,20191009,0.05,0.1,0.05,0.05,360645
N100,20191009,527.7,538,525,536.22,5243
NACLIND,20191009,28.9,28.9,27.6,28.05,4404
NAGAFERT,20191009,3.1,3.3,3.05,3.05,76836
NAGAROIL,20191009,0.2,0.25,0.2,0.25,285797
NAGREEKCAP,20191009,7.5,7.5,7.35,7.35,1459
NAGREEKEXP,20191009,13.6,15.4,13.3,15,7911
NAHARCAP,20191009,72.15,72.15,70.7,70.7,2420
NAHARINDUS,20191009,23.7,24.25,23.1,24.05,17206
NAHARPOLY,20191009,34.75,34.8,33.25,33.35,1546
NAHARSPING,20191009,48.2,49.3,47.5,48.85,27098
NATCOPHARM,20191009,563.95,563.95,549,552.6,65130
NATHBIOGEN,20191009,375,375,325.25,333.6,13973
NATIONALUM,20191009,43.7,46,43.6,44.9,31504681
NATNLSTEEL,20191009,2.05,2.15,1.95,1.95,879
NAUKRI,20191009,2309,2422,2292.95,2392.8,567484
NAVINFLUOR,20191009,693.4,702,686.1,695.7,27708
NAVKARCORP,20191009,33.45,35,32.35,34.6,181408
NAVNETEDUL,20191009,102.1,104,102.05,102.7,17089
NBCC,20191009,32.65,34.15,32.2,33.8,16210929
NBIFIN,20191009,1267.6,1350,1267.6,1328.1,713
NBVENTURES,20191009,77.95,78.9,76.1,76.95,36899
NCC,20191009,46.8,52.7,46.4,52.2,31824591
NCLIND,20191009,94,96.75,92.55,95.75,67643
NDGL,20191009,587.85,589,587.85,588.2,12
NDL,20191009,35.5,35.5,31.25,31.85,26028
NDTV,20191009,32.9,32.9,30.8,31.25,3879
NECCLTD,20191009,5.1,5.2,5,5.05,23748
NECLIFE,20191009,12.2,12.45,11.7,12.05,99121
NELCAST,20191009,37,37.4,35.55,36.8,25189
NELCO,20191009,227.9,241.9,224,237.2,74559
NEOGEN,20191009,371.5,371.5,350.2,352.8,15861
NESCO,20191009,567,574.9,555.55,565.05,74134
NESTLEIND,20191009,13645,13910,13510.05,13858.3,93577
NETF,20191009,112.82,112.82,112.82,112.82,3
NETWORK18,20191009,20,20.45,19.75,20.2,178999
NEULANDLAB,20191009,474.85,478.95,463.05,468.25,6602
NEWGEN,20191009,270,271,265,267.35,5279
NEXTMEDIA,20191009,9.05,9.9,8.95,9.45,9423
NFL,20191009,24.5,24.8,24.25,24.65,459322
NH,20191009,237.95,244,234,235.15,14533
NHPC,20191009,22.9,23.15,22.4,22.65,2907537
NIACL,20191009,102.5,102.8,100.95,102.15,61869
NIBL,20191009,6.45,6.5,6,6.3,2240
NIFTYBEES,20191009,1183.01,1195.84,1170.06,1194.27,51865
NIITLTD,20191009,91.25,92.55,90.05,90.4,572172
NIITTECH,20191009,1381,1389.1,1360.15,1373.35,177260
NILAINFRA,20191009,4.05,4.05,3.8,4,137157
NILASPACES,20191009,1.05,1.15,1.05,1.05,40223
NILKAMAL,20191009,1190.25,1190.4,1168.7,1176.6,23588
NIPPOBATRY,20191009,479.6,503.3,455.15,461.3,444
NITCO,20191009,22.5,23,22.1,22.95,77323
NITESHEST,20191009,1.65,1.65,1.55,1.55,18892
NITINSPIN,20191009,48,49.55,47.05,49.1,20072
NKIND,20191009,34,34,34,34,1
NLCINDIA,20191009,54.15,54.5,53.4,53.8,1819649
NMDC,20191009,90,97.15,90,96.5,8411972
NOCIL,20191009,97.65,100.25,95,99.2,430439
NOIDATOLL,20191009,4.25,4.3,4.05,4.05,12967
NPBET,20191009,157.23,162.4,157.13,162.4,11740
NRAIL,20191009,239.95,239.95,221.35,224.75,12869
NRBBEARING,20191009,91.35,100.5,87.6,94.55,662145
NSIL,20191009,792.05,849,690,699.9,81693
NTL,20191009,0.35,0.35,0.3,0.3,1299
NTPC,20191009,116,118,115.4,117.25,8413122
NUCLEUS,20191009,323.45,323.45,314,316.15,3611
OAL,20191009,187,193.35,186.6,187.25,2650
OBEROIRLTY,20191009,482.8,504.45,467.25,500.15,559207
OCCL,20191009,1020.75,1020.8,985.2,994.6,3005
OFSS,20191009,3070,3120,3032,3099.85,9016
OIL,20191009,144,147.8,143.5,146.45,785126
OILCOUNTUB,20191009,6.7,7.1,6.15,6.5,7619
OISL,20191009,3.8,4.05,3.8,4,40696
OLECTRA,20191009,191.9,198.7,188.5,196.7,33462
OMAXAUTO,20191009,38.55,40.5,36.1,39.85,9715
OMAXE,20191009,191.5,191.5,189.55,189.7,341457
OMKARCHEM,20191009,5.55,5.8,5.3,5.35,28705
OMMETALS,20191009,18,19.25,18,19.1,28657
ONELIFECAP,20191009,5,5.25,5,5,2551
ONEPOINT,20191009,17.3,17.3,17.15,17.15,175
ONGC,20191009,126.45,127.15,123.95,125.85,15309757
ONMOBILE,20191009,33,33.1,31.65,32.15,31201
ONWARDTEC,20191009,63.05,64.4,61.85,62.85,4202
OPTIEMUS,20191009,35,35,33,33,58948
OPTOCIRCUI,20191009,3.8,4,3.7,3.85,320486
ORBTEXP,20191009,86,89.9,86,88,1931
ORICONENT,20191009,18.95,18.95,18.25,18.6,40794
ORIENTABRA,20191009,16.85,17.3,16.4,16.7,23912
ORIENTALTL,20191009,13.2,13.4,13.2,13.3,991
ORIENTBANK,20191009,56.1,56.6,53.2,54.45,1212661
ORIENTBELL,20191009,125.05,125.95,119,120.25,13043
ORIENTCEM,20191009,88,89,86.25,88.65,134355
ORIENTELEC,20191009,162,167,158.5,163.7,57341
ORIENTHOT,20191009,36.25,37.9,35.6,35.8,21213
ORIENTPPR,20191009,24.4,25.5,23.5,25.3,756119
ORIENTREF,20191009,209.85,211.3,208,210.35,18607
ORISSAMINE,20191009,877.6,887.75,851,855.85,9167
ORTINLABSS,20191009,10.75,10.75,9.25,9.7,2233
OSWALAGRO,20191009,6.7,6.9,5.95,6.1,12503
PAGEIND,20191009,21019.1,21631.45,20888.5,21494.85,28640
PAISALO,20191009,419.95,421.95,415,417.6,33382
PALASHSECU,20191009,36.95,36.95,36.95,36.95,20
PALREDTEC,20191009,19.05,19.9,18.9,19.25,247
PANACEABIO,20191009,135,141,133.25,139.9,23019
PANAMAPET,20191009,70.35,73.2,70.35,72.7,6231
PAPERPROD,20191009,230,231.7,222.3,229.85,13873
PARABDRUGS,20191009,1.2,1.2,1.15,1.15,1404
PARACABLES,20191009,9.45,9.45,8.15,8.55,65890
PARAGMILK,20191009,155.15,155.15,150.15,151.85,94141
PARSVNATH,20191009,2.55,2.55,2.4,2.45,74467
PATELENG,20191009,10,10.2,9.75,10,183563
PATINTLOG,20191009,22,22.55,21.7,22.1,4327
PATSPINLTD,20191009,6.3,6.3,5.35,6,1670
PCJEWELLER,20191009,32.2,32.6,30.85,31.55,4524664
PDMJEPAPER,20191009,15.9,16.45,15.9,15.95,164331
PDPL,20191009,2.5,2.5,2.5,2.5,1003
PDSMFL,20191009,322.05,323.85,320,320,2776
PEARLPOLY,20191009,7.95,7.95,7.95,7.95,4002
PEL,20191009,1470,1470,1328.8,1395,4435131
PENIND,20191009,25.9,25.95,25.35,25.55,40238
PENINLAND,20191009,3.5,3.65,3.35,3.55,160104
PERSISTENT,20191009,580.5,582,554.45,574.45,47020
PETRONENGG,20191009,7.25,7.25,7.25,7.25,349
PETRONET,20191009,256.65,259.35,255.1,257.55,4262340
PFC,20191009,94.65,95.95,92.9,94.6,9440072
PFIZER,20191009,3156.3,3188.9,3133.05,3148.15,6751
PFOCUS,20191009,45,45,42,42.35,11238
PFS,20191009,12.25,12.35,11.95,12.25,463221
PGEL,20191009,43.95,45.75,42.8,44.35,22328
PGHH,20191009,11400,11458,11250,11363,3429
PGHL,20191009,4404.95,4507.7,4361.15,4447,16828
PGIL,20191009,165,171.25,163,168.95,5280
PHILIPCARB,20191009,111.05,113,108.05,111.45,602646
PHOENIXLTD,20191009,716.5,718,703,713.95,46457
PIDILITIND,20191009,1371.8,1376,1334,1336.55,1136102
PIIND,20191009,1280,1316,1280,1308.3,145780
PILANIINVS,20191009,1969,1969,1880.05,1914.1,2423
PILITA,20191009,4.85,4.95,4.35,4.9,30070
PIONDIST,20191009,140,140,136,138.35,7759
PIONEEREMB,20191009,21.3,21.85,20.2,21.75,4880
PIRPHYTO,20191009,20,21,19,19,61308
PITTIENG,20191009,39.55,40,38.4,39.05,13417
PKTEA,20191009,118.05,125,118,123,331
PLASTIBLEN,20191009,172,184,170.5,174.65,6005
PNB,20191009,57.25,58.8,56.4,58.45,26996456
PNBGILTS,20191009,30.5,31.25,30.2,30.4,97848
PNBHOUSING,20191009,553,554.8,540,548.05,71400
PNC,20191009,14.85,14.85,13.35,13.55,2304
PNCINFRA,20191009,177.8,178.5,170.3,172.2,39457
PODDARHOUS,20191009,400,400,380,381,1454
PODDARMENT,20191009,160.2,169.35,160,162.55,2499
POKARNA,20191009,142.25,163.45,142.25,153.55,160204
POLYCAB,20191009,674.5,675.9,665.55,667.2,34764
POLYMED,20191009,206.05,212,204.25,209.4,3761
POLYPLEX,20191009,420.55,434,420,431.6,67578
PONNIERODE,20191009,111.95,111.95,109,111.5,403
POWERGRID,20191009,197.5,198.9,195.4,197.7,4783649
POWERMECH,20191009,660,687.95,625,673.25,23810
PPAP,20191009,186.4,196.25,185,194.2,14239
PPL,20191009,68.05,69.95,67,68,20394
PRABHAT,20191009,78.55,78.95,77.4,78.4,34347
PRAENG,20191009,6.15,6.15,6.05,6.05,1952
PRAJIND,20191009,103.05,106.4,101.7,104.65,814302
PRAKASH,20191009,41.8,42.65,40.5,42,199293
PRAKASHSTL,20191009,0.15,0.25,0.15,0.25,13856
PRAXIS,20191009,60.1,65.75,60.1,64.5,281
PRECAM,20191009,25.35,25.35,23.65,24.65,36467
PRECOT,20191009,26.2,26.3,24.6,26.1,1647
PRECWIRE,20191009,153,154,148,148.4,11330
PREMEXPLN,20191009,167.85,171.9,163.05,171.2,7785
PREMIERPOL,20191009,20.9,20.9,18.2,18.75,496
PRESSMN,20191009,20.3,21.85,20,21.65,53301
PRESTIGE,20191009,271.85,282.55,271.75,278.75,115811
PRICOLLTD,20191009,33.5,33.5,32,32.85,42387
PRIMESECU,20191009,33.45,34.4,32.25,33.65,16835
PROSEED,20191009,0.35,0.35,0.35,0.35,923
PROVOGE,20191009,0.55,0.55,0.5,0.55,97257
PROZONINTU,20191009,16.6,16.6,13.9,14.55,39794
PRSMJOHNSN,20191009,76.5,79.95,76,78.35,87691
PSB,20191009,17.65,17.9,17.3,17.65,33469
PSL,20191009,0.65,0.7,0.6,0.65,27676
PSPPROJECT,20191009,552.7,558,542.8,549.9,27667
PSUBNKBEES,20191009,235.05,247.2,233.85,244.24,1838
PTC,20191009,53.7,55.65,53.25,55.3,1085056
PTL,20191009,36.35,36.35,35.3,35.85,2129
PUNJABCHEM,20191009,521.9,525,503.1,511.75,8441
PURVA,20191009,59.85,60.45,58,59.6,45901
PVR,20191009,1790.1,1816,1782.55,1800.45,268262
QGOLDHALF,20191009,1675.15,1687,1675.15,1679.05,1568
QNIFTY,20191009,1140,1151,1139,1151,114
QUESS,20191009,468.55,473.55,459.45,470.05,293511
QUICKHEAL,20191009,116.4,121.35,113,118,109859
QUINTEGRA,20191009,0.6,0.6,0.6,0.6,2101
RADAAN,20191009,1.3,1.4,1.25,1.25,14727
RADICO,20191009,297,297.9,292.1,293.5,170144
RADIOCITY,20191009,37,37.9,36,36.55,126176
RAIN,20191009,84.7,88,82.8,86.75,720309
RAJESHEXPO,20191009,671.45,676.25,670.1,672.95,253412
RAJSREESUG,20191009,16,17,16,16.55,6947
RAJTV,20191009,40,45.05,40,43.1,3228
RALLIS,20191009,163.9,168.6,163.15,168.1,62130
RAMANEWS,20191009,15.4,15.4,14.7,14.85,12530
RAMASTEEL,20191009,55.15,56.75,55.1,55.35,10980
RAMCOCEM,20191009,702.9,710,695.65,705.8,446568
RAMCOIND,20191009,176.25,181,176.15,177.85,34642
RAMCOSYS,20191009,159.95,162,158.55,160.7,4664
RAMKY,20191009,42,43.9,39.25,40.05,100874
RANASUG,20191009,2.1,2.3,2.1,2.2,202903
RANEENGINE,20191009,243.9,255.6,225.8,233.1,7876
RANEHOLDIN,20191009,870.05,910.4,868,898.3,314
RATNAMANI,20191009,932.8,934.8,918,925,13156
RAYMOND,20191009,549.9,613.45,549.9,602.6,2677675
RBL,20191009,503,517.5,491.3,503.6,12481
RBLBANK,20191009,304.55,312,280.8,309.6,20701883
RCF,20191009,44.25,45.9,43.4,44.9,849768
RCOM,20191009,0.75,0.8,0.7,0.8,8504628
RECLTD,20191009,122.8,125.85,119.45,124.95,6408847
REDINGTON,20191009,109.5,112.95,108.3,110.3,166588
REFEX,20191009,56.85,58.55,53.5,58.55,152647
REGENCERAM,20191009,1.65,1.65,1.65,1.65,150
RELAXO,20191009,493.4,496.95,489,491.25,72159
RELCAPITAL,20191009,22.55,22.7,20,21.05,5655257
RELCNX100,20191009,116.2,117.69,115.09,117.69,320
RELCONS,20191009,51.17,52,51.02,51.8,2004
RELDIVOPP,20191009,28.85,29,28.73,28.73,801
RELIANCE,20191009,1308.7,1329.95,1292.5,1324.75,8040938
RELIGARE,20191009,45.5,46.4,45,46.4,202733
RELINFRA,20191009,25.85,25.9,24,24.35,3488577
RELNV20,20191009,557.78,559.5,552.8,558.24,190
REMSONSIND,20191009,85.3,85.75,84,84.85,6114
RENUKA,20191009,6.75,7,6.75,6.8,331700
REPCOHOME,20191009,297.6,304,293.5,302.6,36717
REPRO,20191009,554,564.9,546.05,559.25,1324
RESPONIND,20191009,86,97.85,86,89.75,204824
RETFMID150,20191009,57.33,58.5,57.15,58.49,61991
REVATHI,20191009,346.45,355,346.45,351.85,247
RGL,20191009,254,258,226,234.4,4664
RHFL,20191009,3.1,3.4,3.1,3.4,887223
RICOAUTO,20191009,38.95,39.9,38.25,39.6,161805
RIIL,20191009,239.9,245.5,235.7,242.6,225394
RITES,20191009,262.65,263.9,259.55,261.25,201368
RKDL,20191009,6.8,6.8,6.25,6.6,2859
RKFORGE,20191009,280,283.55,268.55,271.35,12850
RMCL,20191009,4,4.1,4,4.1,24250
RML,20191009,264.75,264.75,255.65,260.8,2924
RNAM,20191009,279.6,281.7,270.05,273.1,1143786
RNAVAL,20191009,1.9,1.9,1.85,1.9,480259
ROHITFERRO,20191009,0.75,0.85,0.75,0.75,6229
ROHLTD,20191009,80.05,80.25,77.4,78.1,26139
ROLLT,20191009,2.05,2.15,2.05,2.15,6075
ROLTA,20191009,4.8,4.85,4.65,4.7,86619
ROSSELLIND,20191009,61.7,61.7,56.65,60.2,19680
RPGLIFE,20191009,182.1,184.7,176.4,183.25,18590
RPOWER,20191009,2.4,2.45,2.3,2.3,12180708
RPPINFRA,20191009,94.95,96.9,94.05,95.1,49633
RRSLGETF,20191009,20.12,20.12,19.99,20.07,5682
RSSOFTWARE,20191009,17.85,18,17.15,17.35,22437
RSWM,20191009,100.1,102,98.25,100.55,13191
RSYSTEMS,20191009,39.05,40.5,38.45,40.25,2589
RTNINFRA,20191009,1.65,1.65,1.6,1.6,36494
RTNPOWER,20191009,1.35,1.45,1.35,1.35,366947
RUBYMILLS,20191009,179.05,179.05,178.6,178.6,634
RUCHINFRA,20191009,2,2.1,2,2,4684
RUCHIRA,20191009,88,88,82.2,86.3,67006
RUCHISOYA,20191009,3.85,3.85,3.8,3.85,461858
RUPA,20191009,163.7,171.8,163.45,169.35,12735
RUSHIL,20191009,134.7,134.7,126.3,129,16415
RVNL,20191009,23,23.2,22.55,22.95,1995107
SABTN,20191009,2,2,2,2,3867
SADBHAV,20191009,130.45,134,125.1,129,159309
SADBHIN,20191009,46,46,40,41.9,29273
SAFARI,20191009,594,600,572.35,590.15,942
SAGARDEEP,20191009,45.1,48.5,44.6,47.85,14813
SAGCEM,20191009,582,582,566,574,1504
SAIL,20191009,31.8,32.9,31.5,32.65,28747660
SAKAR,20191009,49.25,49.25,46.5,48.8,27053
SAKHTISUG,20191009,7.85,7.95,7.1,7.75,26471
SAKSOFT,20191009,244,244.6,241.1,242.15,1918
SAKUMA,20191009,8.7,8.9,8.25,8.25,82797
SALASAR,20191009,110.2,110.2,100.85,103.85,19810
SALONA,20191009,71,71.05,69,71,89
SALSTEEL,20191009,2.9,3,2.8,2.9,13956
SALZERELEC,20191009,123.45,123.55,119,119.8,5919
SAMBHAAV,20191009,2.6,2.85,2.15,2.75,114594
SANCO,20191009,15.4,17.5,15.4,17.05,14539
SANDESH,20191009,570.65,582.5,564.95,575,458
SANDHAR,20191009,227.5,236.8,227.5,236,22402
SANGAMIND,20191009,37.95,38.9,35.25,37.8,9378
SANGHIIND,20191009,49.95,49.95,48,48.75,31086
SANGHVIFOR,20191009,32.5,32.95,31.25,32.15,2743
SANGHVIMOV,20191009,79.95,81.3,73.6,78.25,52886
SANGINITA,20191009,118.55,125.6,111.45,116.4,35172
SANOFI,20191009,5780,5864.4,5760,5767.1,14656
SANWARIA,20191009,1.8,1.85,1.8,1.8,1021321
SARDAEN,20191009,147.25,148.75,145,147.05,13042
SAREGAMA,20191009,340,353,338.05,351.3,4159
SARLAPOLY,20191009,21.05,22.5,21.05,22.45,54315
SASKEN,20191009,582.05,606,580.05,587.2,7451
SASTASUNDR,20191009,99.5,99.5,91.4,92.75,1608
SATHAISPAT,20191009,5,5,5,5,1620
SATIA,20191009,725,739.9,705,710.9,2924
SATIN,20191009,284,288,275.3,277.95,26940
SBIETFQLTY,20191009,95,97.9,95,96.13,1885
SBILIFE,20191009,826,843.9,826,837.25,506576
SBIN,20191009,250.1,262,244.35,260.95,60328507
SCAPDVR,20191009,0.45,0.5,0.45,0.45,4465
SCHAEFFLER,20191009,4140,4159.9,4102,4117.05,1272
SCHAND,20191009,61.2,62.7,60,60.35,16752
SCHNEIDER,20191009,71.3,72.95,69.3,69.9,82142
SCI,20191009,39.15,43,38.15,42.2,5856817
SDBL,20191009,118,121.7,116.25,120.65,9603
SEAMECLTD,20191009,380,380,355,357.65,31583
SELAN,20191009,131.75,137,130.85,132.8,9895
SELMCL,20191009,0.5,0.6,0.5,0.55,17497
SEPOWER,20191009,2.2,2.6,2.2,2.6,1801
SEQUENT,20191009,71.5,73.45,69.05,69.5,540730
SESHAPAPER,20191009,179.75,182.9,168.3,180.7,11955
SETCO,20191009,14.65,15.2,14.25,15.05,48416
SETFGOLD,20191009,3452,3458,3411.1,3420.65,3619
SETFNIF50,20191009,115.5,116.67,114.25,116.51,145521
SETFNIFBK,20191009,276.1,291.1,270,289.97,39753
SETFNN50,20191009,265.3,276.1,240.9,273.21,4481
SETUINFRA,20191009,1.7,1.7,1.7,1.7,21938
SEYAIND,20191009,382.95,383,375,376.6,12447
SFL,20191009,1245.5,1259.15,1233.3,1246,1354
SGL,20191009,7.85,8,7.05,7.85,2044
SHAHALLOYS,20191009,8.6,9.3,8.6,8.7,5112
SHAKTIPUMP,20191009,262,272,258.4,266.2,15444
SHALBY,20191009,86,87.25,83.1,83.85,13146
SHALPAINTS,20191009,80.25,82,79,81.25,91855
SHANKARA,20191009,278,294.3,266.3,281.6,138374
SHANTIGEAR,20191009,98.7,98.7,92.25,93.5,12948
SHARDACROP,20191009,284.1,285.05,275,277.6,2790
SHARDAMOTR,20191009,910,912.5,855,866.9,1930
SHARIABEES,20191009,250.7,251.96,250.5,251.2,213
SHEMAROO,20191009,248,257.9,244,254.3,7200
SHILPAMED,20191009,275,275,259.95,264.4,6015
SHIRPUR-G,20191009,10,10.5,9.55,10,60263
SHIVAMAUTO,20191009,20.85,21.4,20.25,20.9,42641
SHIVAMILLS,20191009,34,34,30,30.1,1884
SHIVATEX,20191009,101.5,109,101.5,104.2,548
SHK,20191009,128.5,133,127,127.95,14446
SHOPERSTOP,20191009,417.1,417.9,411.4,414.35,4908
SHREDIGCEM,20191009,16.7,16.85,16.15,16.6,35642
SHREECEM,20191009,17937.7,18539.35,17733.3,18482.75,29201
SHREEPUSHK,20191009,96.1,97.9,95.1,96.65,15152
SHREERAMA,20191009,3.9,3.9,3.7,3.7,7595
SHRENIK,20191009,41.65,41.7,39.1,41.4,33905
SHREYANIND,20191009,124.85,127,116.85,124.25,25491
SHREYAS,20191009,72.7,80.15,72.55,78.15,25281
SHRIRAMCIT,20191009,1324.3,1342.95,1319.95,1322.95,1952
SHRIRAMEPC,20191009,10.5,10.5,8.2,8.2,492223
SHYAMCENT,20191009,2.3,2.45,2.25,2.35,10816
SHYAMTEL,20191009,5.6,5.6,5.6,5.6,2600
SICAGEN,20191009,17,17.2,15.8,15.9,12574
SICAL,20191009,27.95,28,26.25,26.5,32804
SIEMENS,20191009,1521.4,1595,1515.5,1588.2,1060171
SIGIND,20191009,21.9,21.95,20.6,21.4,27245
SIL,20191009,11.9,11.9,11.9,11.9,528
SILINV,20191009,146.75,152.05,145.5,147.45,777
SIMBHALS,20191009,6.5,7,6.5,6.95,20420
SIMPLEXINF,20191009,41.6,42.2,40.55,41.1,26836
SINTEX,20191009,1.6,1.6,1.6,1.6,318057
SIRCA,20191009,180.05,188.95,180.05,185.15,939
SIS,20191009,863.95,864,847,853.05,1577
SITINET,20191009,1.75,1.8,1.75,1.75,246792
SIYSIL,20191009,219.25,228.5,201.5,225.8,10678
SJVN,20191009,24,24.3,23.85,24.05,736606
SKFINDIA,20191009,2102.3,2164.9,2077.3,2085.75,15010
SKIL,20191009,4.4,4.6,4.4,4.4,8990
SKIPPER,20191009,52.35,52.35,48.5,50.45,12777
SKMEGGPROD,20191009,38.65,39.5,38.15,39.35,14266
SMARTLINK,20191009,75.9,75.9,71,72.25,2156
SMLISUZU,20191009,542.45,551.5,529.05,545,6576
SMSLIFE,20191009,300.3,302.95,293.35,299.3,6290
SMSPHARMA,20191009,41.6,41.9,41.05,41.45,8549
SNOWMAN,20191009,34.95,34.95,33.05,34.3,189235
SOBHA,20191009,433,459.9,433,456.65,196540
SOLARA,20191009,370,375,353,366.95,9985
SOLARINDS,20191009,1088.4,1100,1059.95,1090.9,8434
SOMANYCERA,20191009,180,183.5,174,177.9,211333
SOMATEX,20191009,3,3,2.8,2.8,1011
SOMICONVEY,20191009,13.65,13.65,11.1,12.2,5797
SONATSOFTW,20191009,295.1,300,285,293.05,217388
SORILINFRA,20191009,102.5,105,102.25,102.25,19288
SOTL,20191009,872.05,885,824,841.5,5476
SOUTHBANK,20191009,10.45,10.5,10.3,10.4,3054892
SOUTHWEST,20191009,12.75,13.85,12.7,13.85,2861
SPAL,20191009,208,209.75,203,207.95,7547
SPANDANA,20191009,944.75,974,912.5,965.45,108162
SPARC,20191009,116.05,117.85,113.4,114.35,649329
SPCENET,20191009,1.2,1.25,1.2,1.2,23327
SPECIALITY,20191009,68,68.5,66.05,66.8,24233
SPENCERS,20191009,68,70,66,68.85,28402
SPENTEX,20191009,0.4,0.45,0.4,0.4,3212
SPIC,20191009,18.55,18.9,18.15,18.25,231180
SPICEJET,20191009,119.25,120.2,115.15,117.25,922386
SPLIL,20191009,31.05,31.7,30.5,30.85,14153
SPMLINFRA,20191009,8.8,8.8,8.8,8.8,3557
SPTL,20191009,2.9,2.9,2.9,2.9,265875
SPYL,20191009,0.25,0.25,0.2,0.25,8315
SREEL,20191009,178.95,178.95,171,174.15,2425
SREINFRA,20191009,8.7,9,7.3,8.05,664424
SRF,20191009,2650.5,2760,2650.1,2748.7,212995
SRHHYPOLTD,20191009,100.6,105.5,99.7,100.2,1341
SRIPIPES,20191009,172,175,169.3,172.1,33055
SRTRANSFIN,20191009,1064,1140,1052,1123.55,1652542
SSWL,20191009,776,777.95,770,775.25,2268
STAMPEDE,20191009,0.65,0.75,0.65,0.7,78510
STAR,20191009,311,317,288,311.85,3256935
STARCEMENT,20191009,89.95,92,87,90.15,43009
STARPAPER,20191009,110.2,114.7,108.1,112.1,589394
STCINDIA,20191009,54.05,55.45,53.7,53.7,72764
STEELCITY,20191009,27.6,31.75,27.05,29.1,3888
STEELXIND,20191009,10.65,11,10.15,10.85,5785
STEL,20191009,71.95,71.95,67.65,68.5,3171
STERTOOLS,20191009,169.9,169.9,164.15,167.65,5966
STRTECH,20191009,141.7,144.35,136.15,142.5,955555
SUBEX,20191009,5.15,5.15,4.9,5.05,494482
SUBROS,20191009,241.6,244.05,233.75,239.8,32149
SUDARSCHEM,20191009,377.55,387,372.05,377.6,106941
SUJANAUNI,20191009,0.15,0.2,0.15,0.15,8058
SUMEETINDS,20191009,2,2.15,1.95,2,93735
SUMIT,20191009,18,20,18,19.1,35517
SUMMITSEC,20191009,469,476,461.1,461.2,483
SUNCLAYLTD,20191009,1823,1878.65,1800,1847.8,701
SUNDARAM,20191009,1.45,1.45,1.35,1.35,124074
SUNDARMFIN,20191009,1606.9,1618.75,1603,1606.5,5362
SUNDARMHLD,20191009,71.7,71.7,67.85,68.1,33757
SUNDRMBRAK,20191009,245.1,254.9,242.95,251.65,819
SUNDRMFAST,20191009,454.3,459.85,450.5,455.9,21542
SUNFLAG,20191009,26,26.9,26,26.3,67997
SUNPHARMA,20191009,378,387.75,374.2,383.95,4991946
SUNTECK,20191009,399.75,404.95,390.35,402.5,135210
SUNTV,20191009,459,473.8,452.15,471.75,1400243
SUPERHOUSE,20191009,82.25,87,80.05,85.6,11972
SUPERSPIN,20191009,3.7,4.1,3.7,4.1,92918
SUPPETRO,20191009,171.1,172.6,169.75,171.75,1758
SUPRAJIT,20191009,181.65,184.9,177.1,182.25,15995
SUPREMEIND,20191009,1193.4,1216,1191.55,1210.45,36928
SURANASOL,20191009,6,6,5.25,5.6,8799
SURANAT&P,20191009,3.25,3.75,3.25,3.7,2806
SURYALAXMI,20191009,18.05,18.4,16.75,17.7,1838
SURYAROSNI,20191009,164.8,171.95,162,170.6,49046
SUTLEJTEX,20191009,27.5,27.75,27.25,27.35,8136
SUVEN,20191009,261.85,267.2,259.5,261.45,121255
SUZLON,20191009,2.45,2.45,2.25,2.4,8205317
SWANENERGY,20191009,106.65,106.95,103.8,106,85085
SWARAJENG,20191009,1164,1179.9,1145,1174.05,1123
SWELECTES,20191009,114,114.9,111,111.6,4959
SWSOLAR,20191009,600,600,592.5,593.9,28394
SYMPHONY,20191009,1284.95,1315,1273,1292.25,9480
SYNCOM,20191009,0.9,0.95,0.85,0.9,11131
SYNDIBANK,20191009,25.55,25.8,25.2,25.6,894504
SYNGENE,20191009,309.5,309.5,304.05,305,144689
TAINWALCHM,20191009,49.1,51.9,47.1,47.2,1272
TAJGVK,20191009,160.4,167.7,160.4,164.45,9773
TAKE,20191009,102.9,102.9,98.65,101,82910
TALBROAUTO,20191009,111,114,110.15,111.6,10685
TALWALKARS,20191009,2.85,2.85,2.85,2.85,11826
TALWGYM,20191009,4.55,4.55,4.55,4.55,2261
TANLA,20191009,48.65,48.95,44.8,46.3,250183
TANTIACONS,20191009,1.5,1.5,1.5,1.5,50
TARAPUR,20191009,5.55,5.55,5.55,5.55,1
TARMAT,20191009,25.5,27.25,25.5,26,111
TASTYBITE,20191009,9845,10250,9779.95,10049,3860
TATACHEM,20191009,578.8,591,576,588.35,226550
TATACOFFEE,20191009,72.85,73.3,71.6,73,187687
TATACOMM,20191009,363.45,370,356,362.95,92813
TATAELXSI,20191009,682.7,682.7,621,637.75,2843285
TATAGLOBAL,20191009,266.1,271.65,264.25,269.95,2022400
TATAINVEST,20191009,798.55,803.1,779.25,789.9,11846
TATAMETALI,20191009,518,534.7,508,517.6,22248
TATAMOTORS,20191009,118.5,121.7,115.45,120.9,44666296
TATAMTRDVR,20191009,52.25,53.85,51,53.5,5661134
TATAPOWER,20191009,58.5,61.75,58.05,61.45,12749464
TATASTEEL,20191009,323.35,338,320.35,336.45,14776741
TATASTLBSL,20191009,20.8,21.4,20.25,21.25,522936
TATASTLLP,20191009,366.05,378.35,364.2,376.65,30291
TBZ,20191009,41.05,41.65,40.3,41.4,29140
TCI,20191009,277,279.2,273,277.75,10612
TCIDEVELOP,20191009,332,361.7,318.1,347.5,612
TCIEXP,20191009,692.85,697.45,680.5,690,13755
TCIFINANCE,20191009,9.8,10.3,9.3,9.85,10257
TCNSBRANDS,20191009,716.6,747.3,710,737.45,3668
TCPLPACK,20191009,298,298,270.05,273.55,2270
TCS,20191009,2060,2060,2015.5,2020.1,2066920
TDPOWERSYS,20191009,149.9,150,143,146.3,24179
TEAMLEASE,20191009,2985,3048.8,2965.2,3013.5,15377
TECHM,20191009,702.8,713.9,701.85,711.05,1115851
TECHNOE,20191009,269,272.85,259,269.15,7110
TECHNOFAB,20191009,28.45,28.45,28.45,28.45,1644
TEJASNET,20191009,84.5,84.5,79.55,80.65,64781
TERASOFT,20191009,23,23.45,22.6,23.4,5614
TEXINFRA,20191009,41,41.4,40.1,40.75,28773
TEXMOPIPES,20191009,15.6,16,15.35,15.8,25572
TEXRAIL,20191009,46.25,46.35,43.55,44.2,106401
TFCILTD,20191009,84.25,84.25,78.5,80,100888
TFL,20191009,3.9,4.3,3.65,3.7,3133
TGBHOTELS,20191009,3.5,3.8,3.5,3.75,8744
THANGAMAYL,20191009,334.05,340,326.55,337.7,4482
THEINVEST,20191009,110.8,113,104,110.5,11473
THEMISMED,20191009,233.35,233.95,229.1,233.45,2650
THERMAX,20191009,1103.05,1148.9,1085,1140.5,13790
THOMASCOOK,20191009,141.45,144.5,139,144.05,91523
THOMASCOTT,20191009,5.25,5.25,5.25,5.25,1
THYROCARE,20191009,500.4,502.95,488.05,500.45,17436
TI,20191009,13.4,13.4,12.7,12.85,25364
TIDEWATER,20191009,4587.5,4599.85,4525.3,4572.8,357
TIIL,20191009,351.4,352.95,315,330.4,4357
TIINDIA,20191009,383.1,384.95,371,374,18232
TIJARIA,20191009,9.4,9.45,8.6,8.95,8277
TIL,20191009,190,194.9,181.15,192.3,1894
TIMESGTY,20191009,30.15,31.5,30.15,31.5,240
TIMETECHNO,20191009,56.5,57.8,56,56.4,215996
TIMKEN,20191009,788,800,759,784.35,35876
TINPLATE,20191009,106.4,109.4,103.7,107.55,402997
TIPSINDLTD,20191009,72,73,70.2,71.7,3351
TIRUMALCHM,20191009,61,63.8,59.05,62.8,258798
TITAN,20191009,1200,1236.25,1177.05,1230.3,8327469
TMRVL,20191009,11.6,12.7,11.6,12.3,8712
TNPETRO,20191009,34.95,35.3,34,35,40675
TNPL,20191009,187,189,176.5,181.9,92057
TOKYOPLAST,20191009,54.9,54.9,53,53.25,2847
TORNTPHARM,20191009,1608.3,1671,1608.3,1666.2,110485
TORNTPOWER,20191009,275.3,284.6,275.3,282.85,931390
TPLPLASTEH,20191009,117,117,111,112.9,924
TREEHOUSE,20191009,5.9,6.2,5.7,6.05,107548
TREJHARA,20191009,13.1,14,13.05,13.5,7553
TRENT,20191009,489.5,506.8,480.2,504.1,122255
TRF,20191009,88.2,92.8,87,91.55,16413
TRIDENT,20191009,56.4,56.9,55,55.55,356188
TRIGYN,20191009,45.45,45.45,43,43.9,54710
TRIL,20191009,7.15,7.35,6.75,6.9,98631
TRITURBINE,20191009,100.05,101.75,99.6,100.5,1683969
TRIVENI,20191009,63.95,64.3,62.4,63.35,248125
TTKHLTCARE,20191009,453.45,458.85,431,448.35,2604
TTKPRESTIG,20191009,6198.8,6198.8,6050.05,6092.25,2502
TTL,20191009,38.05,38.05,36.55,36.55,95
TTML,20191009,2.8,2.85,2.65,2.7,405566
TV18BRDCST,20191009,22.55,23,22.35,22.55,1174365
TVSELECT,20191009,114.4,118.95,114.4,116.15,9195
TVSMOTOR,20191009,395,400.7,388.25,396.95,1916445
TVSSRICHAK,20191009,1760.05,1789.7,1720,1759,1697
TVTODAY,20191009,304.3,313,296.5,312.1,19053
TWL,20191009,41.5,42.45,40.85,41.8,376065
UBL,20191009,1254.15,1300,1246,1281.55,484426
UCALFUEL,20191009,113.5,117.7,112.5,116.2,11700
UCOBANK,20191009,12.4,13,12.3,12.45,838923
UFLEX,20191009,206.4,208.75,203.9,206.45,36110
UFO,20191009,144.7,148.95,142.3,145.35,17931
UGARSUGAR,20191009,12.25,12.6,12.2,12.3,22024
UJAAS,20191009,3.15,3.3,3.05,3.2,88572
UJJIVAN,20191009,298,305.85,292,304.45,1936414
ULTRACEMCO,20191009,3868,4061,3868,4043.55,802345
UMANGDAIRY,20191009,36.9,36.9,32.95,33.9,22905
UNICHEMLAB,20191009,179.4,179.4,177.6,178.35,6794
UNIENTER,20191009,70.95,71,67.8,68.45,4849
UNIONBANK,20191009,49.6,51.6,48.25,51.15,11764776
UNIPLY,20191009,48,50.6,43.6,45.25,115870
UNITECH,20191009,0.45,0.45,0.4,0.45,3454871
UNITEDBNK,20191009,7.85,7.9,7.5,7.65,530787
UNITEDTEA,20191009,249.05,269.5,249.05,265.25,503
UNIVCABLES,20191009,141.95,147.9,137.25,144.45,30376
UPL,20191009,581,584.6,573.75,581.7,1743937
URJA,20191009,1.75,1.75,1.75,1.75,342409
USHAMART,20191009,25.8,26.9,25.8,25.95,501656
UTINEXT50,20191009,273.88,279.69,266.1,271.35,369
UTINIFTETF,20191009,1197,1220,1177.1,1200.11,4237
UTISENSETF,20191009,400,408.5,397,399,549
UTISXN50,20191009,309,309,297,303,2
UTTAMSTL,20191009,6.5,6.85,6.15,6.25,110423
UTTAMSUGAR,20191009,96.7,96.7,90.95,93.85,82113
UVSL,20191009,0.05,0.1,0.05,0.05,3453318
V2RETAIL,20191009,139.25,142.7,134.15,137.05,68411
VADILALIND,20191009,808,820,787,791.2,27190
VAIBHAVGBL,20191009,805.95,830.85,805.95,814.4,1467
VAKRANGEE,20191009,29.35,29.35,25.6,26.05,7394121
VARDHACRLC,20191009,36.45,36.65,35.15,36.05,8785
VARDMNPOLY,20191009,2.35,2.5,2.35,2.5,746
VARROC,20191009,447.75,449.7,435,444.15,7381
VASCONEQ,20191009,12.5,12.85,11.5,12.35,197917
VASWANI,20191009,5.6,5.75,4.8,5.15,14588
VBL,20191009,610,622,604.1,618.35,70263
VEDL,20191009,142,146.5,141.15,145.7,6695090
VENKEYS,20191009,1605.05,1676.2,1605.05,1643.85,267117
VENUSREM,20191009,20.8,21.45,19.9,20,16338
VESUVIUS,20191009,971.5,1002.95,962.1,992.2,1845
VETO,20191009,47.15,49.45,46.15,48.05,3973
VGUARD,20191009,225,226.8,223.85,226.05,72805
VHL,20191009,1510.05,1514,1462.25,1475.65,344
VICEROY,20191009,1.35,1.35,1.3,1.3,8882
VIDHIING,20191009,61.65,61.65,58.1,59.25,14214
VIJIFIN,20191009,0.45,0.5,0.4,0.45,161121
VIKASECO,20191009,3.4,3.8,3.15,3.55,1396601
VIKASMCORP,20191009,3.7,3.95,3.7,3.95,245698
VIKASPROP,20191009,3.35,3.35,3.35,3.35,9036
VIKASWSP,20191009,10.3,10.55,10.1,10.2,80969
VIMTALABS,20191009,107.6,111.65,104.4,109.3,12259
VINATIORGA,20191009,2149,2189,2139.3,2167.65,19753
VINDHYATEL,20191009,976.65,986.6,930.05,936.75,5183
VINYLINDIA,20191009,61.9,62.7,60.35,61.05,8759
VIPCLOTHNG,20191009,6.65,7.25,6.4,6.5,248989
VIPIND,20191009,453.75,459,450.1,453.5,115923
VIPULLTD,20191009,30.45,32,28.85,31.2,145212
VISAKAIND,20191009,291.95,291.95,283,286.05,8982
VISASTEEL,20191009,4.3,4.5,4.2,4.35,6878
VISESHINFO,20191009,0.05,0.1,0.05,0.05,701800
VISHAL,20191009,339,339.45,335,338.6,22423
VISHNU,20191009,127.55,127.55,118.15,120,790
VIVIDHA,20191009,0.25,0.25,0.15,0.2,104557
VIVIMEDLAB,20191009,13.9,14.6,13.25,14.35,161918
VLSFINANCE,20191009,52,52,49.05,50.15,27266
VMART,20191009,1928.7,1969.45,1915,1928.65,11177
VOLTAMP,20191009,1165,1165,1120,1156,4487
VOLTAS,20191009,663,685,657.8,681.6,823317
VRLLOG,20191009,262.65,264.85,260.3,261.9,30615
VSSL,20191009,68.7,68.75,67.05,67.8,614
VSTIND,20191009,3667.65,3741.9,3659.35,3719.85,1175
VSTTILLERS,20191009,1245.5,1268.95,1215.05,1250.05,16485
VTL,20191009,910.2,919.8,901,911.95,4945
WABAG,20191009,253.9,255.9,246,247.35,117160
WABCOINDIA,20191009,6151.8,6197.5,6126.5,6165.9,1952
WALCHANNAG,20191009,60.2,63.2,60.2,61.05,373125
WANBURY,20191009,11.6,11.6,11.25,11.6,751
WATERBASE,20191009,98.95,100.05,96.35,96.75,48650
WEBELSOLAR,20191009,20.3,20.8,19.9,20.45,26957
WEIZFOREX,20191009,275,287,265.25,277.9,905
WEIZMANIND,20191009,23,24.3,23,23.5,305
WELCORP,20191009,123,126.8,120.85,126.1,216089
WELENT,20191009,94.85,98.25,94.5,95.45,288591
WELINV,20191009,150.55,154.95,150.55,151.75,130
WELSPUNIND,20191009,50.5,51,49.1,50,528786
WENDT,20191009,2480,2621,2480,2595.9,940
WESTLIFE,20191009,311.5,324,311.1,317.3,137131
WHEELS,20191009,605.05,620,595,612.95,1524
WHIRLPOOL,20191009,2004.2,2073.7,1997,2056.7,153020
WILLAMAGOR,20191009,14.7,14.7,14.25,14.6,157
WINDMACHIN,20191009,20.2,20.8,19.05,19.3,19437
WINSOME,20191009,0.1,0.1,0.1,0.1,1
WIPL,20191009,71,71,70.9,70.9,46
WIPRO,20191009,239.25,239.6,236.4,237.75,2278138
WOCKPHARMA,20191009,238.9,243.65,230.15,238.05,675333
WONDERLA,20191009,279,279,267.75,268.7,5896
WSI,20191009,0.8,0.8,0.75,0.8,20319
WSTCSTPAPR,20191009,238.1,245.95,234,244.3,156609
XCHANGING,20191009,54.9,54.9,52.6,54.45,6569
XELPMOC,20191009,69.7,69.7,65.25,67.05,1292
XLENERGY,20191009,0.45,0.45,0.45,0.45,1473
XPROINDIA,20191009,27,27,22.8,24.75,3414
YESBANK,20191009,45.45,45.45,41.05,43.25,343533101
ZEEL,20191009,250,258,240.7,245.95,25509295
ZEELEARN,20191009,19,19,17.5,17.8,124548
ZEEMEDIA,20191009,8.5,8.5,7.35,7.45,2349125
ZENITHBIR,20191009,0.45,0.5,0.45,0.45,12033
ZENITHEXPO,20191009,43,43.1,38.85,39.2,915
ZENSARTECH,20191009,205,208.25,202.3,203.6,22181
ZENTEC,20191009,64.15,66.25,62.6,65.7,45612
ZICOM,20191009,1.05,1.05,0.95,1,3449
ZODIACLOTH,20191009,192.05,202.8,181.1,200.05,1009
ZODJRDMKJ,20191009,33.3,34.3,30.4,32.4,479
ZOTA,20191009,190,190,186,187.15,20367
ZUARI,20191009,86.2,87.75,82.95,86.1,44714
ZUARIGLOB,20191009,60,60,57,58,6414
ZYDUSWELL,20191009,1545,1586.35,1533.15,1555.6,9015
NSENIFTY,20191009,11152.95,11321.60,11090.15,11313.30,741148639,0
NIFTYJUNIOR,20191009,26320.90,26681.25,26169.05,26660.30,458080560,0
NIFTYMIDCAPLIQ15,20191009,3617.70,3678.90,3583.55,3672.00,54892747,0
NSE100,20191009,11263.80,11431.40,11200.95,11423.65,1204890333,0
NIFTY200,20191009,5736.65,5820.30,5704.10,5816.65,1542091988,0
NSE500,20191009,9059.10,9183.30,9008.85,9177.95,1756332102,0
NSEMIDCAP150,20191009,5755.20,5815.95,5723.00,5813.65,346231013,0
MIDCAP50,20191009,4225.80,4312.15,4189.60,4306.50,296564344,0
NSEMIDCAP,20191009,15538.50,15734.65,15433.10,15722.55,337201655,0
NIFTYSMALLCAP250,20191009,-,-,-,4515.85,-,0
NIFTYSMALLCAP50,20191009,-,-,-,2595.50,-,0
NSESMLCAP100,20191009,5364.15,5400.85,5325.55,5396.15,-,0
NIFTYLARGEMIDCAP250,20191009,-,-,-,5593.61,1551121346,0
NIFTYMIDSMALLCAP400,20191009,-,-,-,5349.55,-,0
NIFTYAUTO,20191009,7363.90,7473.30,7331.65,7460.75,115383248,0
BANKNIFTY,20191009,27901.65,28857.70,27702.05,28785.85,574832720,0
NIFTYFINSERVICE,20191009,12652.00,12992.40,12589.95,12970.45,181015895,0
NIFTYFMGC,20191009,30249.55,30370.95,30022.80,30269.15,34618805,0
NSEIT,20191009,15305.10,15317.15,15051.35,15128.75,21599827,0
NIFTYMEDIA,20191009,1723.65,1745.40,1699.35,1734.70,66773060,0
NIFTYMETAL,20191009,2262.80,2325.65,2252.35,2317.70,134386007,0
NIFTYPHARMA,20191009,7154.70,7256.10,7047.10,7235.60,40573165,0
NIFTYPVTBANK,20191009,15626.70,16148.85,15528.60,16095.00,458149383,0
NIFTYPSUBANK,20191009,2147.35,2227.30,2113.05,2217.00,154785303,0
NIFTYREALTY,20191009,245.95,251.45,243.45,250.25,19281951,0
NIFTYCOMMODITIES,20191009,3161.30,3219.85,3146.45,3213.35,224579945,0
NIFTYCONSUMPTION,20191009,4815.15,4870.45,4791.25,4867.70,106365790,0
NIFTYCPSE,20191009,1900.75,1922.35,1889.90,1908.20,82239308,0
NIFTYENERGY,20191009,15326.45,15492.75,15228.55,15469.95,90826407,0
NIFTY100ESG,20191009,-,-,-,2099.86,1062123064,0
NIFTY100ENHESG,20191009,-,-,-,2131.59,1020372918,0
NIFTYINFRA,20191009,3096.50,3156.10,3084.45,3151.45,193859951,0
NIFTYMNC,20191009,13035.70,13274.10,13019.35,13260.25,278363482,0
NIFTYPSE,20191009,3185.00,3221.35,3162.15,3207.70,188815514,0
NIFTYSMEEMERGE,20191009,-,-,-,1341.16,1022850,0
NIFTYSERVSECTOR,20191009,15720.65,15995.45,15599.75,15978.15,613658288,0
NIFTYSHARIAH25,20191009,-,-,-,4232.58,79864690,0
NIFTY50SHARIAH,20191009,-,-,-,2462.45,71680647,0
NIFTY500SHARIAH,20191009,-,-,-,2895.65,279842036,0
NIFTYABGROUP,20191009,-,-,-,2763.92,216597372,0
NIFTYMAHINDRA,20191009,-,-,-,9856.68,7520281,0
NIFTYTATA,20191009,-,-,-,6449.59,97147859,0
NIFTYTATA25CAP,20191009,-,-,-,4442.43,87798272,0
NIFTYABGROUP,20191009,-,-,-,2763.92,216597372,0
NIFTYLIQ15,20191009,3334.95,3421.70,3306.10,3415.70,556023039,0
NIFTY500VALUE50,20191009,-,-,-,3367.88,322834999,0
NIFTYALPHALOWVOL30,20191009,-,-,-,11678.18,140402126,0
NIFTYQUALLOWVOL30,20191009,-,-,-,8213.02,92797752,0
NIFTYALPHAQUALLOWVOL30,20191009,-,-,-,9371.42,97038235,0
NIFTYALPHAQUALVALLOWVOL30,20191009,-,-,-,7122.44,124873727,0
NIFTY50EQUALWEIGHT,20191009,11402.85,11575.25,11342.35,11563.30,741148639,0
NIFTY100EQUALWEIGHT,20191009,12227.15,12420.40,12161.10,12409.95,1204890333,0
NIFTY100LOWVOL30,20191009,8569.80,8663.10,8553.65,8657.40,102516864,0
NSEDEFTY,20191009,-,-,-,5515.78,-,0
NIFTY50DIVPOINT,20191009,96.23,96.23,96.23,96.23,-,0
NIFTYDIVOPPS50,20191009,2509.95,2514.30,2492.90,2508.35,245679223,0
NIFTYALPHA50,20191009,11969.75,12198.60,11937.30,12188.95,144005269,0
NIFTY50ARBITRAGE,20191009,-,-,-,1860.22,-,0
NIFTY50FUTINDEX,20191009,-,-,-,3852.90,-,0
NIFTY50FUTTRINDEX,20191009,-,-,-,11404.45,-,0
NIFTYHIGHBETA50,20191009,-,-,-,1206.41,1085860408,0
NIFTYLOWVOL50,20191009,-,-,-,10069.97,114603094,0
NIFTY200QUALITY30,20191009,-,-,-,9546.55,-,0
NIFTY50VALUE20,20191009,5242.55,5245.40,5190.20,5230.75,464828063,0
NIFTYGROWSECT15,20191009,5940.45,6041.65,5914.80,6030.50,102101200,0
NIFTY50TR2XLEV,20191009,5826.95,6002.05,5762.00,5994.20,-,0
NIFTY50PR2XLEV,20191009,4499.20,4634.35,4449.00,4628.30,-,0
NIFTY50TR1XINV,20191009,365.35,367.40,359.85,360.10,-,0
NIFTY50PR1XINV,20191009,415.75,418.10,409.50,409.75,-,0
NIFTY-GS-COMPSITE,20191009,2038.44,2042.41,2038.44,2039.96,-,0
NIFTY-GS-4-8YR,20191009,2124.63,2128.43,2124.63,2126.38,-,0
NIFTY-GS-8-13YR,20191009,2004.78,2008.98,2004.78,2006.35,-,0
NIFTY-GS-10YR,20191009,1850.84,1855.04,1850.84,1852.55,-,0
NIFTY-GS-10YR-CLN,20191009,949.14,951.34,949.14,950.04,-,0
NIFTY-GS-11-15YR,20191009,2127.11,2130.55,2126.24,2127.20,-,0
NIFTY-GS-15YRPLUS,20191009,2297.10,2300.35,2297.10,2292.64,-,0
VIX,20191009,17.83,18.33,16.34,17.16,0,0
