<ticker>,<date>,<open>,<high>,<low>,<close>,<volume>,<o/i>
20MICRONS,20191108,38.45,38.45,36.65,37.1,101367
21STCENMGM,20191108,14,14,14,14,6
3IINFOTECH,20191108,1.95,2,1.95,1.95,859134
3MINDIA,20191108,22285.65,22844,22285.65,22392.9,1601
3PLAND,20191108,6.3,6.3,6.3,6.3,3
5PAISA,20191108,169.45,169.5,165.1,165.85,4080
63MOONS,20191108,117.9,119.65,115,115.85,85270
A2ZINFRA,20191108,9.85,10.3,9.6,10.05,354119
AARTIDRUGS,20191108,528,537.85,515.95,518.85,18692
AARTIIND,20191108,819.9,822.4,808.1,812.2,51620
AARVEEDEN,20191108,13.75,14.2,13.7,14.05,3816
AAVAS,20191108,1556,1601,1520,1564.2,181039
ABAN,20191108,31,32.85,30.6,31,60639
ABB,20191108,1474.5,1479.9,1441.65,1462.7,73375
ABBOTINDIA,20191108,11700,11711,11400,11502.95,5622
ABCAPITAL,20191108,85.6,88.6,85.6,86.85,6258041
ABFRL,20191108,200.5,227.7,200.5,204.6,468140
ABSLBANETF,20191108,308,308,308,308,49
ABSLNN50ET,20191108,288.74,288.74,288.74,288.74,88
ACC,20191108,1526.8,1544,1499.05,1506.4,635287
ACCELYA,20191108,955.5,969,950,964.8,3883
ACE,20191108,88.25,88.35,84.95,85.15,146900
ADANIENT,20191108,208.7,212,206.2,208.05,4057743
ADANIGAS,20191108,147.45,148.7,146.6,146.8,557647
ADANIGREEN,20191108,88.8,89.6,83.6,86.7,1403419
ADANIPORTS,20191108,391.2,391.2,385.5,386.15,1206504
ADANIPOWER,20191108,70.3,72.1,68.3,68.7,8559882
ADANITRANS,20191108,301,304.9,285,286.85,664417
ADFFOODS,20191108,307,316.4,298.1,300.85,107698
ADHUNIKIND,20191108,118.1,120.5,113.5,115.35,84244
ADLABS,20191108,3.15,3.15,3.15,3.15,10405
ADORWELD,20191108,319.4,321,311.1,312.8,5946
ADROITINFO,20191108,8.2,8.85,8.2,8.75,908
ADSL,20191108,15,15.4,14.7,15,23485
ADVANIHOTR,20191108,57.45,58.9,57,57.85,4040
ADVENZYMES,20191108,178,182.85,178,178.1,87400
AEGISCHEM,20191108,168.9,169.1,162.6,163.45,158869
AFFLE,20191108,1388,1428,1366.3,1395.75,273487
AGARIND,20191108,119.9,119.9,113.1,114.95,2959
AGCNET,20191108,112.15,122.5,112.15,119.95,2731
AGRITECH,20191108,46.95,47.75,46.15,46.7,7940
AGROPHOS,20191108,120,121.1,119.75,120.8,861237
AHLEAST,20191108,196,196.95,180.95,181,1175
AHLUCONT,20191108,300.5,304.35,296.85,300.75,12699
AHLWEST,20191108,273,285.05,268,270,371
AIAENG,20191108,1676.2,1702,1670,1686,33519
AIONJSW,20191108,9.9,10.15,9.8,9.9,112202
AIRAN,20191108,11.8,12.1,11,11.25,81982
AJANTPHARM,20191108,991.2,1003,985,988.8,91434
AJMERA,20191108,135,135,128.2,130.35,80671
AKASH,20191108,62.55,63.25,62,63.2,2205
AKSHARCHEM,20191108,214.9,216,211,214,2253
AKSHOPTFBR,20191108,7.55,7.55,7.35,7.5,152548
AKZOINDIA,20191108,2222,2238.95,2125.1,2152.7,15021
ALANKIT,20191108,16,16,14.85,14.85,73397
ALBERTDAVD,20191108,402,409,393.2,402.4,1821
ALBK,20191108,27.25,27.6,24,25.95,6214896
ALCHEM,20191108,0.85,0.85,0.85,0.85,1500
ALEMBICLTD,20191108,49,50.4,48.2,49.95,122492
ALICON,20191108,385.45,389.95,382,385.85,1597
ALKALI,20191108,52.95,53.75,51.1,52.45,15012
ALKEM,20191108,2005.1,2048.3,2005.1,2034.25,10123
ALKYLAMINE,20191108,1003.9,1074.95,992.3,1015.2,69784
ALLCARGO,20191108,106.65,108.3,100.5,101.75,166617
ALLSEC,20191108,284.9,287.7,281.95,283.35,812
ALOKTEXT,20191108,1.8,1.8,1.75,1.8,2563395
ALPA,20191108,18,18.2,17,17.5,34443
ALPHAGEO,20191108,188,193.2,183.2,184.6,10575
ALPSINDUS,20191108,0.5,0.55,0.5,0.55,37701
AMARAJABAT,20191108,664,674.2,650.5,654.2,374273
AMBER,20191108,1020,1025.35,965,976.05,173715
AMBIKCO,20191108,891.45,908.95,856,864.3,9425
AMBUJACEM,20191108,203.2,204.9,200,202.25,2181870
AMDIND,20191108,18.5,19.95,17.55,19.75,44477
AMJLAND,20191108,19.4,19.4,18.25,18.95,16469
AMRUTANJAN,20191108,490,497.85,482.5,492,86243
ANANTRAJ,20191108,33.7,33.7,33,33.05,159878
ANDHRABANK,20191108,19.1,19.15,17.55,18.05,1638044
ANDHRACEMT,20191108,2.85,2.85,2.75,2.8,25207
ANDHRSUGAR,20191108,295.4,295.4,286.25,290.1,170500
ANIKINDS,20191108,9,9.45,9,9.45,3365
ANKITMETAL,20191108,0.5,0.55,0.5,0.5,27632
ANSALAPI,20191108,5.55,5.55,5.55,5.55,23891
ANSALHSG,20191108,7.7,8.35,7.6,8.35,922989
ANTGRAPHIC,20191108,0.6,0.7,0.6,0.7,36937
ANUP,20191108,475.15,548,475.15,512.8,47794
APARINDS,20191108,546.75,546.75,516.05,519.7,9634
APCL,20191108,162,162.95,147.55,157.15,23928
APCOTEXIND,20191108,165,166.95,164.65,166.05,12046
APEX,20191108,286,329,281,315.95,2099510
APLAPOLLO,20191108,1469.45,1486,1426.45,1438.55,10272
APLLTD,20191108,577.25,586.45,571.3,577.05,82911
APOLLO,20191108,82.1,91,81,82.25,153564
APOLLOHOSP,20191108,1467.9,1467.9,1415,1418.6,504630
APOLLOTYRE,20191108,167,168.8,164.5,165.15,2566305
APOLSINHOT,20191108,791,801.9,791,801.9,868
APTECHT,20191108,169.05,175.8,169.05,171.15,200747
ARCHIDPLY,20191108,28.5,30.25,27.9,28.35,12783
ARCHIES,20191108,19.6,19.6,19,19.2,15836
ARCOTECH,20191108,2.1,2.1,2.1,2.1,4968
ARIES,20191108,63,65,62.95,64.35,17175
ARIHANT,20191108,25.4,27.75,25,27.75,62039
ARIHANTSUP,20191108,27.7,27.7,25.2,26.6,104900
ARMANFIN,20191108,565,576,556.05,564.25,1513
AROGRANITE,20191108,40.45,40.85,39.1,39.65,1938
ARROWGREEN,20191108,54.3,54.3,51.1,52.15,4421
ARROWTEX,20191108,13.3,14,12.45,12.85,115862
ARSHIYA,20191108,18,18.9,17.3,17.95,57351
ARSSINFRA,20191108,25.45,25.45,24.6,24.75,3339
ARVIND,20191108,51.4,53.8,50.6,52.5,2298321
ARVINDFASN,20191108,427,434,422.15,425.35,43651
ARVSMART,20191108,102.65,103.8,100.5,101.2,8302
ASAHIINDIA,20191108,196.25,199.4,189.1,190.55,12766
ASAHISONG,20191108,155.5,155.95,148.1,150.05,2817
ASAL,20191108,34.25,34.25,32.4,32.7,11312
ASHAPURMIN,20191108,28,30,27.55,27.6,64226
ASHIANA,20191108,100,101.8,99.05,99.65,14529
ASHIMASYN,20191108,7.75,7.95,7.55,7.85,20012
ASHOKA,20191108,96.4,97.9,96.3,96.95,185677
ASHOKLEY,20191108,76.05,79.25,75.7,76.55,28384175
ASIANHOTNR,20191108,105,105.4,100,100,732
ASIANPAINT,20191108,1826,1826.8,1790.8,1794.85,1077136
ASIANTILES,20191108,227,228.8,224.1,225.2,23069
ASPINWALL,20191108,144,148,144,144,498
ASTEC,20191108,356,361,356,359.7,7118
ASTERDM,20191108,139,146.5,138,144.75,108944
ASTRAL,20191108,1097,1115.25,1091.1,1103.95,559316
ASTRAMICRO,20191108,76.05,76.85,75,75.6,58342
ASTRAZEN,20191108,2509.25,2538.2,2480,2492,10006
ASTRON,20191108,39,39,39,39,171589
ATFL,20191108,640,642.5,615.6,623.6,3836
ATLANTA,20191108,7.1,7.4,6.75,7,6289
ATUL,20191108,4225,4258,4191,4202.7,4894
ATULAUTO,20191108,220.25,224.35,216.35,217.55,10219
AUBANK,20191108,689,697,676,689.5,267306
AURIONPRO,20191108,79.5,82,77.1,77.8,3301
AUROPHARMA,20191108,452.6,456.25,436.5,439.95,3189184
AUSOMENT,20191108,28.05,28.95,27.1,27.75,709
AUTOAXLES,20191108,853.85,853.85,827.1,831.5,8174
AUTOIND,20191108,23.9,24.3,22.15,22.6,13931
AUTOLITIND,20191108,22.35,23.45,22.05,22.65,1155
AVADHSUGAR,20191108,260,265,258.05,258.6,112235
AVANTIFEED,20191108,516,562,504.5,553.95,2964706
AVTNPL,20191108,24.8,29.4,24.2,29.05,708702
AXISBANK,20191108,735.9,735.9,722.8,725.5,7427196
AXISCADES,20191108,72.9,73.5,70.7,71.2,112355
AXISGOLD,20191108,3360,3369,3324,3333.6,575
AXISNIFTY,20191108,1230,1239.31,1225.9,1228.59,140
AYMSYNTEX,20191108,31.05,31.3,30.15,30.6,1608
BAGFILMS,20191108,2,2,2,2,156277
BAJAJ-AUTO,20191108,3257.8,3288.8,3235.55,3245.55,483871
BAJAJCON,20191108,255.7,255.7,249,249.8,146067
BAJAJELEC,20191108,339.9,340,323,325.05,276634
BAJAJFINSV,20191108,8795,8950,8750,8818.85,294904
BAJAJHIND,20191108,7,7.2,6.9,6.95,906118
BAJAJHLDNG,20191108,3830,3903.95,3763.2,3777.1,34834
BAJFINANCE,20191108,4220,4240,4148,4159.45,1509693
BALAJITELE,20191108,56.8,58.2,55.45,56.4,50184
BALAMINES,20191108,378,390,374,379.75,68531
BALAXI,20191108,82,82,75.05,75.55,512
BALKRISHNA,20191108,18.95,19,18.3,18.35,5135
BALKRISIND,20191108,869.9,871,845.45,850.75,135534
BALLARPUR,20191108,0.55,0.55,0.5,0.5,3578478
BALMLAWRIE,20191108,198.35,203.45,197,198.05,93492
BALPHARMA,20191108,45.05,48.9,44.1,46.8,27912
BALRAMCHIN,20191108,153.05,154.4,148,149.5,980459
BANARBEADS,20191108,33.5,34.7,33.2,33.25,1388
BANARISUG,20191108,1172,1245,1172,1182.3,386
BANCOINDIA,20191108,109.2,111.75,105.6,106.8,54373
BANDHANBNK,20191108,568,574.25,548.5,550.8,1979356
BANG,20191108,17.1,18,17,17.65,2675
BANKBARODA,20191108,95.7,97.15,93.35,93.8,36265152
BANKBEES,20191108,3120,3168.9,3120,3141.19,9192
BANKINDIA,20191108,68,69.2,66.1,66.45,8076600
BANSWRAS,20191108,67.75,74.5,67.7,73.75,12360
BARTRONICS,20191108,1.6,1.6,1.6,1.6,3458
BASF,20191108,963.05,993.95,941.9,985.7,23068
BASML,20191108,140,140,135.05,135.25,1411
BATAINDIA,20191108,1724,1741,1688.65,1697.75,456488
BAYERCROP,20191108,3551.9,3600,3425,3445.35,4728
BBL,20191108,904.65,909.7,884,889.7,6015
BBTC,20191108,1183.95,1248,1180.8,1201.25,367624
BCG,20191108,3.15,3.2,3,3.15,142958
BCP,20191108,8.55,8.55,8.55,8.55,141400
BDL,20191108,325,334.9,323,327.95,64135
BEARDSELL,20191108,12.2,12.2,11,11.4,2872
BEDMUTHA,20191108,12.15,12.15,10.9,11.3,27047
BEL,20191108,108.65,112.8,108.65,109.45,13385907
BEML,20191108,980,980.05,957.75,961.7,334339
BEPL,20191108,50,52.55,49.1,49.6,555529
BERGEPAINT,20191108,507.7,508.4,483.65,485.4,4604427
BFINVEST,20191108,322.55,347.75,321.5,324.55,174620
BFUTILITIE,20191108,288.5,306.8,288.45,293.25,340920
BGLOBAL,20191108,1.85,1.9,1.85,1.9,9651
BGRENERGY,20191108,33.05,33.45,32.1,32.35,98933
BHAGERIA,20191108,109.75,109.75,107,107.7,14246
BHAGYANGR,20191108,20,20,18.5,19.05,7469
BHAGYAPROP,20191108,20,21.75,19.5,20.85,2738
BHANDARI,20191108,1.35,1.35,1.25,1.25,91106
BHARATFORG,20191108,468.7,473.45,420.85,426.65,7061664
BHARATGEAR,20191108,81.1,81.8,76.3,78.35,13646
BHARATRAS,20191108,5972.05,6775.45,5955,6476.85,13425
BHARATWIRE,20191108,30.6,31.45,30.55,31.15,646
BHARTIARTL,20191108,370,375.85,366.6,369.15,5982102
BHEL,20191108,53.9,56,53.3,54.25,21720965
BIGBLOC,20191108,24.35,24.6,23.5,24,708
BIL,20191108,158,159,153.1,156.25,1728
BILENERGY,20191108,1.4,1.4,1.4,1.4,30701
BINDALAGRO,20191108,10.75,11.2,10.35,10.45,21377
BIOCON,20191108,263.85,268.5,262.1,265,3380307
BIOFILCHEM,20191108,4.55,4.55,4.55,4.55,74
BIRLACABLE,20191108,72.8,80.65,71,80.65,305098
BIRLACORPN,20191108,630,662,625.65,629.8,347136
BIRLAMONEY,20191108,35.7,36.5,35.25,35.55,65927
BKMINDST,20191108,0.85,0.85,0.75,0.75,553298
BLBLIMITED,20191108,3.8,3.8,3.6,3.65,2237
BLISSGVS,20191108,140.85,141.15,135.8,138.8,239211
BLKASHYAP,20191108,10.7,10.7,10.7,10.7,73132
BLS,20191108,68.95,68.95,65.1,65.4,25670
BLUEBLENDS,20191108,0.65,0.65,0.65,0.65,101
BLUEDART,20191108,2277,2292.25,2255,2260.8,1641
BLUESTARCO,20191108,804.9,819,793,797.15,79186
BODALCHEM,20191108,77.8,77.8,76,76.3,104850
BOMDYEING,20191108,85,97.5,84.5,90.85,12643971
BOROSIL,20191108,172.85,177.95,169.8,174.65,77352
BOSCHLTD,20191108,15250,15535,15053.05,15353.85,17292
BPCL,20191108,515,515.7,500.5,502.75,9862300
BPL,20191108,18.7,19.15,18.65,18.95,56354
BRFL,20191108,4.4,4.7,4.3,4.7,36130
BRIGADE,20191108,211,223.6,210,212.9,624647
BRITANNIA,20191108,3228,3245.45,3143,3158,376182
BRNL,20191108,61.5,63.7,61.5,62.1,4041
BROOKS,20191108,32.2,34,32.2,32.45,13110
BSE,20191108,535,539.95,525,525.85,77642
BSELINFRA,20191108,1.1,1.1,1,1.1,12815
BSL,20191108,26,26.75,24.7,26.3,3778
BSLGOLDETF,20191108,3569,3569,3500.25,3507,58
BSLNIFTY,20191108,130.6,130.75,129.63,129.63,1166
BSOFT,20191108,62.3,65.9,61.1,63.4,888267
BURNPUR,20191108,1.3,1.3,1.25,1.25,13779
BUTTERFLY,20191108,193,197.9,189.9,190.6,42226
BVCL,20191108,11.55,11.55,10.6,10.65,401
BYKE,20191108,20.9,21.2,20.15,21,19837
CADILAHC,20191108,234,238.15,231.5,232.4,771808
CALSOFT,20191108,18.15,18.2,16.5,16.8,11995
CAMLINFINE,20191108,65.35,66,64,64.15,122606
CANBK,20191108,208.5,209.25,200.4,201.35,7691214
CANFINHOME,20191108,410,413.75,400.75,401.95,292005
CANTABIL,20191108,210.95,217.9,202,207.7,33561
CAPACITE,20191108,227.1,229.6,223.25,224.6,34759
CAPLIPOINT,20191108,392.05,394.8,368,375.1,169241
CAPTRUST,20191108,75.05,82.95,75.05,82.95,447
CARBORUNIV,20191108,303,312.4,303,307.8,27859
CAREERP,20191108,128.05,133,124.95,128.3,66372
CARERATING,20191108,534,536,531.8,534.35,65510
CASTEXTECH,20191108,0.75,0.75,0.65,0.75,263634
CASTROLIND,20191108,152,152.4,145.75,146.15,1344378
CCHHL,20191108,3.5,3.55,3.4,3.55,70937
CCL,20191108,205.9,205.9,201.5,203.1,40486
CDSL,20191108,235,235,226.2,227.75,424373
CEATLTD,20191108,983.1,994,975.1,979.05,74052
CEBBCO,20191108,13.65,13.85,13.4,13.8,4114
CELEBRITY,20191108,5.9,5.95,5.7,5.85,5259
CELESTIAL,20191108,3.3,3.5,3.3,3.4,6572
CENTENKA,20191108,185.95,189.9,182.5,186.3,86034
CENTEXT,20191108,2.85,2.95,2.8,2.85,24284
CENTRALBK,20191108,20.5,20.7,20.2,20.35,438331
CENTRUM,20191108,20.3,20.8,20,20.6,97975
CENTUM,20191108,395,395,367.2,379.1,4648
CENTURYPLY,20191108,167.85,174.75,158,164.7,509777
CENTURYTEX,20191108,397.35,404.05,383.75,391.45,1428453
CERA,20191108,2639,2639,2553.5,2578.5,1992
CEREBRAINT,20191108,21,21.75,20.75,21.15,664547
CESC,20191108,779,779.5,764.1,766.7,224536
CESCVENT,20191108,340.15,343.9,333.15,338.2,11247
CGCL,20191108,216.9,222,211.1,217.05,330750
CGPOWER,20191108,17.6,17.6,16,16.3,5574119
CHALET,20191108,329.05,329.1,325,325.85,2783
CHAMBLFERT,20191108,164.9,185,164.2,168.15,2815416
CHEMFAB,20191108,167.05,174.85,167.05,171,1362
CHENNPETRO,20191108,156,157,151.1,152.35,115277
CHOLAFIN,20191108,299.8,301,294.7,296.65,903834
CHOLAHLDNG,20191108,474.55,484.85,465.1,479.95,25903
CHROMATIC,20191108,0.5,0.5,0.45,0.45,6201
CIGNITITEC,20191108,289.85,297.5,282.95,293.2,27035
CIMMCO,20191108,20.15,20.15,19.4,19.6,4634
CINELINE,20191108,32.8,33.45,32.4,32.75,4745
CINEVISTA,20191108,10.95,11.8,10.85,10.85,7935
CIPLA,20191108,470.1,470.1,461.25,462.5,4300075
CKFSL,20191108,0.55,0.55,0.5,0.55,553671
CLEDUCATE,20191108,79.85,85.05,77.45,79.9,36760
CLNINDIA,20191108,292.8,296,290,292.05,73012
CMICABLES,20191108,71.9,71.9,67.85,68.55,29307
CNOVAPETRO,20191108,8.1,8.15,8.1,8.15,3
COALINDIA,20191108,212.6,216,208.1,209.25,6324778
COCHINSHIP,20191108,397,410,391.25,395.55,141844
COFFEEDAY,20191108,40.8,40.8,38.1,40.8,1859710
COLPAL,20191108,1623,1642.6,1562,1579.65,2829810
COMPINFO,20191108,9,9.2,8.55,8.65,121115
COMPUSOFT,20191108,8.4,8.55,7.95,8.2,122223
CONCOR,20191108,579.9,584.15,568.05,570.9,1215210
CONFIPET,20191108,27.2,27.5,26.8,27,94384
CONSOFINVT,20191108,36,38.95,36,36.2,7661
CONTROLPR,20191108,288.45,288.45,267,270.7,8945
CORALFINAC,20191108,13.75,13.85,12.25,12.9,13821
CORDSCABLE,20191108,44.65,44.7,42.5,42.55,13873
COROMANDEL,20191108,471.4,474,466.75,469.7,72309
CORPBANK,20191108,17.9,17.9,17,17.1,326216
COSMOFILMS,20191108,235,235,227,227.75,11600
COUNCODOS,20191108,1.7,1.75,1.7,1.7,4004
COX&KINGS,20191108,1.45,1.55,1.45,1.55,5847391
CPSEETF,20191108,24.75,24.75,24.2,24.22,2057125
CREATIVE,20191108,71.6,71.6,68,69.55,10375
CREDITACC,20191108,696.9,709,671.2,682.05,48532
CREST,20191108,97.9,101.55,91.05,93.7,3146
CRISIL,20191108,1481,1492.85,1424.4,1442.3,8900
CROMPTON,20191108,255.1,261.35,254.1,257.55,393290
CTE,20191108,29,29.8,28.85,29.45,960
CUB,20191108,211.55,214.5,210.05,213.35,437998
CUBEXTUB,20191108,13.85,13.9,12.85,13.35,4589
CUMMINSIND,20191108,550.7,562.75,548,556.9,507267
CUPID,20191108,202.8,228.8,201.7,220.8,323456
CURATECH,20191108,1.55,1.6,1.55,1.6,317
CYBERTECH,20191108,49.1,49.1,47.45,47.75,12996
CYIENT,20191108,388.5,393,388.45,391.55,80626
DAAWAT,20191108,25.9,26.1,24.9,25.05,1708901
DABUR,20191108,477.7,484.3,471.6,473.65,1561299
DALBHARAT,20191108,826,837,816.2,820.05,117768
DALMIASUG,20191108,94.5,95.9,90.1,90.45,171094
DAMODARIND,20191108,27.6,28.6,26.1,27.65,1966
DATAMATICS,20191108,74.25,77.35,74,74.2,43920
DBCORP,20191108,153,153,145.45,146.55,11878
DBL,20191108,416.5,422.7,404,407.25,229343
DBREALTY,20191108,8.85,8.85,8.75,8.85,504260
DCAL,20191108,124.4,127.3,122.1,122.9,268253
DCBBANK,20191108,183.9,184.7,182.85,183.85,408078
DCM,20191108,20.85,21.3,20.1,20.2,2421
DCMNVL,20191108,27,29.8,26.6,29.4,1944
DCMSHRIRAM,20191108,357,357.75,335,337.45,159253
DCW,20191108,15.3,15.35,15,15.05,87928
DECCANCE,20191108,352,355,342.05,343.5,4546
DEEPAKFERT,20191108,100.75,105.9,99.2,100.05,453504
DEEPAKNTR,20191108,354.9,364.9,350,352.45,404703
DEEPIND,20191108,102.85,104.9,102.2,103.75,6695
DELTACORP,20191108,197,202,194.1,195.25,634732
DELTAMAGNT,20191108,39.65,39.65,36,36.45,397
DEN,20191108,42,44.5,41.1,44.4,71370
DENORA,20191108,212.55,253.2,211.05,244.2,47349
DFMFOODS,20191108,247.95,248.8,247,247.55,24063
DGCONTENT,20191108,4.3,4.5,4.3,4.3,2678
DHAMPURSUG,20191108,207,215.6,206.6,207.9,526290
DHANBANK,20191108,14.8,15.15,14.55,15.05,579286
DHANUKA,20191108,303.9,309,292.5,300.95,25420
DHARSUGAR,20191108,7.7,8,7.7,7.95,1996
DHFL,20191108,22.35,23.3,21.65,23.3,2833541
DHUNINV,20191108,210,218.25,210,212.7,852
DIAMONDYD,20191108,979,980,938,940.5,4256
DICIND,20191108,329.95,330,318,322.55,632
DIGISPICE,20191108,6.85,7,6.75,6.75,8492
DISHTV,20191108,14.2,14.75,13.55,13.7,38357137
DIVISLAB,20191108,1714,1727.8,1695,1699.95,469867
DIXON,20191108,2710,2788,2701,2729.1,9336
DLF,20191108,196,209.75,196,203.1,45666495
DLINKINDIA,20191108,99.4,99.7,97,97.05,37985
DMART,20191108,1988.95,2010,1960,1968.85,372365
DNAMEDIA,20191108,0.35,0.4,0.35,0.4,26515
DOLAT,20191108,77,77.25,74,74.45,123015
DOLLAR,20191108,177.6,181.05,175.95,176.1,1515
DONEAR,20191108,30.5,32.35,30.3,31.2,15976
DPSCLTD,20191108,9.8,9.8,9.25,9.35,4542
DQE,20191108,2.45,2.45,2.35,2.35,3537
DREDGECORP,20191108,338.8,346.25,335.5,337.35,137497
DRREDDY,20191108,2860,2860,2812.3,2822.1,318986
DSSL,20191108,25,26.35,24.45,24.8,2091
DTIL,20191108,160.3,168.7,160.3,166.8,5572
DUCON,20191108,6.75,6.75,6.15,6.15,118186
DVL,20191108,71.3,76.7,71.1,73.15,16567
DWARKESH,20191108,25.4,25.8,24.95,25.25,385550
DYNAMATECH,20191108,1155,1196,1145,1168.85,945
DYNPRO,20191108,140.5,140.5,135.55,136.55,10570
EASTSILK,20191108,0.55,0.55,0.55,0.55,245
EBANK,20191108,3698.99,3698.99,3698.99,3698.99,3
ECLERX,20191108,433,447.95,432,434.4,15289
EDELWEISS,20191108,110.85,110.85,110.85,110.85,196976
EICHERMOT,20191108,21250,22055.7,21200,21689.65,187411
EIDPARRY,20191108,169.5,169.9,164.35,165.1,172677
EIHAHOTELS,20191108,313.1,319.7,311.1,311.6,3180
EIHOTEL,20191108,158.8,159,156.1,157.05,52214
EIMCOELECO,20191108,293.7,308,293.65,302.3,367
EKC,20191108,26.2,26.85,26,26.15,45893
ELECON,20191108,38.15,39.45,36.5,36.75,44413
ELECTCAST,20191108,13.7,13.7,13.2,13.35,103645
ELECTHERM,20191108,141.45,142.9,136.35,140.3,18245
ELGIEQUIP,20191108,282,284,276,280.85,11309
ELGIRUBCO,20191108,19.2,20.75,16.25,17.5,7773
EMAMILTD,20191108,327.35,327.8,321.25,324.5,180342
EMAMIPAP,20191108,76.9,76.9,74.55,75.05,866
EMAMIREAL,20191108,48.75,49,48.2,48.65,13017
EMCO,20191108,0.8,0.8,0.7,0.7,4331
EMKAY,20191108,77.5,78,75.25,76,5662
EMMBI,20191108,108.95,109.85,103,106.15,26062
ENDURANCE,20191108,1122,1125.2,1090,1095.9,13055
ENERGYDEV,20191108,5.2,5.2,4.95,5.05,31601
ENGINERSIN,20191108,110.95,113.5,104.85,105.55,1624492
ENIL,20191108,253.3,253.3,248.1,249.75,5977
EON,20191108,20.6,20.6,20.05,20.6,24709
EQ30,20191108,350,350,350,350,9
EQUITAS,20191108,99.5,99.7,96,97.35,1534083
ERIS,20191108,426.7,428.75,413.25,416.5,69674
EROSMEDIA,20191108,15.6,15.75,14.9,15.25,93382
ESABINDIA,20191108,1318.9,1318.9,1266,1276.1,2736
ESCORTS,20191108,646,665.95,642.05,653.75,2272682
ESSARSHPNG,20191108,7.35,7.5,7,7.5,2224
ESSELPACK,20191108,119,119.45,116,117.9,64004
ESTER,20191108,36.25,36.25,34.5,34.75,22779
EUROMULTI,20191108,0.45,0.45,0.35,0.4,5477
EUROTEXIND,20191108,12.1,13.05,12.1,12.1,431
EVEREADY,20191108,53.5,55.85,53.1,54.5,241486
EVERESTIND,20191108,288.35,291,286.05,287.85,9371
EXCEL,20191108,1.05,1.15,1.05,1.1,1191
EXCELINDUS,20191108,965,985,948,971.85,21352
EXIDEIND,20191108,189,191.25,186,186.55,1856594
EXPLEOSOL,20191108,280,280,271,271.3,7282
FACT,20191108,39.5,40.4,38.7,38.9,107850
FAIRCHEM,20191108,499.85,499.9,485.05,486.35,9541
FCL,20191108,26.5,31.9,26.5,28.9,579056
FCONSUMER,20191108,25.5,25.95,25.05,25.2,771339
FCSSOFT,20191108,0.2,0.25,0.2,0.25,793949
FDC,20191108,180,187,177.25,177.95,62464
FEDERALBNK,20191108,83.95,83.95,81.9,82.15,9558248
FEL,20191108,24.75,25.3,24.5,24.9,635003
FELDVR,20191108,24.05,24.75,22.8,23.55,62217
FIEMIND,20191108,378.8,383.95,368.35,370.15,6578
FILATEX,20191108,37.4,39.8,37.4,39.15,211735
FINCABLES,20191108,375.1,377.15,370,371.05,43451
FINEORG,20191108,1938.7,1938.7,1885,1893.85,7568
FINPIPE,20191108,611.35,616.75,590.05,592.15,28140
FLEXITUFF,20191108,3.9,4.1,3.9,4.1,6605
FLFL,20191108,397.4,414.95,387.95,396,62886
FLUOROCHEM,20191108,602,634,595,616.9,21249
FMGOETZE,20191108,624.55,638.8,589.5,594.1,61562
FMNL,20191108,34,34,32.2,32.55,14472
FORCEMOT,20191108,1108.95,1124,1080.35,1083.05,20507
FORTIS,20191108,150.8,153.5,149.8,152.05,3404637
FOSECOIND,20191108,1352.65,1399,1340.4,1369.45,594
FRETAIL,20191108,360.4,364,351.65,359.5,243337
FSC,20191108,484.95,490.05,469.85,480.35,43044
FSL,20191108,45.9,46.3,45,45.1,1505963
GABRIEL,20191108,121.5,121.5,116.6,117.5,88640
GAEL,20191108,133,133.95,129.9,130.35,41053
GAIL,20191108,131.8,131.95,125.9,127.05,21300806
GAL,20191108,1.85,1.9,1.8,1.9,36879
GALAXYSURF,20191108,1480,1648.45,1479.95,1567.75,95378
GALLANTT,20191108,27.2,27.25,25.8,26.1,4819
GALLISPAT,20191108,19.25,19.3,19.05,19.15,2061
GAMMNINFRA,20191108,0.3,0.3,0.25,0.3,676013
GANDHITUBE,20191108,296.3,297.95,295,295.15,603
GANECOS,20191108,274.75,276.9,265.15,267.25,1910
GANESHHOUC,20191108,36,36.65,35,35.05,29891
GANGESSECU,20191108,39.7,40.3,39.7,40.15,567
GARDENSILK,20191108,11,11.5,10.85,11.25,26258
GARFIBRES,20191108,1203.6,1215,1199.95,1200.75,4887
GATI,20191108,62.15,65.8,62,63.65,741622
GAYAHWS,20191108,0.25,0.25,0.2,0.25,190425
GAYAPROJ,20191108,113.9,113.9,106.95,108.5,23199
GDL,20191108,89.8,90.1,88.4,88.7,73677
GEECEE,20191108,94,95,90.2,92.4,4959
GENESYS,20191108,79,83.5,77.6,80.8,16891
GENUSPAPER,20191108,5.1,5.1,4.95,5,17716
GENUSPOWER,20191108,24.2,25.5,24.2,24.6,135104
GEOJITFSL,20191108,29.2,29.2,28.65,28.85,69807
GEPIL,20191108,690,700,681.1,688.05,13131
GESHIP,20191108,293.6,307.7,291.9,299.25,200308
GET&D,20191108,167,171.95,165.7,167.1,21447
GFLLIMITED,20191108,82.85,82.85,80.05,80.5,40186
GHCL,20191108,211.7,213.2,206.25,207.6,115832
GICHSGFIN,20191108,163.9,165.6,159,161.05,91616
GICRE,20191108,281.1,287.5,271.2,273.65,241131
GILLANDERS,20191108,30.2,30.2,30.2,30.2,180
GILLETTE,20191108,7515,7593.45,7261,7287.95,6517
GINNIFILA,20191108,9.9,9.9,9.15,9.3,10221
GIPCL,20191108,71.8,72.05,71,71.3,53372
GKWLIMITED,20191108,722.1,730.15,712.5,729.85,99
GLAXO,20191108,1622.6,1644,1592.05,1612.1,55396
GLENMARK,20191108,291.5,296.35,284.75,286.45,2244016
GLOBALVECT,20191108,57.85,57.85,54.65,55.4,4914
GLOBOFFS,20191108,5.9,6.1,5.9,6,4615
GLOBUSSPR,20191108,149.8,150.1,139.05,142.45,176882
GMBREW,20191108,422.95,436,411,415.5,65197
GMDCLTD,20191108,63.25,63.25,62.1,62.65,77035
GMMPFAUDLR,20191108,1475.6,1515.95,1445.4,1450.6,29530
GMRINFRA,20191108,22.2,22.55,21.5,21.65,16925349
GNA,20191108,270.7,289,267.95,271.55,211016
GNFC,20191108,203.65,211,201.3,202.85,419821
GOACARBON,20191108,220.25,229,220.25,222.2,9649
GOCLCORP,20191108,290,297.6,285.45,292.9,4543
GODFRYPHLP,20191108,1143,1193,1134.5,1146.1,189655
GODREJAGRO,20191108,492.35,506.45,487.95,493.85,88573
GODREJCP,20191108,750.3,751.85,730.05,734.5,436629
GODREJIND,20191108,421.4,431,421.4,425.25,83691
GODREJPROP,20191108,990,1000,956,961.25,335133
GOKEX,20191108,87.55,87.55,84.1,85.15,50985
GOKUL,20191108,11.9,11.9,11,11.9,7040
GOKULAGRO,20191108,12.7,13.45,12.25,13.35,10267
GOLDBEES,20191108,3350.55,3371.4,3347.55,3350.45,21031
GOLDENTOBC,20191108,31,32,30.5,31.15,1310
GOLDIAM,20191108,139.55,151,139.55,146.8,161168
GOLDSHARE,20191108,3395,3396.35,3383,3387.65,396
GOLDTECH,20191108,9.7,9.85,9.6,9.6,5731
GOODLUCK,20191108,55,57,53.2,54.7,8379
GPIL,20191108,154,155.3,144,147.5,35643
GPPL,20191108,85.2,86.1,83.8,84.1,99043
GPTINFRA,20191108,40,42.2,40,41.8,2401
GRANULES,20191108,120.55,128.2,119,120.1,2750197
GRAPHITE,20191108,308,314.45,300.25,302.45,2336788
GRASIM,20191108,775.4,785.9,770,774,1346108
GRAVITA,20191108,41.6,44.4,41.6,42.5,97103
GREAVESCOT,20191108,131.65,134.4,130.1,133.75,118974
GREENLAM,20191108,950.05,977.5,935.45,961.8,3577
GREENPANEL,20191108,35.85,42,35.85,40.35,999702
GREENPLY,20191108,157.8,166,157.8,161.3,93696
GREENPOWER,20191108,1.6,1.6,1.6,1.6,19703
GRINDWELL,20191108,596.3,603.3,586,590.45,9230
GRPLTD,20191108,880.2,900,871.05,881.6,37
GRSE,20191108,227.4,231.4,225,226.35,248457
GSCLCEMENT,20191108,20.55,21.1,20.15,20.3,48048
GSFC,20191108,78.8,79.7,77.15,77.75,245749
GSKCONS,20191108,9285,9348.95,8951,8969.9,28304
GSPL,20191108,214,217.85,209.65,213.7,249319
GSS,20191108,33.5,34.4,32.1,34.4,28986
GTL,20191108,1.3,1.4,1.3,1.4,40766
GTLINFRA,20191108,0.4,0.45,0.4,0.45,1710339
GTNIND,20191108,6.2,6.2,5.65,5.8,656
GTNTEX,20191108,7.25,7.25,6.65,6.65,2014
GTPL,20191108,71,73,70.1,70.8,20553
GUFICBIO,20191108,69.9,72.8,69.2,70.2,38499
GUJALKALI,20191108,410,423,402.1,415.3,135606
GUJAPOLLO,20191108,143,143,127.2,129.55,2736
GUJGASLTD,20191108,193.15,201.8,190,196.35,1472105
GULFOILLUB,20191108,841,859.95,835,858.3,3895
GULFPETRO,20191108,40.2,40.95,38.7,39,6949
GULPOLY,20191108,41.05,43.95,41.05,42.4,2018
GVKPIL,20191108,5,5,4.8,4.85,2330960
HAL,20191108,751,763.65,750.65,759.05,12018
HARITASEAT,20191108,467.05,467.25,450,453.5,1206
HARRMALAYA,20191108,47.9,50.4,47.65,48.2,54938
HATHWAY,20191108,21.2,21.4,20.7,20.9,118744
HATSUN,20191108,604.15,604.15,590,590.75,2899
HAVELLS,20191108,714.35,717.25,702.8,707.5,1129079
HAVISHA,20191108,0.6,0.6,0.55,0.55,9600
HBLPOWER,20191108,17.5,17.5,16.65,16.95,67789
HCC,20191108,8.5,8.65,8.15,8.25,1613355
HCG,20191108,115,124,112,114.05,45471
HCL-INSYS,20191108,7.95,8,7.35,7.75,368266
HCLTECH,20191108,1148.35,1164.4,1146.1,1150.1,2013290
HDFC,20191108,2242.95,2252.5,2211,2233.2,3315622
HDFCAMC,20191108,3035,3248.9,3018,3191.55,2262911
HDFCBANK,20191108,1259,1267,1251.45,1255.6,6625748
HDFCLIFE,20191108,580,585.2,566.5,567.9,3630548
HDFCMFGETF,20191108,3448.5,3455,3425,3428.25,2702
HDFCNIFETF,20191108,1254.39,1260.85,1246.79,1247.62,1037
HDFCSENETF,20191108,4280,4280,4280,4280,5
HDIL,20191108,1.95,1.95,1.95,1.95,356514
HEG,20191108,1026.7,1047.9,1015,1021,546373
HEIDELBERG,20191108,195.7,195.7,186.5,191.2,545829
HERCULES,20191108,95.75,96.4,93.5,93.95,11632
HERITGFOOD,20191108,343.95,354.3,327.6,337.9,22607
HEROMOTOCO,20191108,2660.8,2692,2640.65,2646.95,444717
HESTERBIO,20191108,1645,1645,1572.8,1631.95,5079
HEXATRADEX,20191108,10.75,11.85,10.75,11.85,80927
HEXAWARE,20191108,344.8,349.35,337.6,338.8,489057
HFCL,20191108,17.1,17.15,16.95,17,1232679
HGINFRA,20191108,187.95,189,180,183.75,34673
HGS,20191108,588.3,605.95,588,590.25,1093
HIKAL,20191108,115.8,115.8,110.5,111.65,259132
HIL,20191108,1110.05,1121,1100,1105.2,8176
HILTON,20191108,13.4,13.5,13.1,13.5,24010
HIMATSEIDE,20191108,144.7,147.95,141.05,143.2,204650
HINDALCO,20191108,205.05,207,203.1,203.85,10082727
HINDCOMPOS,20191108,178.4,180.05,176,176.7,2758
HINDCOPPER,20191108,41.1,41.4,40,40.2,630719
HINDMOTORS,20191108,5.5,5.8,5.35,5.6,119726
HINDNATGLS,20191108,33.65,36.6,33.65,35.4,6641
HINDOILEXP,20191108,98.5,100.35,97.5,98.2,266788
HINDPETRO,20191108,310,311.4,291.9,293.95,8482305
HINDSYNTEX,20191108,2.9,2.9,2.9,2.9,1
HINDUJAVEN,20191108,327.1,335.1,327.1,331.6,726
HINDUNILVR,20191108,2135,2145.15,2083,2086.4,1537851
HINDZINC,20191108,212,214.35,209.2,210.8,583212
HIRECT,20191108,188,189.25,182.15,184.75,7192
HISARMETAL,20191108,55.6,57.75,55,56.1,3321
HITECH,20191108,160.05,165,155.35,158.15,25547
HITECHCORP,20191108,100,100,89.1,92.65,2481
HITECHGEAR,20191108,186.95,188.95,182,183,3286
HMVL,20191108,76.8,82,76.8,80.65,23771
HNDFDS,20191108,623,640,615.05,624.2,1849
HNGSNGBEES,20191108,3446,3558,3446,3551.14,33
HONAUT,20191108,28499.95,28499.95,27305.5,27873.85,965
HONDAPOWER,20191108,1270,1358.9,1242.8,1310.4,32898
HOTELEELA,20191108,7.75,7.8,7.5,7.65,149453
HOTELRUGBY,20191108,1.15,1.15,1.15,1.15,63
HOVS,20191108,59.05,63.85,57.95,61.35,9803
HPL,20191108,44,46.45,41.7,46,104933
HSCL,20191108,73.7,74.7,71.75,72.1,364495
HSIL,20191108,50.7,50.95,50,50.05,122762
HTMEDIA,20191108,16.1,16.5,15.7,15.9,246172
HUBTOWN,20191108,15.65,15.9,14.55,14.9,52569
HUDCO,20191108,41.7,42.25,40.4,40.65,1291897
IBMFNIFTY,20191108,119.5,119.5,116.95,117.25,750
IBREALEST,20191108,71.2,73.7,70.2,73,7578474
IBULHSGFIN,20191108,237,260,228.35,241.65,77850817
IBULISL,20191108,84.85,84.85,77.35,84.85,102352
IBVENTURES,20191108,134.95,134.95,124,134.95,1437967
ICICI500,20191108,157.45,159.23,157,157.08,102414
ICICIB22,20191108,36.42,36.42,35.51,35.63,385558
ICICIBANK,20191108,480.75,496,480.3,489.45,52207121
ICICIBANKN,20191108,304.7,310.9,304.02,308.66,12581
ICICIBANKP,20191108,169.8,172.72,169.33,170.93,1603
ICICIGI,20191108,1320.5,1334,1310,1320.45,627350
ICICIGOLD,20191108,34.55,34.55,34.3,34.45,23415
ICICILIQ,20191108,1000,1000,999.99,999.99,87387
ICICILOVOL,20191108,96,96,89,93.27,3261
ICICIMCAP,20191108,65.2,65.2,64.2,64.28,10333
ICICINF100,20191108,130.02,130.27,129.22,129.27,319
ICICINIFTY,20191108,126.5,126.66,118.23,125.34,526093
ICICINV20,20191108,58.9,58.9,56,57.44,3502
ICICINXT50,20191108,28.85,29.07,28.65,28.72,18110
ICICIPRULI,20191108,524,527.3,515.15,519.45,3950161
ICICISENSX,20191108,432,433,429.08,429.08,483
ICIL,20191108,59.15,61.4,55.4,59.15,769930
ICRA,20191108,2767.9,2790,2700,2714.1,330
IDBI,20191108,33.55,34.3,32.1,33.05,1891490
IDBIGOLD,20191108,3528.95,3528.95,3471.2,3475.95,111
IDEA,20191108,3.9,4.05,3.7,3.75,229885771
IDFC,20191108,33.7,34.65,33.65,33.75,1076727
IDFCFIRSTB,20191108,42.5,43.1,42,42.15,15191473
IDFNIFTYET,20191108,122.99,123,120,122.97,36
IEX,20191108,144.95,145,140.65,143.4,506286
IFBAGRO,20191108,441.25,444.95,423.55,428.2,9689
IFBIND,20191108,737,749.9,730.6,741.7,8776
IFCI,20191108,8.1,8.2,7.75,7.9,1834113
IFGLEXPOR,20191108,151.15,154.75,151,151.05,4689
IGARASHI,20191108,240,247.45,236,238.7,57324
IGL,20191108,406,427,401,418.15,12921428
IGPL,20191108,152,155.8,146.1,151.85,25693
IIFL,20191108,127.9,146,127.25,136.85,355742
IIFLSEC,20191108,25.65,27.4,25.65,26.35,395226
IIFLWAM,20191108,1274.3,1290,1215.45,1249.5,6058
IITL,20191108,66,66,66,66,60
IMFA,20191108,198.65,199.7,192.35,196.85,18121
IMPAL,20191108,630,638.4,623,633.25,1851
IMPEXFERRO,20191108,0.35,0.35,0.3,0.35,10685
INDBANK,20191108,8,8.05,7.7,7.75,24795
INDHOTEL,20191108,150.4,151.25,149,149.35,265291
INDIACEM,20191108,84.6,86.85,84.2,85.3,1298543
INDIAGLYCO,20191108,232,236.7,229.75,230.25,49312
INDIAMART,20191108,1741,1775,1741,1750.5,86142
INDIANB,20191108,126.6,127.9,122.5,123.5,1114274
INDIANCARD,20191108,101.05,106.5,101.05,101.4,336
INDIANHUME,20191108,256.95,257,249.5,250.05,20171
INDIGO,20191108,1495,1541.75,1480.55,1530,2400373
INDLMETER,20191108,22.35,22.35,22.35,22.35,1037
INDNIPPON,20191108,340,347.95,337,337.9,2133
INDOCO,20191108,151.15,153.9,147.3,149.7,16758
INDORAMA,20191108,28,28,25.55,26.6,93861
INDOSTAR,20191108,202,203.95,193,195.25,71847
INDOTECH,20191108,91.65,94.35,91.45,91.75,1679
INDOTHAI,20191108,24.7,24.7,23.2,23.5,2799
INDOWIND,20191108,3.1,3.35,3.1,3.2,106010
INDRAMEDCO,20191108,39.95,41.5,39.35,40.55,117410
INDSWFTLAB,20191108,30,30.7,28.7,29.65,48516
INDSWFTLTD,20191108,3.8,3.85,3.65,3.85,2483
INDTERRAIN,20191108,74.95,77.8,74.6,74.65,56566
INDUSINDBK,20191108,1367.05,1453.95,1355.55,1422.8,8506906
INEOSSTYRO,20191108,664.9,679.5,651.25,674.3,7223
INFIBEAM,20191108,45.3,47.2,45.3,46.6,2048657
INFOBEAN,20191108,67.4,67.45,67,67.05,2791
INFRABEES,20191108,337.01,340.24,334.59,334.65,1263
INFRATEL,20191108,229,229,216,218.3,8452515
INFY,20191108,722,724.25,705.5,708.15,8585630
INGERRAND,20191108,620.3,620.3,608.1,609.6,6841
INOXLEISUR,20191108,367.45,369.8,357.05,367.9,192669
INOXWIND,20191108,35.7,35.9,28.65,33.5,202708
INSECTICID,20191108,558.3,561.9,550.15,550.7,4260
INSPIRISYS,20191108,47.25,47.25,41.35,42.85,16955
INTEGRA,20191108,0.2,0.2,0.2,0.2,135
INTELLECT,20191108,152.5,153.85,147.4,148.2,299091
INTENTECH,20191108,31.85,31.85,30.35,31.1,4275
INVENTURE,20191108,14,14,13.75,13.8,20234
IOB,20191108,10.45,10.45,10.15,10.2,572517
IOC,20191108,135.95,135.95,133.7,134.05,6571737
IOLCP,20191108,197.95,204.8,197.1,200.4,259818
IPAPPM,20191108,318,318,307.85,308.5,4483
IPCALAB,20191108,1065.85,1095,1055,1069.95,811868
IRB,20191108,73.15,74.25,71.1,71.65,733509
IRCON,20191108,419.9,461,415.15,434.7,529008
IRCTC,20191108,879.75,891,872.3,876.9,948769
ISEC,20191108,297.5,302.6,292,293.35,104259
ISFT,20191108,95,98.3,90,93.85,2447
ISMTLTD,20191108,4.2,4.2,3.95,4.05,3071
ITC,20191108,264.85,265.45,260,260.5,11899353
ITDC,20191108,383,393,373.1,376.8,626241
ITDCEM,20191108,61.9,62.25,57.85,58.9,258999
ITI,20191108,86.9,88.8,85.15,85.8,546986
IVC,20191108,3.65,4,3.65,3.85,115776
IVP,20191108,63.9,63.9,62.1,62.1,440
IVZINGOLD,20191108,3499.95,3499.95,3411,3445.15,42
IVZINNIFTY,20191108,1292.2,1292.2,1289.9,1290.7,110
IZMO,20191108,32.95,33.1,31,33.1,12622
J&KBANK,20191108,31,31.9,30.6,31.3,658336
JAGRAN,20191108,54,55.1,53.6,54.75,300336
JAGSNPHARM,20191108,27,28.45,26.45,27.45,12986
JAIBALAJI,20191108,20.45,20.45,19.6,19.95,2743
JAICORPLTD,20191108,105,106,100.75,101.15,2600737
JAINSTUDIO,20191108,1.8,1.8,1.8,1.8,191
JAMNAAUTO,20191108,44.2,44.7,43.95,44.25,842462
JASH,20191108,124.15,125.9,120,125.9,2891
JAYAGROGN,20191108,133.5,135.9,132.35,133.15,3709
JAYBARMARU,20191108,213,221.5,209.7,212.05,265084
JAYNECOIND,20191108,4,4.1,3.8,4.05,41425
JAYSREETEA,20191108,48.95,50.4,48.6,49.5,57866
JBCHEPHARM,20191108,383,389.9,378.45,385.35,131728
JBFIND,20191108,7.5,7.5,7.1,7.1,32447
JBMA,20191108,225.1,232.7,222.1,224.05,39741
JCHAC,20191108,1991.05,2033.95,1970.2,1989.7,1564
JHS,20191108,17.95,18.6,17.45,18,29595
JIKIND,20191108,0.4,0.4,0.3,0.3,23546
JINDALPHOT,20191108,13.5,14,12.95,13.95,383
JINDALPOLY,20191108,225,226.9,223.25,223.9,13433
JINDALSAW,20191108,85.95,89,85.05,85.75,768240
JINDALSTEL,20191108,146.2,150.4,143.95,144.55,29259836
JINDCOT,20191108,1.6,1.65,1.6,1.6,2250
JINDRILL,20191108,82.6,84.95,80.6,81.5,21027
JINDWORLD,20191108,59.8,59.8,57,58.4,187663
JISLDVREQS,20191108,11.8,11.8,11,11.15,35932
JISLJALEQS,20191108,15.3,15.7,14.9,15,949272
JITFINFRA,20191108,6.5,6.7,6.5,6.6,11505
JIYAECO,20191108,40,41.65,39.2,39.5,193149
JKCEMENT,20191108,1179.95,1198,1165.05,1182.75,87907
JKIL,20191108,159.35,162,157.6,158.2,306567
JKLAKSHMI,20191108,311,312.1,303.15,305.9,63530
JKPAPER,20191108,117.85,119.85,117,117.1,460796
JKTYRE,20191108,71.5,72.2,70.35,70.55,482657
JMA,20191108,24,25.25,23.55,23.85,1988
JMCPROJECT,20191108,112,117,112,113.05,106793
JMFINANCIL,20191108,88.85,89.9,86.9,87.7,1677520
JMTAUTOLTD,20191108,1.4,1.4,1.35,1.4,170048
JOCIL,20191108,110.65,110.65,102,104.35,1352
JPASSOCIAT,20191108,2.25,2.25,2.1,2.15,6403282
JPINFRATEC,20191108,1.4,1.4,1.35,1.4,641551
JPOLYINVST,20191108,11.45,11.45,10.8,11.15,794
JPPOWER,20191108,1.1,1.2,1.1,1.1,3092589
JSL,20191108,35.65,36.2,35,35.25,272076
JSLHISAR,20191108,69.35,70.8,68.5,69.05,117058
JSWENERGY,20191108,78.25,80,76,76.55,1409120
JSWHL,20191108,2629.85,2699,2560,2577.65,3308
JSWSTEEL,20191108,252.75,256.5,248.5,250,7150985
JTEKTINDIA,20191108,89.4,89.4,85.5,86.25,61330
JUBILANT,20191108,538.5,544.8,534.15,539.1,139826
JUBLFOOD,20191108,1616.95,1632,1606.95,1614.2,935316
JUBLINDS,20191108,110,111.75,105.5,106.65,10102
JUMPNET,20191108,70.95,71.75,70.25,71.05,170081
JUNIORBEES,20191108,296.59,298.89,293.8,294.34,160829
JUSTDIAL,20191108,572.9,572.9,546.15,554.1,2428596
JYOTHYLAB,20191108,169.9,172,167.5,170.05,125034
KABRAEXTRU,20191108,70,70.5,67.4,69.7,25289
KAJARIACER,20191108,532.55,536.9,525.1,532,514993
KAKATCEM,20191108,158.9,159.2,155.2,156.8,6128
KALPATPOWR,20191108,440.3,452,440.3,450,444773
KALYANIFRG,20191108,170,170,165,165,112
KAMATHOTEL,20191108,36.1,37.45,35.3,37.05,25817
KAMDHENU,20191108,108.05,110.75,107,107.75,5194
KANANIIND,20191108,2.75,3,2.75,2.75,7001
KANORICHEM,20191108,43.6,44.9,43.2,44.3,11819
KANSAINER,20191108,528,531.5,524,528.5,139653
KARDA,20191108,160,164.35,156.35,158.9,65306
KARMAENG,20191108,9.2,9.2,8.95,8.95,437
KARURVYSYA,20191108,58.8,61.1,58,60.6,1223627
KAUSHALYA,20191108,0.5,0.55,0.45,0.55,5500
KAVVERITEL,20191108,2.55,2.55,2.55,2.55,177
KAYA,20191108,417.05,423,401,404.6,8656
KCP,20191108,66.5,67.45,63,64.6,56331
KCPSUGIND,20191108,14.15,14.3,13.75,13.95,260811
KDDL,20191108,349.85,360,340,344.25,2190
KEC,20191108,263.75,271,263.7,265.35,335051
KECL,20191108,12.2,12.2,12.2,12.2,4191
KEI,20191108,540.9,575,536.1,570.75,289328
KELLTONTEC,20191108,18.15,18.15,17,17.4,50919
KENNAMET,20191108,1090.2,1130.05,1080,1081.85,3301
KERNEX,20191108,22.2,22.7,22.2,22.2,1269
KESARENT,20191108,34.55,34.55,34.55,34.55,501
KESORAMIND,20191108,57,62.5,55.55,61.65,990520
KGL,20191108,0.4,0.4,0.35,0.35,333148
KHADIM,20191108,237.7,255.1,234.55,240.1,71041
KHAITANLTD,20191108,18.9,18.9,18.9,18.9,227
KICL,20191108,1618,1678.95,1585,1594.15,559
KILITCH,20191108,134.8,136,129,132.25,20988
KINGFA,20191108,675,689.9,660,666.4,897
KIOCL,20191108,131,141.9,128.65,132,156329
KIRIINDUS,20191108,385.8,423.5,383.35,400.4,397695
KIRLOSBROS,20191108,149,153.35,145,148.4,14089
KIRLOSENG,20191108,166,171.55,162.8,169.4,16227
KIRLOSIND,20191108,634.05,642,625.25,633.1,916
KITEX,20191108,91.8,93.1,90.55,91.55,120476
KKCL,20191108,989,1000,989,992,135
KMSUGAR,20191108,6.85,6.85,6.65,6.7,89417
KNRCON,20191108,246.9,246.95,236.2,239.05,59323
KOHINOOR,20191108,11.4,11.4,10.9,11.4,36192
KOKUYOCMLN,20191108,76.75,77.75,74.7,75.45,11933
KOLTEPATIL,20191108,268.2,273,263.6,270.1,37549
KOPRAN,20191108,29.55,30,28.8,28.95,25421
KOTAKBANK,20191108,1578.9,1606,1572,1600.25,3913627
KOTAKBKETF,20191108,314,317.9,311.5,313.77,68969
KOTAKGOLD,20191108,340,340,334.15,335.9,58219
KOTAKNIFTY,20191108,123.8,124.65,123,123.27,125395
KOTAKNV20,20191108,59.49,59.49,58.35,58.62,8842
KOTAKPSUBK,20191108,245.5,245.5,233,239.94,14997
KOTARISUG,20191108,10.2,10.3,10.15,10.2,17053
KOTHARIPET,20191108,17.1,17.15,16.6,16.7,6561
KOTHARIPRO,20191108,62,63.5,62,62.15,4807
KPITTECH,20191108,90,90.6,88.3,90,187473
KPRMILL,20191108,660,664,648.45,653.2,13302
KRBL,20191108,210.7,211.6,205.1,207.8,75066
KREBSBIO,20191108,91,91,87.2,89.35,641
KRIDHANINF,20191108,5.2,5.35,4.85,5.05,395643
KRISHANA,20191108,53.05,53.05,53.05,53.05,171
KSB,20191108,713.5,736.1,713.5,715.65,8101
KSCL,20191108,533.5,545,533.5,536.05,66939
KSERASERA,20191108,0.05,0.1,0.05,0.1,384133
KSK,20191108,0.75,0.75,0.7,0.75,1081934
KSL,20191108,223,226,219.9,223.15,48681
KTIL,20191108,34.4,34.5,31.6,34.05,4029
KTKBANK,20191108,77,79.2,76.3,78.15,754211
KUANTUM,20191108,460,468,440.1,449.85,65
KWALITY,20191108,3.15,3.15,3.15,3.15,593946
L&TFH,20191108,97.75,102,96.65,99.55,12767085
LAKSHVILAS,20191108,20.45,20.45,20.45,20.45,357531
LALPATHLAB,20191108,1504.9,1520,1440.4,1452.9,377630
LAMBODHARA,20191108,31.5,33.4,30.15,30.95,14999
LAOPALA,20191108,167,169.95,162,167.35,33244
LASA,20191108,18.95,19.05,18.05,18.05,27628
LAURUSLABS,20191108,371,373.7,364.1,366.05,88246
LAXMIMACH,20191108,3420.85,3490,3400,3436.6,7187
LEMONTREE,20191108,59.1,59.95,58.3,58.85,359263
LGBBROSLTD,20191108,293.55,299,290.55,295.4,2656
LGBFORGE,20191108,2.4,2.45,2.3,2.4,14930
LIBAS,20191108,49.05,51,48,51,101
LIBERTSHOE,20191108,123.95,150.45,122.25,129.7,1568799
LICHSGFIN,20191108,436.85,445.4,432,439.55,3398900
LICNETFGSC,20191108,21.2,21.25,21,21.13,548
LICNETFN50,20191108,124.5,125.95,121.95,122,970
LICNETFSEN,20191108,478.7,478.7,478.7,478.7,1
LICNFNHGP,20191108,125,128.1,123.15,124.11,1337
LINCOLN,20191108,157.4,165.4,157.1,161.7,33857
LINCPEN,20191108,199,205,195.1,196.2,6414
LINDEINDIA,20191108,556,560,541.15,545.45,6821
LIQUIDBEES,20191108,1000.01,1000.01,999.99,1000,794005
LIQUIDETF,20191108,999.99,1000.01,999.99,999.99,67695
LOKESHMACH,20191108,35.8,36,34.8,35.7,18322
LOTUSEYE,20191108,20.25,20.25,20,20.05,387
LOVABLE,20191108,67.55,69,66.15,67.6,2865
LPDC,20191108,1.7,1.75,1.7,1.75,125
LSIL,20191108,0.55,0.6,0.5,0.5,2043693
LT,20191108,1429.95,1448,1420,1423,2217408
LTI,20191108,1674.8,1674.8,1650,1652.6,31375
LTTS,20191108,1466,1474.05,1447,1454.65,71132
LUMAXIND,20191108,1250.05,1258.55,1245,1245.05,1101
LUMAXTECH,20191108,102,103.75,99.6,100.6,15615
LUPIN,20191108,741,743,715.25,718.75,1523794
LUXIND,20191108,1197.95,1204,1176.6,1191.05,50407
LYKALABS,20191108,16.7,17.05,15.85,16,17402
LYPSAGEMS,20191108,4.75,4.75,4.2,4.45,18977
M&M,20191108,578,596.5,576.85,580,8374614
M&MFIN,20191108,339,339.4,327.75,329,1099647
M100,20191108,17.37,17.72,17.37,17.64,17159
M50,20191108,117.45,117.75,116.58,117.11,789
MAANALU,20191108,64.75,65.45,62,62.55,3260
MADHAV,20191108,24.4,24.4,23.1,23.4,3556
MADHUCON,20191108,4.7,4.75,4.6,4.75,45107
MADRASFERT,20191108,20.3,20.7,19.75,19.95,377905
MAGADSUGAR,20191108,109.05,112.5,108,108.35,26318
MAGMA,20191108,49.8,50.3,45.6,47.25,142894
MAGNUM,20191108,3.8,4.05,3.75,3.75,795
MAHABANK,20191108,12.1,12.2,11.7,11.8,418992
MAHAPEXLTD,20191108,84.9,86.85,80.05,86.2,1028
MAHASTEEL,20191108,151,158,149.75,155.55,37568
MAHESHWARI,20191108,240.05,242.45,232,239.6,15406
MAHINDCIE,20191108,149.1,151.4,146.4,149.3,208689
MAHLIFE,20191108,394.5,395,375.05,380.45,384791
MAHLOG,20191108,397.95,397.95,387.9,389.8,49972
MAHSCOOTER,20191108,4872,4950,4833.6,4913.95,5346
MAHSEAMLES,20191108,368.05,372.45,366.15,370.15,3730
MAITHANALL,20191108,467,473.75,445.25,447,13749
MAJESCO,20191108,420.7,430,419.6,423.85,7923
MALUPAPER,20191108,23,23.7,23,23.2,5369
MAN50ETF,20191108,121.2,121.7,121.15,121.2,138
MANAKALUCO,20191108,5.55,5.55,4.9,5.05,17786
MANAKCOAT,20191108,3.9,4.1,3.9,3.9,3706
MANAKSIA,20191108,39.55,39.55,38.15,38.2,15546
MANAKSTEEL,20191108,10.05,10.65,10.05,10.4,3920
MANALIPETC,20191108,18.6,18.7,18.15,18.25,114037
MANAPPURAM,20191108,166.5,169.9,165.75,166.3,3372286
MANGALAM,20191108,32.45,32.45,31.3,31.3,9112
MANGCHEFER,20191108,28.1,29.9,28.1,28.95,51515
MANGLMCEM,20191108,318.2,320.95,310,315.3,13196
MANGTIMBER,20191108,5.4,5.45,5.3,5.3,1537
MANINDS,20191108,44.5,44.95,43.5,43.55,21107
MANINFRA,20191108,26.6,26.95,25.3,25.7,64113
MANUGRAPH,20191108,16,16,15.4,15.45,6560
MARALOVER,20191108,19.65,20.4,19.6,19.6,11017
MARATHON,20191108,80.05,83.5,78.4,81.1,17326
MARICO,20191108,370,372.45,366.85,370.6,1334062
MARKSANS,20191108,14.65,15.1,14.5,14.6,644205
MARUTI,20191108,7286.45,7370,7178.05,7200.55,983936
MASFIN,20191108,696.15,726.3,696.05,721.2,6257
MASTEK,20191108,331.95,331.95,323,324.15,16233
MATRIMONY,20191108,515,569,505,509.95,4272
MAWANASUG,20191108,36.25,36.25,34.5,34.7,201878
MAXINDIA,20191108,78,78.65,75.05,76.2,296319
MAXVIL,20191108,39.05,41.45,38.8,39.3,667060
MAYURUNIQ,20191108,226,227.35,219.1,225.55,16244
MAZDA,20191108,353,363.75,352.15,355.7,8630
MBAPL,20191108,73.95,73.95,70,70,501
MBECL,20191108,4.25,4.25,4,4.25,8697
MBLINFRA,20191108,5.3,5.3,5,5.25,31965
MCDHOLDING,20191108,18.85,19.3,18.2,18.3,15655
MCDOWELL-N,20191108,647.1,649.25,627.85,633.05,1190123
MCLEODRUSS,20191108,7.1,7.2,6.85,7,187246
MCX,20191108,1100,1124,1090.15,1107.15,653307
MEGASOFT,20191108,6.8,7.4,6.8,6.9,32988
MEGH,20191108,56,57,54.65,55.55,844740
MELSTAR,20191108,0.85,0.85,0.8,0.8,175
MENONBE,20191108,57.95,58.4,56.6,57.8,4440
MEP,20191108,34.3,34.3,32.3,32.75,102950
MERCATOR,20191108,1.3,1.3,1.2,1.25,773566
METALFORGE,20191108,9.8,9.8,9.7,9.75,30013
METROPOLIS,20191108,1386.5,1401.05,1336.6,1357.1,39691
MFSL,20191108,474.85,497.15,465,482,5903904
MGL,20191108,953.8,984.05,951,969.6,1197308
MHRIL,20191108,231.15,236.25,230,230.85,29820
MIC,20191108,0.75,0.8,0.7,0.8,175369
MIDHANI,20191108,171.4,186.95,170.75,172.6,1610060
MINDACORP,20191108,96.25,98.3,94.5,95.2,120525
MINDAIND,20191108,363.5,363.5,343.2,344.6,66673
MINDTECK,20191108,32.05,35.7,32.05,34.6,23957
MINDTREE,20191108,703.25,706,691.65,693.8,284043
MIRCELECTR,20191108,8.35,8.55,8.15,8.2,177834
MIRZAINT,20191108,58.35,63.4,58.25,61.9,1907880
MMFL,20191108,406.05,406.05,379.55,397.95,1160
MMTC,20191108,19,19.15,18.3,18.65,896940
MODIRUBBER,20191108,41.8,41.8,41.8,41.8,191
MOHITIND,20191108,5.1,5.1,4.5,5.1,8136
MOHOTAIND,20191108,9.5,9.55,8.65,8.9,15659
MOIL,20191108,144.6,149.5,143.75,144.25,579126
MOLDTECH,20191108,49.05,51,48.65,49.95,31832
MOLDTKPAC,20191108,294.15,303,290.05,291.5,31196
MONTECARLO,20191108,238.95,238.95,232.45,236.55,11658
MORARJEE,20191108,13.7,14,13.7,13.7,1025
MOREPENLAB,20191108,17.1,17.1,16.9,16.95,205858
MOTHERSUMI,20191108,132.85,135.35,128.6,129.25,12151485
MOTILALOFS,20191108,681,694.25,672,675.35,99023
MOTOGENFIN,20191108,33.55,36.45,33.55,34.9,1136
MPHASIS,20191108,904.7,914,875.1,879.55,100609
MPSLTD,20191108,510.2,514.1,510,510.15,20201
MRF,20191108,63681.4,65490,62855.7,64454.45,15991
MRO-TEK,20191108,27.4,28,27.35,27.35,952
MRPL,20191108,50.15,50.15,48.5,48.75,421272
MSPL,20191108,6.1,6.1,5.7,6.1,5477
MSTCLTD,20191108,153.9,163.3,145,148.15,2840123
MTEDUCARE,20191108,21.15,22,21.15,21.3,30308
MTNL,20191108,10.15,10.15,10.15,10.15,189851
MUKANDENGG,20191108,12.35,12.35,11.6,11.65,1286
MUKANDLTD,20191108,32.3,34.4,31.45,32,23105
MUKTAARTS,20191108,40.5,41.85,39.95,41.45,31590
MUNJALAU,20191108,46.7,47.5,45.05,45.55,119879
MUNJALSHOW,20191108,133.05,135.85,131.05,132.35,19227
MURUDCERA,20191108,17.2,17.35,16.2,16.55,29724
MUTHOOTCAP,20191108,463.85,467.3,453.55,454.9,8489
MUTHOOTFIN,20191108,683,686.85,673.2,674.9,330246
MVL,20191108,0.1,0.1,0.05,0.1,597998
N100,20191108,576,580,567.5,569.23,20542
NACLIND,20191108,27.75,28.05,27,27.25,61999
NAGAFERT,20191108,3.95,3.95,3.95,3.95,23976
NAGAROIL,20191108,0.25,0.3,0.2,0.25,1324281
NAGREEKEXP,20191108,15.4,15.4,14.1,14.35,3838
NAHARCAP,20191108,74.4,74.4,71,71.65,1189
NAHARINDUS,20191108,27.25,27.45,26.6,26.85,3892
NAHARPOLY,20191108,34.4,35.9,34.35,35.4,938
NAHARSPING,20191108,51.6,52.5,49.5,50.15,9197
NATCOPHARM,20191108,579.1,581.8,573.05,577.8,48779
NATHBIOGEN,20191108,341.95,367.95,341.95,353.7,50780
NATIONALUM,20191108,46.9,47.55,46.3,46.5,5417065
NATNLSTEEL,20191108,1.95,1.95,1.95,1.95,45
NAUKRI,20191108,2600,2625,2483.7,2515.05,931637
NAVINFLUOR,20191108,870,899.7,844.05,859.6,132893
NAVKARCORP,20191108,33.5,35.7,33,34.4,231762
NAVNETEDUL,20191108,100.7,101.1,97.25,99,35330
NBCC,20191108,41.55,41.9,40.55,40.75,20478412
NBIFIN,20191108,1504,1520,1499,1520,303
NBVENTURES,20191108,71.7,73.25,70.5,70.6,64781
NCC,20191108,55.4,63.45,54.8,58.45,42695180
NCLIND,20191108,91.95,92.95,89.25,90,96013
NDL,20191108,34,36.5,32,34,27758
NDTV,20191108,31.85,33.5,30.9,31.85,30721
NECCLTD,20191108,5.45,5.45,4.9,5.2,12444
NECLIFE,20191108,14.1,14.4,14,14.05,45250
NELCAST,20191108,43.5,44,41.75,42.35,160637
NELCO,20191108,245.75,250,239.1,240.25,46379
NEOGEN,20191108,384.4,385.8,376,376.8,7429
NESCO,20191108,560.95,568.15,560.95,562.55,27914
NESTLEIND,20191108,14750,14850,14374,14471.3,82029
NETF,20191108,121.91,122,120.95,122,133
NETFCONSUM,20191108,54.76,54.76,53.8,53.87,274
NETFDIVOPP,20191108,30.06,30.06,30.03,30.03,125
NETFLTGILT,20191108,20.1,20.1,20.05,20.05,2407
NETFMID150,20191108,62.26,62.39,61.77,61.84,13705
NETFNIF100,20191108,125,125.5,124.18,124.76,43
NETFNV20,20191108,593.83,593.83,586.6,586.8,175
NETWORK18,20191108,23.8,23.9,23.25,23.35,131371
NEULANDLAB,20191108,489.65,506,489.65,501,19823
NEWGEN,20191108,202.75,208.65,199.55,203.3,77764
NEXTMEDIA,20191108,10.75,11.25,10.75,10.9,7958
NFL,20191108,27.1,28.2,27,27.1,436231
NH,20191108,274.85,290,268.95,275,121192
NHPC,20191108,23.45,23.5,23.2,23.35,1965883
NIACL,20191108,152.05,156,144.45,145.05,410903
NIBL,20191108,7.5,8,7.3,7.3,4076
NIFTYBEES,20191108,1266.9,1275,1258.76,1260.62,79178
NIFTYEES,20191108,15200,15500,15200,15500,5
NIITLTD,20191108,100,102,100,100.4,436371
NIITTECH,20191108,1570,1588,1534.95,1540.4,123434
NILAINFRA,20191108,5.55,5.8,5,5.2,599876
NILASPACES,20191108,1.3,1.35,1.3,1.3,78588
NILKAMAL,20191108,1220,1274.85,1220,1247.05,9757
NIPPOBATRY,20191108,446.05,448.05,438.1,440.75,234
NITCO,20191108,23.3,23.85,22.6,22.8,78187
NITINSPIN,20191108,56.7,56.7,53.5,54.1,26119
NKIND,20191108,23.5,23.65,23.5,23.6,1325
NLCINDIA,20191108,55.2,56.35,54.35,54.65,467667
NMDC,20191108,106.6,109,103.4,103.75,6384271
NOCIL,20191108,110.35,113.65,107.2,107.85,1104464
NOIDATOLL,20191108,4.25,4.25,4.05,4.15,21550
NORBTEAEXP,20191108,3.8,3.9,3.8,3.9,252
NPBET,20191108,172.26,174.64,171.21,171.95,1203
NRAIL,20191108,227.9,230,222,222.1,7689
NRBBEARING,20191108,105.8,105.8,103.05,105.05,67467
NSIL,20191108,844.3,870,815,856.95,1082
NTL,20191108,0.35,0.4,0.35,0.35,26514
NTPC,20191108,119.1,119.35,117,117.4,9771715
NUCLEUS,20191108,304.9,312,300.1,308.45,12453
OAL,20191108,204,204,199,200.1,3442
OBEROIRLTY,20191108,507.4,516.8,503.55,515.05,191156
OCCL,20191108,1014.9,1014.9,991,996.05,2922
OFSS,20191108,3134.9,3145.4,3109.7,3126.1,7250
OIL,20191108,166.6,168,164.65,165.55,334833
OILCOUNTUB,20191108,6.4,6.7,6.25,6.45,5687
OISL,20191108,4.5,4.6,4.35,4.5,8806
OLECTRA,20191108,193.05,195.45,190.65,194.25,27792
OMAXAUTO,20191108,47.95,49.8,44.25,45.75,31365
OMAXE,20191108,183.4,186.3,182.2,185.8,212387
OMKARCHEM,20191108,5.1,5.3,4.8,5.1,31758
OMMETALS,20191108,20.6,25.05,20.6,24.95,309056
ONELIFECAP,20191108,6.6,6.6,6.6,6.6,31
ONEPOINT,20191108,15.35,15.35,11.5,13.65,4480
ONGC,20191108,141.95,143.5,137.6,138.3,8252930
ONMOBILE,20191108,39.3,39.3,37.05,37.15,80933
ONWARDTEC,20191108,68.05,68.7,65.45,65.95,4895
OPTIEMUS,20191108,41.9,41.9,41.9,41.9,1253
OPTOCIRCUI,20191108,4,4.15,3.85,3.95,296568
ORBTEXP,20191108,87.05,89,85.1,85.75,4577
ORICONENT,20191108,19.8,20.6,19.35,20.2,32988
ORIENTABRA,20191108,19.5,19.95,18.65,18.9,29299
ORIENTALTL,20191108,13.4,13.75,13.2,13.25,48712
ORIENTBANK,20191108,53.3,53.75,52.6,52.85,424351
ORIENTBELL,20191108,130.1,131.7,124,124.65,13923
ORIENTCEM,20191108,79.35,81.15,79.05,79.65,74775
ORIENTELEC,20191108,189.95,198.3,189.95,191.95,209448
ORIENTHOT,20191108,36.75,36.85,36,36.55,13556
ORIENTLTD,20191108,103.95,108.7,98.85,100.75,559
ORIENTPPR,20191108,27.15,27.15,26.55,26.75,126142
ORIENTREF,20191108,216,221.75,214,215.35,14886
ORISSAMINE,20191108,1450,1490,1414,1446.8,59693
ORTINLABSS,20191108,10.5,10.5,9.75,10,1220
OSWALAGRO,20191108,5.9,6,5.45,5.65,8180
PAEL,20191108,3.5,3.5,3.5,3.5,1620
PAGEIND,20191108,23950,24899.9,23917.35,24403.1,34309
PAISALO,20191108,455.1,462.1,453,457.85,30941
PALASHSECU,20191108,30.75,33.4,30.75,32.45,95
PALREDTEC,20191108,21,21,20.5,20.55,692
PANACEABIO,20191108,136.1,139.15,136,137,27661
PANAMAPET,20191108,70.1,73.7,68.1,68.55,30298
PAPERPROD,20191108,248.95,255.05,247,251.9,19167
PARABDRUGS,20191108,1.35,1.35,1.35,1.35,8244
PARACABLES,20191108,9.2,9.7,8.8,8.95,153253
PARAGMILK,20191108,135,139.2,132.95,134.15,280777
PARSVNATH,20191108,2.4,2.45,2.3,2.35,302701
PATELENG,20191108,16,16,16,16,47771
PATINTLOG,20191108,22.75,22.95,21.85,22.1,14011
PATSPINLTD,20191108,6.05,7,5.85,6.1,4515
PCJEWELLER,20191108,36.05,36.35,35.1,35.35,7742815
PDMJEPAPER,20191108,15.35,16.65,15.35,16.25,34878
PDPL,20191108,2.45,2.55,2.45,2.55,202
PDSMFL,20191108,331,331,313.45,314.95,12863
PEARLPOLY,20191108,9.9,9.95,9.9,9.95,21645
PEL,20191108,1782.5,1819,1767.35,1776.55,1342725
PENIND,20191108,29.9,30.1,27.45,27.65,415750
PENINLAND,20191108,5.4,5.6,4.9,5.15,894823
PERSISTENT,20191108,610,622,602.25,615.05,118527
PETRONENGG,20191108,6.85,6.85,6.85,6.85,164
PETRONET,20191108,284.9,286.3,282.65,283.4,1710718
PFC,20191108,113.55,113.9,110.65,111.05,4512934
PFIZER,20191108,4039.8,4074.65,3996.55,4025.2,21710
PFOCUS,20191108,79.95,85.5,75.2,84.15,683603
PFS,20191108,13.15,13.55,13.05,13.15,385155
PGEL,20191108,40.65,40.95,39.1,39.35,47234
PGHH,20191108,11666,11713.5,11309,11379.9,3063
PGHL,20191108,4545.15,4549.85,4350,4357.85,56166
PGIL,20191108,179,189.4,176.6,181.8,69753
PHILIPCARB,20191108,126.55,129,123.55,124.3,1088750
PHOENIXLTD,20191108,721,750,715,731.75,45640
PIDILITIND,20191108,1382.1,1388.7,1345.5,1354.15,422960
PIIND,20191108,1395,1415,1389.05,1400.25,71407
PILANIINVS,20191108,1799.95,1799.95,1781,1792.7,10516
PILITA,20191108,5.95,5.95,5.6,5.6,95428
PIONDIST,20191108,140.5,144.4,138.5,139.65,10813
PIONEEREMB,20191108,28,28.4,25.75,27.45,6514
PIRPHYTO,20191108,24.4,24.4,23.55,24.4,4739
PITTIENG,20191108,42.3,43.45,38.65,40.2,78217
PLASTIBLEN,20191108,175,181.95,172.35,176.9,8094
PNB,20191108,61.85,62.6,61.1,61.45,18136704
PNBGILTS,20191108,28.5,28.95,28.25,28.45,94466
PNBHOUSING,20191108,584.25,585.75,558.25,570.5,636469
PNC,20191108,14.5,14.55,13.6,13.95,10618
PNCINFRA,20191108,177.9,179.9,173.5,174.75,137804
PODDARHOUS,20191108,372,390,372,373,59
PODDARMENT,20191108,184.95,192.9,181.6,184.15,9182
POKARNA,20191108,169.05,170.95,165.6,168.6,17383
POLYCAB,20191108,861,918,861,889.35,555841
POLYMED,20191108,207,207,198,200.15,332886
POLYPLEX,20191108,490.05,509.8,490.05,493.2,32380
PONNIERODE,20191108,121.85,132.85,119,123.1,1224
POWERGRID,20191108,195.25,195.4,190.85,191.65,6616268
POWERMECH,20191108,697,720,683.6,702.05,15947
PPAP,20191108,180.75,183,175,177.3,11810
PPL,20191108,79,79.95,78.25,78.85,27830
PRABHAT,20191108,85.2,89.35,85.2,88.05,129456
PRADIP,20191108,0.45,0.55,0.45,0.55,1296
PRAENG,20191108,7.6,8,7.35,7.6,21403
PRAJIND,20191108,113.9,113.9,110.85,111.2,526080
PRAKASH,20191108,55.35,55.8,51.5,51.9,969316
PRAKASHSTL,20191108,0.25,0.25,0.2,0.2,13734
PRAXIS,20191108,64,64.2,62.5,64,1676
PRECAM,20191108,29.7,30.5,28.25,30.3,97870
PRECOT,20191108,29.95,30,27.3,29.85,1369
PRECWIRE,20191108,185.05,188.15,180.35,183.4,5505
PREMEXPLN,20191108,165.3,175,165.05,165.45,12508
PREMIER,20191108,2.15,2.15,2.1,2.15,1803
PREMIERPOL,20191108,18.2,18.2,17.55,18,980
PRESSMN,20191108,20.65,21.7,20.15,21.05,3274
PRESTIGE,20191108,311,314.6,306,310.3,252933
PRICOLLTD,20191108,34.2,34.8,33.2,33.7,43754
PRIMESECU,20191108,47.1,49.5,46.25,48.65,33152
PROSEED,20191108,0.4,0.4,0.3,0.3,90510
PROVOGE,20191108,0.8,0.8,0.8,0.8,27728
PROZONINTU,20191108,20.75,21.6,20,21.25,9994
PRSMJOHNSN,20191108,74.5,75,73,73.2,124182
PSB,20191108,19.8,20,19.5,19.6,57892
PSL,20191108,0.75,0.75,0.65,0.7,1308
PSPPROJECT,20191108,540,546,536,540.2,15611
PSUBNKBEES,20191108,273.2,273.87,267.5,268.11,2772
PTC,20191108,57.6,58.45,57.3,57.6,529165
PTL,20191108,35.3,37.4,35.3,37.1,21754
PUNJABCHEM,20191108,534,542.85,524.95,528.5,749
PURVA,20191108,65.1,67,63.25,64.05,150085
PVR,20191108,1743.65,1784.75,1743.65,1759.5,215429
QGOLDHALF,20191108,1677,1678,1669,1670.8,466
QNIFTY,20191108,1225.5,1225.5,1225.5,1225.5,9
QUESS,20191108,514.8,533,510.5,526.95,156171
QUICKHEAL,20191108,137.6,146.3,137.05,139.55,431098
RADICO,20191108,323.5,338.4,320,330.4,1319733
RADIOCITY,20191108,30.25,30.65,29.1,29.8,83374
RAIN,20191108,103.5,109.6,103.1,103.95,3000537
RAJESHEXPO,20191108,675,682.15,673.5,674.9,120720
RAJSREESUG,20191108,17.7,17.7,16.8,17,5942
RAJTV,20191108,43.5,43.5,40.5,42.9,8593
RALLIS,20191108,170.55,172.4,166.6,167.35,94019
RAMANEWS,20191108,15.85,15.85,15.2,15.5,2864
RAMASTEEL,20191108,48.9,48.9,46.2,47.65,4259
RAMCOCEM,20191108,803,812.6,789.3,796.2,169654
RAMCOIND,20191108,189.5,190.8,187.25,187.8,13495
RAMCOSYS,20191108,152.6,154.15,148.3,149.65,19958
RAMKY,20191108,47.75,47.75,46,46,45818
RANASUG,20191108,2.5,2.65,2.5,2.6,205900
RANEENGINE,20191108,216,217.85,206.25,211.1,1225
RANEHOLDIN,20191108,884.55,909.9,870,877.25,7041
RATNAMANI,20191108,968.65,973,940,950.3,12062
RAYMOND,20191108,700,808,700,808,8443463
RBL,20191108,512.55,517.95,510,511.4,7306
RBLBANK,20191108,308,332.75,305.35,323.9,23684769
RCF,20191108,52.75,54.9,50.35,52.05,1661471
RCOM,20191108,0.6,0.7,0.6,0.7,34438984
RECLTD,20191108,142.5,143,138.45,138.75,5053187
REDINGTON,20191108,115.4,115.4,110.5,114.25,133040
REFEX,20191108,48,49.45,47.25,49.45,145952
REGENCERAM,20191108,1.75,1.75,1.7,1.7,207
RELAXO,20191108,560.55,566.65,550.15,550.75,113482
RELCAPITAL,20191108,25.75,25.75,25.75,25.75,517816
RELIANCE,20191108,1449,1459.65,1441.3,1445.5,5494844
RELIGARE,20191108,59.35,59.35,54.8,55.35,544847
RELINFRA,20191108,46.75,46.75,46.75,46.75,292180
REMSONSIND,20191108,86,86,81.15,82.8,9233
RENUKA,20191108,8.15,8.15,8,8.1,389205
REPCOHOME,20191108,305,308.5,298.1,300.15,35522
REPRO,20191108,641.85,647.05,633,640.15,3793
RESPONIND,20191108,92.85,93.25,91.15,91.9,136401
REVATHI,20191108,398.35,398.35,372.1,373.9,50
RGL,20191108,249,253.9,245.05,249,1199
RHFL,20191108,6.3,6.3,5.7,6.2,5096707
RICOAUTO,20191108,49.05,50.8,46.1,47,346414
RIIL,20191108,328,335.85,317.5,319.75,700441
RITES,20191108,284.7,299,283.1,287.3,934314
RKDL,20191108,6.2,6.45,6.15,6.3,5589
RKFORGE,20191108,302.9,302.9,288,289.65,193645
RMCL,20191108,3.95,4.15,3.85,3.85,279516
RML,20191108,258,258.05,248.55,250.7,6258
RNAM,20191108,336.5,338.9,316.25,318.95,3038431
RNAVAL,20191108,4.45,4.45,4.15,4.45,2048622
ROHITFERRO,20191108,0.75,0.75,0.75,0.75,750
ROHLTD,20191108,81.05,82.7,73.15,77,73657
ROLLT,20191108,2.05,2.05,2,2,2976
ROLTA,20191108,5.6,5.65,5.4,5.65,329691
ROSSELLIND,20191108,65,65,63,63.1,2944
RPGLIFE,20191108,291.7,304.9,285.5,290,78902
RPOWER,20191108,4.8,4.8,4.65,4.8,16407456
RPPINFRA,20191108,86,92.95,84.6,92.25,26179
RSSOFTWARE,20191108,22.6,22.7,21,22.4,22172
RSWM,20191108,105.4,106.15,101.6,103.75,20819
RSYSTEMS,20191108,51.1,52,49,49.8,19965
RTNINFRA,20191108,1.6,1.6,1.6,1.6,89603
RTNPOWER,20191108,1.75,1.75,1.65,1.65,805332
RUBYMILLS,20191108,188,188,181,186.4,651
RUCHINFRA,20191108,1.95,2.1,1.95,2.05,8523
RUCHIRA,20191108,82.7,82.7,79.5,80.35,30613
RUCHISOYA,20191108,3.5,3.6,3.45,3.55,3976237
RUPA,20191108,177.85,185,176.25,177.8,37801
RUSHIL,20191108,106.85,108.55,103.7,108.55,29999
RVNL,20191108,23.85,24.45,23.8,23.85,6360245
SABTN,20191108,1.55,1.55,1.55,1.55,3586
SADBHAV,20191108,129.15,133.15,121.9,124.95,135656
SADBHIN,20191108,40.05,41.2,39,40.25,4843
SAFARI,20191108,568.9,573,551,552.4,4156
SAGARDEEP,20191108,65,65.65,63,64.1,6620
SAGCEM,20191108,575.85,583.95,565,575.05,2731
SAIL,20191108,39.85,39.95,38.55,38.7,27026861
SAKAR,20191108,51.75,51.9,51.5,51.9,11288
SAKHTISUG,20191108,9.25,9.25,8.55,8.6,40274
SAKSOFT,20191108,227.35,241.8,227.35,240,3927
SAKUMA,20191108,7.1,7.1,7,7.1,148911
SALASAR,20191108,131.9,135,125,126.4,36284
SALONA,20191108,66.2,66.55,66.2,66.5,20
SALSTEEL,20191108,2.55,2.6,2.5,2.55,13927
SALZERELEC,20191108,126.05,131,126,127.45,5219
SAMBHAAV,20191108,3.75,3.75,3.3,3.75,67887
SANCO,20191108,16.5,16.6,15.7,15.95,124476
SANDESH,20191108,600.05,609.9,591.1,601.2,20155
SANDHAR,20191108,239.7,243.05,238.1,239.45,3516
SANGAMIND,20191108,52.1,56,51.1,53.55,42530
SANGHIIND,20191108,44.1,44.4,41.75,41.85,234663
SANGHVIFOR,20191108,30.75,30.75,30.75,30.75,70
SANGHVIMOV,20191108,75.85,75.85,73.1,73.4,10448
SANGINITA,20191108,151,151,140.85,146.6,98502
SANOFI,20191108,6502,6578.5,6400,6466.9,4000
SANWARIA,20191108,2.2,2.25,2.2,2.25,6764457
SARDAEN,20191108,190.7,195.95,186.65,187.8,66396
SAREGAMA,20191108,402.15,420,402.1,411,12463
SARLAPOLY,20191108,20.45,24.05,20,23.35,355777
SASKEN,20191108,638.9,638.9,630.65,632.7,13684
SASTASUNDR,20191108,83.15,90,83.15,85.55,1218
SATHAISPAT,20191108,3.2,3.2,3,3.2,15576
SATIA,20191108,77,83.35,77,79.45,49933
SATIN,20191108,232.7,244.7,229,236.6,51217
SBIETFQLTY,20191108,101.65,102.69,101,101.5,2520
SBILIFE,20191108,1006,1022,976.5,982.2,5656687
SBIN,20191108,316.2,321,314.5,316,25423362
SCAPDVR,20191108,0.45,0.45,0.45,0.45,2338
SCHAEFFLER,20191108,4387,4387,4251,4282.75,4233
SCHAND,20191108,65.35,72,62.3,71.6,87815
SCHNEIDER,20191108,68.8,70.75,68.45,69.25,86892
SCI,20191108,57.25,59.45,55.6,57.6,5082562
SDBL,20191108,115.8,118,114.4,115.75,18443
SEAMECLTD,20191108,464.2,464.2,427,429.9,10441
SELAN,20191108,154.5,177,153,164.25,711852
SELMCL,20191108,0.75,0.8,0.75,0.8,42773
SEPOWER,20191108,3.55,3.55,3.2,3.3,14217
SEQUENT,20191108,73.8,74.85,70.35,70.75,339584
SESHAPAPER,20191108,178.9,182.8,177,178.05,82585
SETCO,20191108,15.25,15.4,14.85,14.95,85090
SETF10GILT,20191108,187,189.19,186,186,5035
SETFGOLD,20191108,3450,3459,3430,3436.8,1709
SETFNIF50,20191108,123,123.7,122.39,122.63,117268
SETFNIFBK,20191108,308.97,314.06,308.5,309.22,303415
SETFNN50,20191108,300,300,289.2,292.34,4763
SETUINFRA,20191108,1.4,1.5,1.4,1.5,100661
SEYAIND,20191108,184.9,184.9,172,176,13435
SFL,20191108,1239.95,1267.95,1220,1232.55,2371
SGL,20191108,7.9,7.9,7.55,7.7,24923
SHAHALLOYS,20191108,8.75,8.85,8.35,8.8,2482
SHAKTIPUMP,20191108,255.5,258,250,251.8,19880
SHALBY,20191108,107.05,112,105.5,106.5,27403
SHALPAINTS,20191108,96,99.3,94.55,96.3,66476
SHANKARA,20191108,358.5,363,348,351.7,31062
SHANTIGEAR,20191108,101.1,103.3,100.3,102.45,8423
SHARDACROP,20191108,275.15,277,272.15,273.25,2969
SHARDAMOTR,20191108,1085,1120,1082.55,1095,526
SHARIABEES,20191108,260,261.14,260,260.61,44
SHEMAROO,20191108,177.05,180,174,175.45,5786
SHILPAMED,20191108,323,325.7,313.25,321.5,11669
SHIRPUR-G,20191108,6.65,6.65,6.1,6.1,308975
SHIVAMAUTO,20191108,26.05,26.7,25.5,26.4,112735
SHIVAMILLS,20191108,34.5,34.85,33.3,34.15,452
SHIVATEX,20191108,114.95,118,110.05,112.8,839
SHK,20191108,129.7,129.7,123.2,124.45,17712
SHOPERSTOP,20191108,381.3,381.3,363.2,368.85,4455
SHREDIGCEM,20191108,21.75,21.8,20.4,20.65,248498
SHREECEM,20191108,20099.9,20166,19711,19985.95,22206
SHREEPUSHK,20191108,94.4,98.8,94.4,96.45,15212
SHREERAMA,20191108,4.1,4.2,3.85,4.1,31506
SHRENIK,20191108,57.15,57.35,53.95,54.85,57681
SHREYANIND,20191108,126.8,130,125,126.6,29549
SHREYAS,20191108,79.75,80.75,76.15,78.7,10071
SHRIPISTON,20191108,734,746,711.1,746,983
SHRIRAMCIT,20191108,1306,1342.95,1306,1320.5,5160
SHRIRAMEPC,20191108,6.65,7.1,6.6,6.75,914471
SHYAMCENT,20191108,3.05,3.05,2.9,3.05,16040
SICAGEN,20191108,18.55,18.85,17.8,17.8,5478
SICAL,20191108,23.8,24.55,22.5,23.05,282385
SIEMENS,20191108,1673.95,1683,1640.2,1648.5,959073
SIGIND,20191108,22.65,23.05,22.35,22.8,3291
SIL,20191108,11.3,11.3,11.3,11.3,263
SILINV,20191108,149.8,160,145.8,156.15,7498
SIMBHALS,20191108,6.4,6.9,6.4,6.65,8565
SIMPLEXINF,20191108,55.6,57,54.6,54.95,96485
SINTEX,20191108,0.55,0.65,0.55,0.65,101893267
SIRCA,20191108,169.05,180,169.05,177.9,1541
SIS,20191108,930.6,970,908.1,950.65,25261
SITINET,20191108,1.9,1.9,1.9,1.9,6765
SIYSIL,20191108,246.7,246.7,233,235.05,12965
SJVN,20191108,24.6,24.65,24.45,24.5,1294274
SKFINDIA,20191108,2180.15,2185,2112,2135.55,4795
SKIL,20191108,5.2,5.25,5.05,5.25,7235
SKIPPER,20191108,57.85,58.4,56.2,57.5,35653
SKMEGGPROD,20191108,43.65,44.8,41.5,42,68451
SMARTLINK,20191108,88.3,88.4,86.15,86.5,396
SMLISUZU,20191108,548,566,547.05,551.05,12880
SMSLIFE,20191108,323,323,301.7,301.9,4485
SMSPHARMA,20191108,40.25,41.95,40.2,40.7,36666
SNOWMAN,20191108,38.65,38.85,37.35,37.6,252870
SOBHA,20191108,440.85,453.75,432.25,442.45,321942
SOLARA,20191108,411,419.95,411,415.05,5787
SOLARINDS,20191108,1047.9,1084,1030.1,1067.15,124574
SOMANYCERA,20191108,185,187.4,182.9,183.5,78150
SOMATEX,20191108,3.1,3.25,2.95,3.05,201
SOMICONVEY,20191108,14.3,14.3,13.8,14.05,599
SONATSOFTW,20191108,305.1,310,303,304.6,80906
SORILINFRA,20191108,120.9,122,117.95,122,62921
SOTL,20191108,941,947,910,924.65,506
SOUTHBANK,20191108,11.05,11.15,10.95,11,2793734
SOUTHWEST,20191108,17,18.95,16.5,17.2,23455
SPAL,20191108,225.95,231,218.1,224.65,16626
SPANDANA,20191108,1325,1397,1290.55,1335.2,188137
SPARC,20191108,163,163.8,155.45,157.25,853254
SPCENET,20191108,0.9,0.9,0.85,0.85,50050
SPECIALITY,20191108,77.2,77.2,72,73.4,78711
SPENCERS,20191108,71.75,72,70.05,71,57419
SPENTEX,20191108,0.3,0.35,0.3,0.35,6061
SPIC,20191108,21.15,21.25,20.1,20.3,30186
SPICEJET,20191108,114,115.85,113,113.2,725129
SPLIL,20191108,31.5,36.3,30.15,32.65,145337
SPMLINFRA,20191108,12.9,12.95,12.9,12.95,44398
SPTL,20191108,1.35,1.35,1.35,1.35,1074402
SPYL,20191108,0.3,0.3,0.25,0.25,150582
SREEL,20191108,172,175.8,170.15,171.8,10041
SREINFRA,20191108,9.05,9.5,8.8,9.3,1478159
SRF,20191108,3148,3225,3119.6,3139.45,799344
SRHHYPOLTD,20191108,104,106.3,103.15,104.55,2934
SRIPIPES,20191108,172,177.8,172,174.5,23214
SRTRANSFIN,20191108,1152.45,1162.5,1111,1116.35,878154
SSWL,20191108,770.05,775.45,767,772.85,826
STAMPEDE,20191108,0.65,0.7,0.65,0.7,20606
STAR,20191108,399,410,396,400.2,576607
STARCEMENT,20191108,95.8,97.25,95.25,95.8,18921
STARPAPER,20191108,104,106.85,103.4,103.7,33012
STCINDIA,20191108,64.2,64.2,61.2,61.2,10206
STEELCITY,20191108,32.85,32.85,29.85,30.8,3376
STEELXIND,20191108,11.3,11.65,10.9,11.1,34630
STEL,20191108,69.2,72.35,66.25,69.6,10617
STERTOOLS,20191108,189.95,189.95,178,180,12004
STINDIA,20191108,6.05,6.05,5.75,5.75,60
STRTECH,20191108,128.9,142.5,128.25,136.85,4048970
SUBCAPCITY,20191108,5.8,5.8,5.8,5.8,206
SUBEX,20191108,5.2,5.5,5.15,5.2,787848
SUBROS,20191108,235.5,250,235.5,241.95,44543
SUDARSCHEM,20191108,407,408.95,395,398.25,117016
SUJANAUNI,20191108,0.2,0.2,0.1,0.15,201749
SUMEETINDS,20191108,2.4,2.4,2.4,2.4,37019
SUMIT,20191108,22.4,22.4,20.05,21.1,4956
SUMMITSEC,20191108,442,456.95,441,441.8,2056
SUNCLAYLTD,20191108,2234.1,2250,2200,2214.85,3062
SUNDARAM,20191108,1.4,1.45,1.35,1.4,359357
SUNDARMFIN,20191108,1590.55,1619,1565,1573.15,18388
SUNDARMHLD,20191108,67,68.3,67,67.55,23886
SUNDRMBRAK,20191108,246,249,242.1,244.5,1567
SUNDRMFAST,20191108,471,477.75,466.05,470.1,132404
SUNFLAG,20191108,28.4,28.4,27.5,27.85,89101
SUNPHARMA,20191108,442,442.5,420.85,422.1,11902470
SUNTECK,20191108,432,443.95,428.1,433.5,99495
SUNTV,20191108,526.35,532.05,503.85,510.25,977588
SUPERHOUSE,20191108,92.75,96.95,89.55,91.75,15257
SUPERSPIN,20191108,4,4.5,3.9,4.15,37734
SUPPETRO,20191108,168.85,172,168.8,169.7,7919
SUPRAJIT,20191108,177.25,178.9,175,177.35,22067
SUPREMEIND,20191108,1141.6,1162.75,1133.8,1150.15,9757
SURANASOL,20191108,6.05,6.05,5.55,5.8,11534
SURANAT&P,20191108,3.45,3.5,3.4,3.5,4078
SURYALAXMI,20191108,17.2,18.5,17.15,18.15,8053
SURYAROSNI,20191108,179,180.8,173.7,176.05,47334
SUTLEJTEX,20191108,32.5,32.9,30.7,31.95,21125
SUVEN,20191108,287.6,290.2,285.5,286.1,110660
SUZLON,20191108,3,3.15,2.85,2.95,27583866
SWANENERGY,20191108,102.5,103.5,101.2,102.05,76741
SWARAJENG,20191108,1102.25,1120,1098.75,1102.35,2012
SWELECTES,20191108,118.45,124.9,117.05,122.45,71478
SWSOLAR,20191108,563,564,541.5,544.85,98872
SYMPHONY,20191108,1247.35,1247.35,1222,1225.25,3109
SYNCOM,20191108,0.95,0.95,0.85,0.95,41464
SYNDIBANK,20191108,29.2,29.2,27.8,28,630390
SYNGENE,20191108,321,332,321,330.35,53983
TAINWALCHM,20191108,62,62,53.65,55.65,12181
TAJGVK,20191108,170.35,174.65,168.65,169.5,19763
TAKE,20191108,110,113.5,107.75,109.8,121566
TALBROAUTO,20191108,115.45,118.05,111.85,113.6,6583
TALWALKARS,20191108,5.05,5.05,5.05,5.05,12644
TALWGYM,20191108,5.1,5.1,5,5.1,166245
TANLA,20191108,45.6,45.6,43.45,43.85,124715
TANTIACONS,20191108,1,1.05,1,1.05,505
TARAPUR,20191108,4.05,4.4,4.05,4.35,1519
TARMAT,20191108,25.7,27.85,25.7,27.2,8958
TASTYBITE,20191108,9399,9750,9317.3,9589.85,802
TATACHEM,20191108,645,645.95,627.95,631.55,279708
TATACOFFEE,20191108,83.4,88.2,82.55,83.9,757013
TATACOMM,20191108,373.7,379.05,367.7,372.1,189162
TATAELXSI,20191108,819.25,841.4,807.15,811,1101014
TATAGLOBAL,20191108,299,299,294,295.2,4689759
TATAINVEST,20191108,837,847.9,831,842.25,19471
TATAMETALI,20191108,591.9,593.15,568,571.1,48292
TATAMOTORS,20191108,170.75,178.9,167.8,169.05,39102947
TATAMTRDVR,20191108,78.9,82,77.1,77.6,6145716
TATAPOWER,20191108,59.55,60.35,58.65,59.55,25224076
TATASTEEL,20191108,401.5,406.2,395.1,397.95,21423520
TATASTLBSL,20191108,25.1,25.75,24.95,25.1,657548
TATASTLLP,20191108,402.5,411.95,401,402.95,28183
TBZ,20191108,40.95,41.5,39.9,40.3,113473
TCI,20191108,282.05,283.95,277.05,277.7,5839
TCIEXP,20191108,761,767,737.2,765.05,28561
TCIFINANCE,20191108,9.45,9.45,9.05,9.05,12191
TCNSBRANDS,20191108,737,737,725.45,727.55,21618
TCPLPACK,20191108,289.95,289.95,270.05,276.1,2355
TCS,20191108,2189.6,2189.6,2124,2129.95,2788759
TDPOWERSYS,20191108,146.15,147.8,144.1,145.95,8183
TEAMLEASE,20191108,2894,2898.4,2739.95,2791.3,14041
TECHIN,20191108,3.1,3.1,3.05,3.05,425
TECHM,20191108,772,777.85,770.3,771.35,2368591
TECHNOE,20191108,267.95,275,256.95,263.05,43977
TECHNOFAB,20191108,21.7,23.9,21.7,23.9,6157
TEJASNET,20191108,77,78.5,75.15,75.7,50047
TERASOFT,20191108,26.05,27.55,26.05,26.95,16267
TEXINFRA,20191108,43.6,44.8,43.6,44,2860
TEXMOPIPES,20191108,16,18.65,15.7,16.8,323821
TEXRAIL,20191108,43.65,44.2,43,43.2,76574
TFCILTD,20191108,81.85,90.45,81.5,83.6,243305
TFL,20191108,4.5,4.5,3.85,3.9,1341
TGBHOTELS,20191108,3.25,3.5,3.2,3.2,28906
THANGAMAYL,20191108,341.15,354.9,341.1,349.15,2663
THEINVEST,20191108,125.05,133.8,125,126.95,1726
THEMISMED,20191108,297.95,297.95,275.05,282.25,365
THERMAX,20191108,1097.5,1115.4,1085.1,1087.85,12204
THOMASCOOK,20191108,133.1,134.95,127.2,131.95,231895
THOMASCOTT,20191108,4.65,4.65,4.65,4.65,500
THYROCARE,20191108,576,604.5,542.35,547.75,254189
TI,20191108,14.35,14.7,13.8,13.85,44699
TIDEWATER,20191108,4912,5069.95,4912,5008.55,540
TIIL,20191108,337.05,345,332,332.8,1508
TIINDIA,20191108,455,457.4,433.35,438.45,47499
TIJARIA,20191108,8.5,9.9,8.5,9.8,40281
TIL,20191108,199.8,199.8,193.5,194.85,3099
TIMESGTY,20191108,39.4,39.4,32.9,36.4,3189
TIMETECHNO,20191108,63.2,66.5,63.2,63.9,288171
TIMKEN,20191108,887,887,865.1,870.4,15982
TINPLATE,20191108,131,136.4,128.6,131.7,1931270
TIPSINDLTD,20191108,74,75,71.2,73.65,3405
TIRUMALCHM,20191108,65.85,66.9,64.5,65,272585
TITAN,20191108,1167.2,1172.95,1154,1156.75,2796511
TMRVL,20191108,19.8,19.8,18,19.7,37432
TNPETRO,20191108,35.75,36.65,35.1,36.15,97967
TNPL,20191108,188,188,182.15,184.45,115527
TOKYOPLAST,20191108,72,78,72,75.25,7775
TORNTPHARM,20191108,1819.9,1834.9,1800,1814.65,62630
TORNTPOWER,20191108,295.5,303,291.1,292.9,2575007
TPLPLASTEH,20191108,128.9,129,123.05,125.45,3356
TREEHOUSE,20191108,5.9,6.2,5.8,6.2,67314
TREJHARA,20191108,16.7,16.7,15.55,16.5,2641
TRENT,20191108,535,548.9,513.25,516.35,260854
TRF,20191108,113.5,117.85,110.2,112.35,65748
TRIDENT,20191108,64.45,64.6,63.3,63.55,407880
TRIGYN,20191108,52.25,57.35,51.75,54.8,143268
TRIL,20191108,7.6,7.95,7.6,7.75,70272
TRITURBINE,20191108,103,104.25,99.45,100.5,48575
TRIVENI,20191108,67.9,71.1,65.3,68.05,2024712
TTKHLTCARE,20191108,494,504,485.5,494.9,703
TTKPRESTIG,20191108,6118.15,6474,6050,6107.95,20485
TTL,20191108,42,43.05,42,42.9,1730
TTML,20191108,2.65,2.9,2.6,2.9,1930351
TV18BRDCST,20191108,24.15,24.2,23.15,23.3,1575177
TVSELECT,20191108,122,126.35,120,121.35,10713
TVSMOTOR,20191108,450,456.45,445,452.4,1322514
TVSSRICHAK,20191108,1860.6,1860.6,1820,1840.3,1735
TVTODAY,20191108,301,305,296.55,299.5,20297
TVVISION,20191108,1.45,1.45,1.4,1.4,700
TWL,20191108,43.75,43.75,41.9,42.2,600319
UBL,20191108,1220,1296.2,1220,1255.4,1891378
UCALFUEL,20191108,126.5,133.4,124,132,48307
UCOBANK,20191108,14.25,14.25,13.6,13.65,834356
UFLEX,20191108,205,207.45,201.15,202.65,19274
UFO,20191108,136,139.75,132,133.35,26687
UGARSUGAR,20191108,13.95,14.2,13.65,13.95,350029
UJAAS,20191108,3.35,3.35,3.15,3.25,235255
UJJIVAN,20191108,280.5,280.75,270.6,272.7,1981056
ULTRACEMCO,20191108,4170,4194.85,4126.25,4147.25,371096
UMANGDAIRY,20191108,40,40,37.2,38.2,2601
UMESLTD,20191108,0.9,0.95,0.9,0.95,1502
UNICHEMLAB,20191108,160,167.2,158.5,160.05,49530
UNIENTER,20191108,68.75,68.8,64.6,65.25,13555
UNIONBANK,20191108,56.15,56.15,54.4,54.7,8975315
UNIPLY,20191108,26.45,26.45,25.75,26.45,280597
UNITECH,20191108,0.65,0.65,0.6,0.65,6104965
UNITEDBNK,20191108,8.9,9.15,8.6,8.8,547271
UNITEDTEA,20191108,270,281.95,270,281.2,36
UNIVCABLES,20191108,185.95,196.75,181.95,183.5,115657
UPL,20191108,563.6,574.5,552.55,555.85,8050823
URJA,20191108,1.75,1.8,1.7,1.8,1153622
USHAMART,20191108,30.55,31.1,30.5,30.95,430363
UTINEXT50,20191108,290,297.57,287.11,288.15,407
UTINIFTETF,20191108,1269,1273,1257.91,1257.91,51
UTISENSETF,20191108,429,429,424,424.19,348
UTTAMSTL,20191108,7.6,7.95,7.6,7.7,64999
UTTAMSUGAR,20191108,105,107.1,103,103.45,163484
UVSL,20191108,0.05,0.1,0.05,0.1,2174042
V2RETAIL,20191108,116.65,120,115.05,118,41678
VADILALIND,20191108,767.05,788.7,757.05,765.4,47847
VAIBHAVGBL,20191108,835.45,835.5,805.3,815.7,6148
VAKRANGEE,20191108,40.95,40.95,39.5,39.75,3230303
VARDHACRLC,20191108,35.25,35.85,34.3,35,24121
VARDMNPOLY,20191108,1.7,1.8,1.7,1.8,720
VARROC,20191108,474.9,484.9,462,479.55,17560
VASCONEQ,20191108,14.25,14.65,13.8,13.85,134431
VASWANI,20191108,4.9,6.3,4.9,5.3,33057
VBL,20191108,761.1,767,735.25,741.55,509271
VEDL,20191108,160.2,161.8,155,155.5,14502611
VENKEYS,20191108,1888,1942.85,1872.3,1884.45,480448
VENUSREM,20191108,24.3,25,24.25,24.5,2029
VESUVIUS,20191108,982.25,1007.4,976.95,984.75,2304
VETO,20191108,46.25,47.75,46.2,46.65,3409
VGUARD,20191108,242.25,245.9,234.3,235.2,510726
VHL,20191108,1397,1469.95,1397,1414.05,318
VICEROY,20191108,1.55,1.6,1.5,1.6,46354
VIDHIING,20191108,67,67,63.45,65.1,28716
VIJIFIN,20191108,0.45,0.45,0.4,0.45,24649
VIKASECO,20191108,3.65,3.7,3.6,3.7,462690
VIKASMCORP,20191108,4.05,4.25,3.9,4,58681
VIKASPROP,20191108,4.2,4.2,4.2,4.2,29322
VIKASWSP,20191108,9.9,10.15,9.85,9.9,311114
VIMALOIL,20191108,5.35,5.35,5.35,5.35,302
VIMTALABS,20191108,117.5,129.7,117.5,122.2,40857
VINATIORGA,20191108,2068,2088.5,2060,2064,17448
VINDHYATEL,20191108,928,957.4,900.1,901.2,7119
VINYLINDIA,20191108,63.95,64.35,62.4,63.05,10147
VIPCLOTHNG,20191108,7.35,7.35,7.15,7.35,656789
VIPIND,20191108,452,453.05,430.05,434.85,553168
VIPULLTD,20191108,27.35,27.35,26.5,27.05,95230
VISAKAIND,20191108,265.95,281,265,271.25,55439
VISASTEEL,20191108,6.2,6.2,5.7,5.95,11073
VISESHINFO,20191108,0.05,0.1,0.05,0.1,1913538
VISHAL,20191108,318,318,318,318,47170
VISHNU,20191108,139.85,140.95,129,138.65,6338
VISHWARAJ,20191108,81,84,72,74.3,163549
VIVIDHA,20191108,0.2,0.2,0.15,0.15,106376
VIVIMEDLAB,20191108,14,14.5,13.8,14.4,71289
VLSFINANCE,20191108,55.55,55.6,53.1,53.8,12932
VMART,20191108,1740,1746.35,1710.05,1714,12065
VOLTAMP,20191108,1027.95,1027.95,1013,1019.65,14352
VOLTAS,20191108,665.9,701.45,665.5,693.65,2998481
VRLLOG,20191108,266.85,269.1,261,262.6,32693
VSSL,20191108,68.95,70,67.1,68.15,1828
VSTIND,20191108,4185,4301.5,4112.5,4186.55,7689
VSTTILLERS,20191108,1284.85,1305,1270.2,1285.2,2152
VTL,20191108,883.2,908,855.5,881.1,79839
WABAG,20191108,178.5,179.25,175.05,175.55,98850
WABCOINDIA,20191108,6196,6196.95,6152.15,6171.1,899
WALCHANNAG,20191108,68.5,70.8,67.6,67.9,459444
WANBURY,20191108,14.15,14.8,13.55,13.8,5147
WATERBASE,20191108,142.9,153.9,140,144.2,1198671
WEBELSOLAR,20191108,26.4,26.4,24.45,24.9,56244
WEIZFOREX,20191108,285.85,285.9,265,281.65,687
WEIZMANIND,20191108,23,23.05,21.25,22,9283
WELCORP,20191108,141.5,142.9,137,137.55,837541
WELENT,20191108,87.8,90.5,86.1,87.85,127706
WELINV,20191108,193.85,193.85,189.6,189.6,107
WELSPUNIND,20191108,57.05,58,56.55,57,459254
WENDT,20191108,3125.05,3125.05,3107.3,3110,88
WESTLIFE,20191108,376.65,403.8,373,385.25,123212
WHEELS,20191108,620.05,648,616,627.3,3680
WHIRLPOOL,20191108,2198.75,2222,2162.85,2199.45,78926
WILLAMAGOR,20191108,14.9,15.35,13.95,14,9346
WINDMACHIN,20191108,21.05,21.05,20.05,20.25,2102
WIPRO,20191108,260.15,260.8,255.75,256.4,1539854
WOCKPHARMA,20191108,287,293.75,283.3,286.75,824150
WONDERLA,20191108,281.5,281.5,275.75,276.15,10769
WSI,20191108,0.9,0.9,0.9,0.9,1
WSTCSTPAPR,20191108,227.5,229,225,225.65,48025
XCHANGING,20191108,53.2,55,53.2,53.75,34953
XELPMOC,20191108,70.7,70.75,69.25,70,831
XLENERGY,20191108,0.45,0.5,0.4,0.5,21015
XPROINDIA,20191108,24.25,24.5,22.25,22.55,6039
YESBANK,20191108,65.9,72.3,64.3,68.95,413106980
ZEEL,20191108,287,295,284.5,287.5,10777211
ZEELEARN,20191108,22.15,22.15,21.6,21.7,52958
ZEEMEDIA,20191108,6.75,6.75,6.75,6.75,119722
ZENITHBIR,20191108,0.65,0.7,0.6,0.65,21828
ZENITHEXPO,20191108,41.15,45.45,41.15,44,479
ZENSARTECH,20191108,193,193,188.2,189.15,29054
ZENTEC,20191108,65.8,67.8,63.4,64.4,55474
ZICOM,20191108,1.4,1.4,1.4,1.4,20234
ZODIACLOTH,20191108,188,191,186,187,631
ZODJRDMKJ,20191108,38.65,38.65,31.95,32.65,13554
ZOTA,20191108,183,187,183,183.35,22252
ZUARI,20191108,92.35,95.4,90.45,92.2,50497
ZUARIGLOB,20191108,59.95,62.5,58.5,61.15,40597
ZYDUSWELL,20191108,1645,1659.15,1610.1,1620.7,9654
NSENIFTY,20191108,11987.15,12034.15,11888.75,11908.15,789254360,0
NIFTYJUNIOR,20191108,28721.40,28810.90,28342.05,28387.25,538344792,0
NIFTYMIDCAPLIQ15,20191108,3923.20,3943.55,3874.20,3880.80,69119900,0
NSE100,20191108,12133.05,12173.95,12026.40,12044.85,1333744868,0
NIFTY200,20191108,6182.65,6204.25,6129.15,6138.25,1685463343,0
NSE500,20191108,9753.25,9785.40,9669.95,9683.30,1975276988,0
NSEMIDCAP150,20191108,6197.35,6216.35,6147.80,6153.50,364848485,0
MIDCAP50,20191108,4629.30,4663.80,4589.15,4595.65,310839004,0
NSEMIDCAP,20191108,16822.70,16901.40,16694.00,16713.35,351718475,0
NIFTYSMALLCAP250,20191108,-,-,-,4774.25,-,0
NIFTYSMALLCAP50,20191108,-,-,-,2780.65,-,0
NSESMLCAP100,20191108,5760.85,5809.00,5738.50,5743.10,-,0
NIFTYLARGEMIDCAP250,20191108,-,-,-,5908.94,1698593353,0
NIFTYMIDSMALLCAP400,20191108,-,-,-,5660.25,-,0
NIFTYAUTO,20191108,8220.20,8337.30,8157.40,8169.65,103327789,0
BANKNIFTY,20191108,30571.30,31108.40,30504.05,30749.40,620047286,0
NIFTYFINSERVICE,20191108,13880.40,14008.80,13825.60,13868.65,205112402,0
NIFTYFMGC,20191108,32489.55,32551.45,31907.40,31947.50,29030887,0
NSEIT,20191108,15646.40,15658.15,15355.70,15383.30,21722268,0
NIFTYMEDIA,20191108,1842.05,1854.90,1820.20,1825.85,52943580,0
NIFTYMETAL,20191108,2652.15,2669.95,2607.25,2612.95,130225586,0
NIFTYPHARMA,20191108,7955.55,7958.15,7771.00,7787.40,29443232,0
NIFTYPVTBANK,20191108,16846.20,17194.40,16809.70,16996.25,540660066,0
NIFTYPSUBANK,20191108,2473.05,2491.15,2432.15,2437.05,114048925,0
NIFTYREALTY,20191108,278.35,284.95,278.20,281.05,55500706,0
NIFTYCOMMODITIES,20191108,3443.40,3446.80,3389.50,3396.55,217785376,0
NIFTYCONSUMPTION,20191108,5118.35,5126.10,5063.85,5068.55,90056070,0
NIFTYCPSE,20191108,2021.75,2032.30,1986.70,1990.00,71395187,0
NIFTYENERGY,20191108,16167.35,16169.75,15888.05,15911.00,102241398,0
NIFTY100ESG,20191108,-,-,-,2209.49,1188189062,0
NIFTY100ENHESG,20191108,-,-,-,2237.33,1121372966,0
NIFTYINFRA,20191108,3281.45,3287.35,3249.85,3254.60,219983829,0
NIFTYMNC,20191108,14144.80,14156.40,13895.60,13921.15,290209373,0
NIFTYPSE,20191108,3372.65,3373.10,3295.70,3301.85,164851989,0
NIFTYSMEEMERGE,20191108,-,-,-,1373.22,679950,0
NIFTYSERVSECTOR,20191108,16798.50,16915.35,16696.90,16737.20,722865940,0
NIFTYSHARIAH25,20191108,-,-,-,4421.81,86505048,0
NIFTY50SHARIAH,20191108,-,-,-,2497.67,85585451,0
NIFTY500SHARIAH,20191108,-,-,-,2981.44,299439698,0
NIFTYABGROUP,20191108,-,-,-,2864.01,248477810,0
NIFTYMAHINDRA,20191108,-,-,-,10197.81,12518136,0
NIFTYTATA,20191108,-,-,-,6819.48,110111642,0
NIFTYTATA25CAP,20191108,-,-,-,4736.27,99829906,0
NIFTYABGROUP,20191108,-,-,-,2864.01,248477810,0
NIFTYLIQ15,20191108,3767.50,3805.65,3733.00,3739.80,647854336,0
NIFTY500VALUE50,20191108,-,-,-,3680.74,349562758,0
NIFTYALPHALOWVOL30,20191108,-,-,-,12098.96,141064490,0
NIFTYQUALLOWVOL30,20191108,-,-,-,8613.19,76149821,0
NIFTYALPHAQUALLOWVOL30,20191108,-,-,-,9784.81,76827196,0
NIFTYALPHAQUALVALLOWVOL30,20191108,-,-,-,7408.54,92634874,0
NIFTY50EQUALWEIGHT,20191108,12436.00,12488.15,12309.60,12326.70,789254360,0
NIFTY100EQUALWEIGHT,20191108,13401.85,13446.25,13252.60,13268.90,1333744868,0
NIFTY100LOWVOL30,20191108,9136.80,9137.50,9031.35,9040.30,98307704,0
NSEDEFTY,20191108,-,-,-,5789.71,-,0
NIFTY50DIVPOINT,20191108,117.35,117.35,117.35,117.35,-,0
NIFTYDIVOPPS50,20191108,2639.20,2639.20,2588.45,2591.35,259663586,0
NIFTYALPHA50,20191108,12892.50,12946.75,12772.95,12791.75,167158617,0
NIFTY50ARBITRAGE,20191108,-,-,-,1868.69,-,0
NIFTY50FUTINDEX,20191108,-,-,-,4040.92,-,0
NIFTY50FUTTRINDEX,20191108,-,-,-,12016.03,-,0
NIFTYHIGHBETA50,20191108,-,-,-,1356.75,1267259325,0
NIFTYLOWVOL50,20191108,-,-,-,10614.03,110522466,0
NIFTY200QUALITY30,20191108,-,-,-,10010.75,-,0
NIFTY50VALUE20,20191108,5543.50,5543.65,5453.45,5461.05,550142037,0
NIFTYGROWSECT15,20191108,6394.35,6423.10,6353.00,6367.75,80150871,0
NIFTY50TR2XLEV,20191108,6722.45,6775.20,6613.75,6633.65,-,0
NIFTY50PR2XLEV,20191108,5171.85,5212.45,5088.20,5103.55,-,0
NIFTY50TR1XINV,20191108,340.40,343.10,339.05,342.60,-,0
NIFTY50PR1XINV,20191108,388.05,391.15,386.50,390.55,-,0
NIFTY-GS-COMPSITE,20191108,2044.85,2044.85,2040.42,2040.85,-,0
NIFTY-GS-4-8YR,20191108,2135.60,2135.60,2131.53,2132.77,-,0
NIFTY-GS-8-13YR,20191108,2009.69,2009.69,2005.13,2005.08,-,0
NIFTY-GS-10YR,20191108,1856.70,1856.70,1850.12,1849.75,-,0
NIFTY-GS-10YR-CLN,20191108,947.01,947.01,943.63,943.45,-,0
NIFTY-GS-11-15YR,20191108,2128.49,2128.49,2121.63,2123.46,-,0
NIFTY-GS-15YRPLUS,20191108,2299.83,2299.83,2297.80,2288.99,-,0
VIX,20191108,15.21,15.99,13.71,15.86,0,0
