<ticker>,<date>,<open>,<high>,<low>,<close>,<volume>,<o/i>
20MICRONS,20191114,36.6,36.85,35.8,35.9,24275
21STCENMGM,20191114,13.7,13.95,13.7,13.95,1007
3IINFOTECH,20191114,1.95,1.95,1.9,1.9,629699
3MINDIA,20191114,22160,22464,22160,22269.55,1460
3PLAND,20191114,6.25,6.45,6.25,6.45,55
5PAISA,20191114,156.35,157.15,149,155.3,6849
63MOONS,20191114,114.05,117,113.1,113.7,122789
A2ZINFRA,20191114,10.15,10.15,9.8,9.8,246671
AARTIDRUGS,20191114,522,533,519.5,527.75,9945
AARTIIND,20191114,807.3,809.95,791.1,799,139999
AARVEEDEN,20191114,13.7,13.8,12.6,13.05,15192
AAVAS,20191114,1528,1615,1512,1596.15,54799
ABAN,20191114,28.5,28.9,27.6,28.1,35642
ABB,20191114,1495,1495,1465,1468.9,197909
ABBOTINDIA,20191114,11899,12293.1,11899,12043.25,32851
ABCAPITAL,20191114,83,83.85,79,80.25,2579465
ABFRL,20191114,211,211.9,204.75,208,702009
ABSLBANETF,20191114,324.9,324.9,324.9,324.9,5
ABSLNN50ET,20191114,286.7,286.7,283.95,283.95,138
ACC,20191114,1490,1508.6,1473.55,1486.9,737571
ACCELYA,20191114,970,1124.9,966.65,1099,42007
ACE,20191114,86.5,87.45,84,86.15,133715
ADANIENT,20191114,196.25,203.15,194.05,202.3,4141184
ADANIGAS,20191114,148.9,148.9,147.15,147.4,546430
ADANIGREEN,20191114,96.7,98.5,93.5,95.05,1611104
ADANIPORTS,20191114,371.9,374.1,365.85,369.1,2662084
ADANIPOWER,20191114,62,63.3,59.8,61.8,22541888
ADANITRANS,20191114,275,276.25,268.25,271.15,214175
ADFFOODS,20191114,298,301.9,287.5,298.2,69480
ADHUNIKIND,20191114,122.6,124.6,98,99.85,129124
ADLABS,20191114,3.6,3.6,3.6,3.6,78652
ADORWELD,20191114,342.85,342.85,319,322.05,7182
ADROITINFO,20191114,9.4,9.75,8.85,9.75,4533
ADSL,20191114,16.35,18.5,16.35,17.3,247336
ADVANIHOTR,20191114,57.9,57.95,56,56.5,1883
ADVENZYMES,20191114,172,173.45,165.45,166.35,70807
AEGISCHEM,20191114,165,184.35,165,179.2,649000
AFFLE,20191114,1665,1704.25,1585,1663.8,442580
AGARIND,20191114,113.45,117.5,111.95,114.2,23080
AGCNET,20191114,120,122.2,120,120.55,2471
AGRITECH,20191114,47.4,47.8,44.3,44.5,11716
AGROPHOS,20191114,122.2,122.6,122.15,122.2,326528
AHLEAST,20191114,182.05,183.65,174.25,178.25,2700
AHLUCONT,20191114,286,298.25,276,285.85,13258
AHLWEST,20191114,274.5,283.95,274.5,275,726
AIAENG,20191114,1698.2,1698.2,1639.95,1641.8,84255
AIONJSW,20191114,10,10.4,9.85,9.95,33180
AIRAN,20191114,10.2,11.1,10.2,10.9,40736
AJANTPHARM,20191114,982,989.75,971,975.55,42356
AJMERA,20191114,123.9,124.95,121.55,123.1,18296
AKASH,20191114,63,65.1,60,60.15,2282
AKSHARCHEM,20191114,201.45,202,194.85,197.95,9697
AKSHOPTFBR,20191114,6.85,7.05,6.75,6.8,239565
AKZOINDIA,20191114,1928,1940,1898.95,1930.15,14543
ALANKIT,20191114,15.3,15.6,14.9,15.6,63137
ALBERTDAVD,20191114,424,449.9,405.7,414.8,17316
ALBK,20191114,25.6,25.9,25.1,25.55,522584
ALCHEM,20191114,0.8,0.8,0.8,0.8,1
ALEMBICLTD,20191114,58,59.15,54.2,54.8,441604
ALICON,20191114,378.5,388,377.95,384,850
ALKALI,20191114,44.5,44.5,42.4,43,9355
ALKEM,20191114,2079.45,2080,2011,2021.25,91701
ALKYLAMINE,20191114,1008.95,1048.3,995,1019.55,18442
ALLCARGO,20191114,96.75,97,94.2,94.55,118063
ALLSEC,20191114,293.75,293.75,275.75,283.15,4153
ALMONDZ,20191114,9.05,9.85,9.05,9.25,2340
ALOKTEXT,20191114,1.95,1.95,1.95,1.95,322809
ALPA,20191114,17.45,17.45,16.45,16.95,17757
ALPHAGEO,20191114,168.05,177.45,168.05,169.7,17096
ALPSINDUS,20191114,0.7,0.7,0.65,0.7,39022
AMARAJABAT,20191114,733,750,728.3,748.3,1457387
AMBER,20191114,985.1,1015,964.25,978.2,37973
AMBIKCO,20191114,890,891.05,876.5,889.65,3536
AMBUJACEM,20191114,195.1,201,193,200.55,4639427
AMDIND,20191114,17.25,17.45,16.4,16.9,23777
AMJLAND,20191114,18.6,19.2,18.45,18.55,31372
AMRUTANJAN,20191114,502.8,502.8,458.95,466.9,42591
ANANTRAJ,20191114,33.15,33.25,32.75,33,216422
ANDHRABANK,20191114,17.5,17.5,17,17.15,488989
ANDHRACEMT,20191114,3,3,2.8,2.85,90426
ANDHRSUGAR,20191114,304,305,293.35,298.3,37394
ANIKINDS,20191114,9.05,9.55,9.05,9.55,879
ANKITMETAL,20191114,0.5,0.6,0.5,0.6,37822
ANSALAPI,20191114,5.3,5.3,5.3,5.3,8583
ANSALHSG,20191114,7.45,7.45,7.45,7.45,11579
ANTGRAPHIC,20191114,0.65,0.65,0.6,0.6,22420
ANUP,20191114,505.05,505.9,489,491.5,25473
APARINDS,20191114,502.9,508.75,489.95,493.25,4752
APCL,20191114,153.45,160.95,151.35,157.15,3272
APCOTEXIND,20191114,160.1,166,160.1,162.35,18227
APEX,20191114,307.25,346.65,307,327.6,1267637
APLAPOLLO,20191114,1510,1530,1470,1493.1,26115
APLLTD,20191114,565.95,572,556.85,565.25,43114
APOLLO,20191114,80.45,81.75,77.25,77.5,37554
APOLLOHOSP,20191114,1394,1441.5,1386.3,1419.15,1643108
APOLLOPIPE,20191114,374.05,378.5,369,370.95,8624
APOLLOTYRE,20191114,163,165.15,161.9,162.7,2272057
APOLSINHOT,20191114,825,839,810,813.45,1761
APTECHT,20191114,167.65,170.7,161.9,162.6,186083
ARCHIDPLY,20191114,29.5,29.5,27.45,28.05,6689
ARCHIES,20191114,19.45,19.7,19.1,19.5,8575
ARCOTECH,20191114,2.4,2.4,2.4,2.4,10120
ARIES,20191114,70.3,73.7,67.6,68.35,179941
ARIHANT,20191114,32.5,33,28.55,31.9,35118
ARIHANTSUP,20191114,29.5,29.5,26.95,28.4,1268
ARMANFIN,20191114,557.95,569.95,541.2,557.55,8776
AROGRANITE,20191114,40.35,40.8,37.55,38.4,7270
ARROWGREEN,20191114,53.8,54.95,51.25,54.8,5352
ARROWTEX,20191114,11.7,11.7,9.55,10.1,24498
ARSHIYA,20191114,18.35,18.35,17,17.4,28627
ARSSINFRA,20191114,24.45,24.75,24.45,24.75,12365
ARVIND,20191114,50.5,50.7,49.4,49.85,552856
ARVINDFASN,20191114,398.4,399,381.05,385.9,18969
ARVSMART,20191114,96.05,98.4,94.5,97.1,5328
ASAHIINDIA,20191114,195.05,196.5,193.5,195.15,55613
ASAHISONG,20191114,149.85,151.45,141,147.9,2743
ASAL,20191114,33.2,33.2,30.9,31.4,6042
ASHAPURMIN,20191114,26.25,28.5,26.25,26.55,6868
ASHIANA,20191114,100.3,102.6,95.5,97.9,111990
ASHIMASYN,20191114,7.55,7.55,7,7.2,38313
ASHOKA,20191114,99.7,103,94.65,96.05,1447040
ASHOKLEY,20191114,80.2,80.4,77.4,79,26587855
ASIANHOTNR,20191114,101.2,102.7,94,95.95,859
ASIANPAINT,20191114,1778,1800,1766.45,1771.85,1116800
ASIANTILES,20191114,228.35,234.4,226.2,230.35,28581
ASPINWALL,20191114,142,144.95,135.05,140,604
ASTEC,20191114,361.45,373,358,368.1,7569
ASTERDM,20191114,146,155,142.75,152.85,232796
ASTRAL,20191114,1085,1102.4,1067,1085.55,123757
ASTRAMICRO,20191114,81,81.95,78.45,78.85,68717
ASTRAZEN,20191114,2548.95,2658.95,2528.45,2648.8,53592
ASTRON,20191114,38.35,40.8,38.35,40.65,899026
ATFL,20191114,597.95,597.95,582.55,584.65,1701
ATLANTA,20191114,7.5,7.5,7.1,7.2,3852
ATLASCYCLE,20191114,54.95,56.5,53.8,55.2,1396
ATUL,20191114,4011.1,4102.55,3968,3976.75,12049
ATULAUTO,20191114,220.8,224.05,218.5,220.15,11054
AUBANK,20191114,811.4,848.7,776.5,836.05,2697966
AURIONPRO,20191114,75.25,76.95,74.75,74.85,4686
AUROPHARMA,20191114,412.65,412.65,389.35,395.8,16978139
AUSOMENT,20191114,30.9,30.9,26.25,27.85,1254
AUTOAXLES,20191114,802.15,812,793.05,800.55,6013
AUTOIND,20191114,25,25,23.15,24,13585
AUTOLITIND,20191114,24.8,24.8,20.6,20.75,14196
AVADHSUGAR,20191114,256.1,259,252,252.75,49017
AVANTIFEED,20191114,505.1,540.9,505.1,530.8,1366750
AVTNPL,20191114,29.3,29.35,28.55,28.65,55252
AXISBANK,20191114,711,721.8,707.25,715.9,8000528
AXISCADES,20191114,71.35,72.6,70.5,71.6,56388
AXISGOLD,20191114,3356,3380.9,3356,3366.55,153
AXISNIFTY,20191114,1246,1249,1213.52,1228.73,63
AYMSYNTEX,20191114,30,30.9,29.4,30.5,7047
BAGFILMS,20191114,2.3,2.3,2.1,2.2,693312
BAJAJ-AUTO,20191114,3205,3244.55,3191.1,3233.3,310906
BAJAJCON,20191114,242.5,248.95,240,241.3,141806
BAJAJELEC,20191114,325.55,329.8,319.65,321.65,128966
BAJAJFINSV,20191114,8979.95,9091,8900,9061.85,348634
BAJAJHIND,20191114,7.15,7.15,6.45,6.6,3195324
BAJAJHLDNG,20191114,3735,3750,3695,3716.25,23300
BAJFINANCE,20191114,4158,4221,4120.4,4210.55,1383629
BALAJITELE,20191114,59.3,61.3,58.1,59.65,300839
BALAMINES,20191114,360.9,365,354.15,357.75,16478
BALAXI,20191114,78,78,77.95,78,12
BALKRISHNA,20191114,17.55,17.85,17,17,2793
BALKRISIND,20191114,825.4,837.6,816.05,822.6,512885
BALLARPUR,20191114,0.5,0.55,0.45,0.55,1100253
BALMLAWRIE,20191114,196.65,197.95,189,189.8,198550
BALPHARMA,20191114,45.8,46,44,45.35,6392
BALRAMCHIN,20191114,145,147.5,144,146.75,492965
BANARBEADS,20191114,31.75,33.25,31,31.1,2443
BANARISUG,20191114,1179.95,1179.95,1150,1165.35,103
BANCOINDIA,20191114,101.75,102.75,98.4,99.05,47096
BANDHANBNK,20191114,565.3,576.7,552.05,557.55,1883718
BANG,20191114,17.15,17.8,16.5,17.35,10968
BANKBARODA,20191114,93.5,94,90.65,93.3,29659716
BANKBEES,20191114,3116,3135.95,3094.87,3132.8,4376
BANKINDIA,20191114,65.55,66.75,63.9,66.25,7293774
BANSWRAS,20191114,94.8,98,87.25,89.1,78782
BARTRONICS,20191114,1.7,1.7,1.65,1.65,2663
BASF,20191114,1000.05,1000.05,960,964.05,16429
BASML,20191114,133,134.9,130.05,133.2,7668
BATAINDIA,20191114,1691,1775.25,1686.4,1711.15,2767571
BAYERCROP,20191114,3379,3379,3300,3320.7,3073
BBL,20191114,862,873,853.35,858.8,6797
BBTC,20191114,1222.05,1227.4,1188,1192.45,78607
BCG,20191114,3.2,3.3,3.1,3.25,287020
BCP,20191114,9,9,9,9,10638
BDL,20191114,353.55,356.8,337.3,339.05,91590
BEARDSELL,20191114,11.4,12.05,9.75,10.55,5445
BEDMUTHA,20191114,11.7,12.25,11.7,12.25,12120
BEL,20191114,109.45,110.9,108.8,109.3,5999657
BEML,20191114,961,963.9,945,949.6,250905
BEPL,20191114,48.8,50.25,48.35,48.7,346379
BERGEPAINT,20191114,482.45,488.7,479.2,482,1636558
BFINVEST,20191114,332,337.9,305,320.3,111131
BFUTILITIE,20191114,298.85,301.35,283.8,285.15,259136
BGLOBAL,20191114,2.1,2.1,1.9,1.9,6894
BGRENERGY,20191114,31.75,32.45,30.55,30.7,48583
BHAGERIA,20191114,105.65,105.8,103,103.15,4960
BHAGYANGR,20191114,18.75,19.8,18.6,19,9286
BHAGYAPROP,20191114,22.3,22.3,19.65,19.75,623
BHANDARI,20191114,1.25,1.25,1.15,1.15,174164
BHARATFORG,20191114,428,439.9,421,436.45,2907511
BHARATGEAR,20191114,77.85,77.85,74,75.45,7673
BHARATRAS,20191114,6509.9,6748,6300,6599.05,4734
BHARATWIRE,20191114,30.15,31.65,30.15,30.15,1451
BHARTIARTL,20191114,357.9,367.1,350.3,362.5,21091587
BHEL,20191114,54.85,55.35,53.3,53.85,21808147
BIGBLOC,20191114,24.45,25.25,24.25,24.75,8380
BIL,20191114,170.35,170.35,162.05,163,6417
BILENERGY,20191114,1.55,1.55,1.45,1.45,272254
BINDALAGRO,20191114,10.85,10.85,10.1,10.25,6257
BIOCON,20191114,255.1,258.35,249.65,254.7,2855539
BIOFILCHEM,20191114,4.95,5.15,4.95,5.15,401
BIRLACABLE,20191114,69.4,69.45,63.35,63.4,156986
BIRLACORPN,20191114,663.7,669.9,650.55,657.3,73293
BIRLAMONEY,20191114,34.95,34.95,32.8,33.2,80138
BKMINDST,20191114,0.75,0.75,0.7,0.7,21928
BLBLIMITED,20191114,3.9,3.9,3.55,3.8,1088
BLISSGVS,20191114,134.1,140,134.1,137.55,427977
BLKASHYAP,20191114,9.85,10.2,9.85,9.85,29461
BLS,20191114,63.85,65,63.3,64.4,13356
BLUEBLENDS,20191114,0.65,0.65,0.65,0.65,333
BLUECOAST,20191114,1.75,1.75,1.7,1.7,1111
BLUEDART,20191114,2200,2223.3,2167.1,2173.1,2380
BLUESTARCO,20191114,808.95,821.05,793,798.15,95994
BODALCHEM,20191114,74,74.3,67.7,68.3,433750
BOMDYEING,20191114,81.7,84.25,80.25,80.75,1714468
BOROSIL,20191114,187.5,197.5,187.5,192.6,163951
BOSCHLTD,20191114,15300,15320,15051.5,15195.95,8304
BPCL,20191114,507,520.05,503.8,514.65,5416081
BPL,20191114,19.25,21.35,18.8,19.35,332628
BRFL,20191114,4.3,4.5,4.1,4.15,47636
BRIGADE,20191114,217.6,217.6,205.8,206.65,89623
BRITANNIA,20191114,3274.9,3274.9,3200,3230.8,515326
BRNL,20191114,60.95,63.3,60.55,60.7,6952
BROOKS,20191114,32.85,32.9,30.9,31,13314
BSE,20191114,513.5,516,502.7,503.95,66508
BSELINFRA,20191114,1,1.05,0.95,1,33028
BSL,20191114,32.1,33.3,30.2,30.25,45456
BSLGOLDETF,20191114,3560,3587.95,3505.05,3530,153
BSLNIFTY,20191114,128.5,129.35,126.71,129.35,46
BSOFT,20191114,67.75,69.2,66,67.3,301839
BURNPUR,20191114,1.3,1.35,1.25,1.25,17215
BUTTERFLY,20191114,190,200,189.1,190.2,39141
BVCL,20191114,10.7,10.7,10.5,10.7,2025
BYKE,20191114,20.25,20.9,19.35,19.35,76655
CADILAHC,20191114,222.5,235.4,220,234.25,4373085
CALSOFT,20191114,18,18.1,17.2,17.75,25534
CAMLINFINE,20191114,59.25,60.75,59,59.15,122079
CANBK,20191114,197.9,201.45,193.7,200.1,6630768
CANFINHOME,20191114,381,384.9,376.5,378.6,145342
CANTABIL,20191114,219,220,209.8,217.55,29837
CAPACITE,20191114,211.05,212.7,202.5,203.55,18366
CAPLIPOINT,20191114,380,383.5,371.5,379.35,57351
CAPTRUST,20191114,88.2,88.2,88,88,418
CARBORUNIV,20191114,311,311.2,303.7,310.25,28785
CAREERP,20191114,123.55,123.55,115.05,116.35,26486
CARERATING,20191114,522,522.55,505.1,508.75,47683
CASTEXTECH,20191114,0.6,0.6,0.6,0.6,21205
CASTROLIND,20191114,145.35,146.45,143.35,144.75,667539
CCHHL,20191114,3.5,3.65,3.45,3.45,31284
CCL,20191114,200,206.9,199.55,204.9,252422
CDSL,20191114,229.15,231.95,221.4,223.05,321331
CEATLTD,20191114,974.6,979.55,955,959.6,41792
CEBBCO,20191114,12.85,13.3,12.6,12.85,12955
CELEBRITY,20191114,6.45,6.45,6.45,6.45,10079
CELESTIAL,20191114,3.55,3.55,3.25,3.3,8244
CENTENKA,20191114,184.95,184.95,182.75,183.35,14289
CENTEXT,20191114,2.7,2.85,2.7,2.75,18000
CENTRALBK,20191114,19.9,19.9,19.1,19.35,533774
CENTRUM,20191114,19.2,21.4,18.9,21.2,680825
CENTUM,20191114,378.05,384.9,371.5,380.75,1780
CENTURYPLY,20191114,167.4,181.5,165,177.95,1279612
CENTURYTEX,20191114,392.85,411.9,382.7,405.35,2447581
CERA,20191114,2515,2520,2401,2440.15,11879
CEREBRAINT,20191114,21.25,21.55,18.1,19.25,7011601
CESC,20191114,752.5,768.8,744.85,759.15,442896
CESCVENT,20191114,335,335.55,302.1,306.7,76696
CGCL,20191114,192.2,197.75,182.1,191.5,654037
CGPOWER,20191114,17,17.15,16.05,16.15,1365525
CHALET,20191114,361,369.1,340,342.6,5011
CHAMBLFERT,20191114,166.1,166.1,160,160.6,175585
CHEMFAB,20191114,168.55,169.85,168.5,168.55,1218
CHENNPETRO,20191114,146.55,147.7,140,141.1,184847
CHOLAFIN,20191114,298.75,310.7,293.5,308.95,1837984
CHOLAHLDNG,20191114,465.65,478.8,457,470.15,29941
CHROMATIC,20191114,0.45,0.5,0.45,0.5,6603
CIGNITITEC,20191114,300,309.9,298,308.8,64716
CIMMCO,20191114,21.35,21.35,20.2,20.25,30392
CINELINE,20191114,32.2,34.6,31.05,34.3,33317
CINEVISTA,20191114,10.05,10.55,9.55,9.6,10099
CIPLA,20191114,445.2,458.2,442.65,451.4,2659601
CKFSL,20191114,0.7,0.7,0.6,0.6,344343
CLEDUCATE,20191114,79.55,80,74.35,74.85,8588
CLNINDIA,20191114,305.65,314.9,305.1,308.55,56756
CMICABLES,20191114,66.55,66.55,65.95,65.95,4350
CNOVAPETRO,20191114,8.45,8.5,8.45,8.5,10
COALINDIA,20191114,208.5,208.5,201.75,202.35,4889669
COCHINSHIP,20191114,410,416.4,404,406.5,100293
COFFEEDAY,20191114,41.1,44.5,41.1,43.55,2216753
COLPAL,20191114,1555,1559.1,1539.95,1547.2,601227
COMPINFO,20191114,8.85,9.25,8.5,8.6,62320
COMPUSOFT,20191114,8.1,8.1,7.05,7.4,150044
CONCOR,20191114,577,582.95,572.15,575.4,771324
CONFIPET,20191114,29.4,29.45,27.15,28.8,248886
CONSOFINVT,20191114,37.95,38.1,37.5,38,6242
CONTROLPR,20191114,265,265,253,253.5,11417
CORALFINAC,20191114,12.95,12.95,10.3,10.9,15254
CORDSCABLE,20191114,44.85,44.85,41.75,42.1,16507
COROMANDEL,20191114,479.7,479.7,470.1,476.05,140098
CORPBANK,20191114,16.15,16.2,15.55,15.75,223318
COSMOFILMS,20191114,252.1,265.6,233.05,234.05,85667
COUNCODOS,20191114,1.7,1.7,1.65,1.7,4846
COX&KINGS,20191114,1.7,1.7,1.6,1.6,5622929
CPSEETF,20191114,24.25,24.3,23.86,24.01,2789783
CREATIVE,20191114,75.3,75.3,69.9,70.25,12890
CREDITACC,20191114,739,752,709.25,732.4,106485
CREST,20191114,99,104.8,94.15,95.25,3691
CRISIL,20191114,1406,1425,1375,1422.45,42356
CROMPTON,20191114,259.7,263.5,256.55,260.25,473633
CTE,20191114,30.45,31.4,27.5,28,4501
CUB,20191114,208.4,208.5,203.2,206.55,352318
CUBEXTUB,20191114,13.05,13.05,11.9,12.4,1200
CUMMINSIND,20191114,569.1,569.2,552.7,560.4,256669
CUPID,20191114,201.15,217,194.5,201.85,195051
CURATECH,20191114,1.65,1.65,1.65,1.65,310
CYBERMEDIA,20191114,3,3.15,3,3.05,612
CYBERTECH,20191114,51,52.1,48.8,49,24253
CYIENT,20191114,399.95,409,385.7,399.7,168702
DAAWAT,20191114,24.3,24.7,23.65,24.1,448450
DABUR,20191114,465.5,468.75,455,462.55,1593020
DALBHARAT,20191114,824,841.7,817.9,829.85,146853
DALMIASUG,20191114,90.05,90.95,89.5,89.75,77268
DAMODARIND,20191114,26.45,27,25.55,26,6447
DATAMATICS,20191114,73.4,74.45,71.8,73.05,42568
DBCORP,20191114,144,144,141.15,143.1,18903
DBL,20191114,409.25,412,395,397.9,249356
DBREALTY,20191114,8.35,8.35,8.35,8.35,217812
DBSTOCKBRO,20191114,9,9.45,9,9,3371
DCAL,20191114,121.85,124.8,119.75,123.65,230855
DCBBANK,20191114,182.85,183.6,180,182.65,227980
DCM,20191114,20.15,21.5,19.95,19.95,4155
DCMNVL,20191114,28,28.8,28,28.45,6824
DCMSHRIRAM,20191114,324.9,327.35,317.05,318.15,42404
DCW,20191114,15.1,15.25,14.7,14.75,138372
DECCANCE,20191114,343.3,352.9,328.65,335.55,11132
DEEPAKFERT,20191114,99.8,99.85,93.4,94.55,210332
DEEPAKNTR,20191114,362.95,364,351.75,356.95,242820
DEEPIND,20191114,97.55,99.5,94.85,95.25,21537
DELTACORP,20191114,192,196,187.5,189.85,615621
DELTAMAGNT,20191114,37.45,37.45,37.45,37.45,1
DEN,20191114,44.6,44.6,40.95,41,75908
DENORA,20191114,252.95,252.95,230,230.5,8202
DFMFOODS,20191114,247.8,247.8,245.05,245.65,30928
DGCONTENT,20191114,4,4.1,4,4,110090
DHAMPURSUG,20191114,190,193.75,188.25,190.25,276762
DHANBANK,20191114,14.9,15.15,14.75,14.8,225234
DHANUKA,20191114,304.95,322.75,294,315.6,92251
DHARSUGAR,20191114,8.8,8.8,8.05,8.1,2845
DHFL,20191114,26.9,26.9,24.4,24.4,7711603
DHUNINV,20191114,222,237.45,210.5,210.75,1415
DIAMONDYD,20191114,902,934,901.4,929.85,4491
DICIND,20191114,321,348,312.45,332.6,2686
DIGISPICE,20191114,6.2,6.45,6.05,6.05,9317
DISHTV,20191114,13.5,14.2,12.8,13.4,55251745
DIVISLAB,20191114,1668.5,1694.7,1643.45,1656.5,892696
DIXON,20191114,3060,3359.6,3051,3263.15,384991
DLF,20191114,202.85,209.85,202.5,208.9,13244986
DLINKINDIA,20191114,93,94.35,90.3,91.65,16191
DMART,20191114,1964.9,1966.6,1910,1920,261824
DNAMEDIA,20191114,0.35,0.4,0.35,0.35,4329
DOLAT,20191114,66.35,67.95,65.1,66.35,59925
DOLLAR,20191114,163,170,156.6,158.05,50827
DONEAR,20191114,31.1,31.1,30,30.1,8515
DPSCLTD,20191114,9.1,9.6,9.1,9.5,2351
DQE,20191114,2.4,2.55,2.35,2.5,10427
DREDGECORP,20191114,328.5,332,316.65,318.15,100807
DRREDDY,20191114,2775,2777.35,2724.95,2734.05,648568
DSSL,20191114,25.05,25.95,20.6,21.95,33865
DTIL,20191114,185.6,189,175.7,184.1,4988
DUCON,20191114,5.65,6,5.6,5.85,69198
DVL,20191114,69.05,69.05,67.1,68.25,5776
DWARKESH,20191114,25.45,25.5,24.45,25.05,233841
DYNAMATECH,20191114,1135,1135,1081.2,1092.65,931
DYNPRO,20191114,143.65,143.65,138.1,140.25,11370
EASTSILK,20191114,0.65,0.65,0.6,0.65,7508
ECLERX,20191114,450,454.25,440.05,443.3,17758
EDELWEISS,20191114,123,128.25,116.05,128.25,4169234
EICHERMOT,20191114,21500,21725,21355,21558.15,98083
EIDPARRY,20191114,194,198,184,187.85,883347
EIHAHOTELS,20191114,304,307.55,293.25,299.5,1601
EIHOTEL,20191114,151.6,152.3,148.25,150.9,303369
EIMCOELECO,20191114,301,305,292.2,297.8,2297
EKC,20191114,25.85,26.1,25,25.15,44976
ELECON,20191114,36.15,36.15,34.95,35.05,28434
ELECTCAST,20191114,13.1,13.2,12.6,12.65,45707
ELECTHERM,20191114,149.45,149.45,136.2,138.15,9773
ELGIEQUIP,20191114,260,264,258,261.95,10820
ELGIRUBCO,20191114,18.95,18.95,16.55,16.9,3797
EMAMILTD,20191114,323.95,326.15,316.85,319,99153
EMAMIPAP,20191114,72.5,73.75,70.35,73.75,398
EMAMIREAL,20191114,44.6,46.7,44.6,44.6,9009
EMCO,20191114,0.75,0.75,0.65,0.7,34649
EMKAY,20191114,75,75.95,71,72.95,8705
EMMBI,20191114,110.95,110.95,101,102,8626
ENDURANCE,20191114,1069.5,1091.95,1051.1,1058.2,5616
ENERGYDEV,20191114,5.2,5.2,4.9,5,19973
ENGINERSIN,20191114,102.4,105.5,101.5,104.15,2054131
ENIL,20191114,244.05,245.25,234.9,235.5,5390
EON,20191114,17.75,17.75,17.75,17.75,2546
EQ30,20191114,347.6,347.65,347.6,347.65,4
EQUITAS,20191114,85.75,86.45,82.5,84.6,4489035
ERIS,20191114,410,417.9,407.6,415,340841
EROSMEDIA,20191114,14.95,14.95,14.25,14.25,111123
ESABINDIA,20191114,1237,1249.9,1214.95,1238.8,1529
ESCORTS,20191114,656,656.95,643.1,651.9,1579736
ESSARSHPNG,20191114,7.55,7.55,7.15,7.45,2116
ESSELPACK,20191114,135,142,131.9,138.95,180802
ESTER,20191114,34.85,36.65,33.55,35.75,52058
EUROMULTI,20191114,0.35,0.4,0.3,0.35,13631
EUROTEXIND,20191114,12.1,12.1,11.75,11.75,800
EVEREADY,20191114,51.05,52,49.85,50.55,154251
EVERESTIND,20191114,289.8,289.8,281.5,282.15,15611
EXCEL,20191114,1.05,1.1,1,1,27482
EXCELINDUS,20191114,890,895.2,865,870.6,9431
EXIDEIND,20191114,188.25,191.45,187.35,190.7,1649089
EXPLEOSOL,20191114,271.1,277,271,273.7,10778
FACT,20191114,38.05,42.9,37.9,40.65,1486937
FAIRCHEM,20191114,492.35,492.4,473.35,477.8,7919
FCL,20191114,27.65,29.9,27.05,28.75,198534
FCONSUMER,20191114,24,24.5,23.05,23.55,1375467
FCSSOFT,20191114,0.2,0.25,0.2,0.2,469105
FDC,20191114,177.95,185,175.55,182,102832
FEDERALBNK,20191114,82.5,85.2,82.25,84.5,11720303
FEL,20191114,23.95,24.55,23.1,23.35,450363
FELDVR,20191114,22.3,23.7,21.6,22.4,26461
FIEMIND,20191114,358.7,358.7,345.5,346.95,5643
FILATEX,20191114,37.6,37.6,36.3,36.65,51266
FINCABLES,20191114,367.7,369.5,354.1,360.05,124166
FINEORG,20191114,1949.8,2188,1890,1926,111960
FINPIPE,20191114,582,585.15,574.05,575.2,40373
FLEXITUFF,20191114,3.65,3.65,3.65,3.65,22525
FLFL,20191114,393.45,400,390,395.05,25672
FLUOROCHEM,20191114,600.05,607.9,590,602.1,15435
FMGOETZE,20191114,594.7,594.7,581.25,583.8,7868
FMNL,20191114,31.65,31.95,30.1,30.1,21652
FORCEMOT,20191114,1066,1078.7,1046,1050.95,22696
FORTIS,20191114,156.8,159.7,155.2,156.2,3097070
FOSECOIND,20191114,1356.4,1365.4,1325,1341.45,400
FRETAIL,20191114,350.25,352.65,341.35,344.45,346063
FSC,20191114,488.9,495,476,493.05,4392
FSL,20191114,41.75,42.55,40.6,40.75,1827463
GABRIEL,20191114,119.65,121.55,114,115.05,102642
GAEL,20191114,129.45,131.65,128,128.55,21340
GAIL,20191114,124.5,125,119.6,121.8,22833339
GAL,20191114,1.95,2,1.9,1.95,8636
GALAXYSURF,20191114,1549.95,1549.95,1500,1544.5,50856
GALLANTT,20191114,27.15,27.15,25.65,25.75,1391
GALLISPAT,20191114,19.65,20.5,18.6,20.4,13059
GAMMNINFRA,20191114,0.3,0.3,0.25,0.3,336336
GANDHITUBE,20191114,293.1,297.4,292.4,296.85,204
GANECOS,20191114,257.15,263,256.45,259.55,1770
GANESHHOUC,20191114,34.6,34.6,33.3,33.5,19127
GANGESSECU,20191114,36.15,40,36.15,40,5119
GARDENSILK,20191114,11.1,11.25,10.85,10.95,5160
GARFIBRES,20191114,1213.8,1213.8,1097.95,1150.9,41352
GATI,20191114,58.4,60.75,58.35,58.7,444597
GAYAHWS,20191114,0.3,0.3,0.2,0.25,951578
GAYAPROJ,20191114,94.05,97.5,89.1,96.75,95130
GDL,20191114,86,86.95,82,83.25,627044
GEECEE,20191114,85.6,86.55,82.25,83.4,2760
GENESYS,20191114,73.45,74.9,68.3,72.55,16754
GENUSPAPER,20191114,5.1,5.1,4.95,4.95,41013
GENUSPOWER,20191114,24.2,24.2,23.4,23.8,38968
GEOJITFSL,20191114,29.15,29.45,28.6,29.25,123952
GEPIL,20191114,684.2,688,669.6,679.95,16159
GESHIP,20191114,300.55,302.95,300.55,301.9,48632
GET&D,20191114,184,184,176.1,177.45,31311
GFLLIMITED,20191114,82,82,78,78.45,29231
GHCL,20191114,208,208.5,205.1,207.65,160974
GICHSGFIN,20191114,157.2,159.5,152.15,152.85,96211
GICRE,20191114,278,284.7,266,268.3,661519
GILLANDERS,20191114,30.15,32,29.1,30,7935
GILLETTE,20191114,7268,7268,7150,7161.35,3097
GINNIFILA,20191114,8.4,8.75,8.15,8.15,20283
GIPCL,20191114,66,68.2,65.9,67.2,160440
GKWLIMITED,20191114,757.95,758,721,745.4,191
GLAXO,20191114,1607,1615,1590,1601.25,39755
GLENMARK,20191114,275,284.95,267.25,282.05,3244792
GLOBALVECT,20191114,49.1,53,47,51.55,19200
GLOBOFFS,20191114,5.95,6.2,5.95,6,935
GLOBUSSPR,20191114,146,149.5,137.5,140.15,223897
GMBREW,20191114,413.95,419.7,405.05,409.3,26014
GMDCLTD,20191114,61.95,61.95,58.7,58.95,281242
GMMPFAUDLR,20191114,1575,1674.9,1545,1641.55,69565
GMRINFRA,20191114,21.05,21.45,20.65,21,16002361
GNA,20191114,264.95,265,253.3,257.6,24307
GNFC,20191114,196.65,197.1,192.25,193.2,195636
GOACARBON,20191114,212,222,210,214.55,6519
GOCLCORP,20191114,283.6,287.15,281.35,283.05,1691
GODFRYPHLP,20191114,1285,1300,1120.1,1262,950394
GODREJAGRO,20191114,481,481.75,473,474.4,39278
GODREJCP,20191114,725.75,725.75,712.95,715.45,478181
GODREJIND,20191114,433.2,442.15,430,438.9,134834
GODREJPROP,20191114,935.1,941.35,912,919.7,200113
GOKEX,20191114,83.35,83.9,77.3,78.65,99177
GOKUL,20191114,13,13.55,12.5,12.8,444
GOKULAGRO,20191114,13.25,13.25,13.05,13.25,5477
GOLDBEES,20191114,3389.8,3390,3371.6,3384.15,10366
GOLDENTOBC,20191114,37,39.3,37,39.3,3314
GOLDIAM,20191114,132.55,133.35,129.05,131.7,58445
GOLDSHARE,20191114,3386,3408.5,3381.75,3390.25,1163
GOLDTECH,20191114,9.7,9.7,9.15,9.65,7589
GOODLUCK,20191114,53.3,55.15,51.1,54.35,69693
GPIL,20191114,142.35,142.9,138,138.45,28145
GPPL,20191114,82.4,85.8,81.6,84.75,218611
GPTINFRA,20191114,43.45,43.45,41.65,42.6,492
GRANULES,20191114,119.8,125,118.1,124,1310083
GRAPHITE,20191114,307,310.4,298.35,304.7,2013468
GRASIM,20191114,713.1,756.85,712,733.95,4263295
GRAVITA,20191114,45,45,42.5,42.85,35919
GREAVESCOT,20191114,135.45,139.9,135.45,139.55,276893
GREENLAM,20191114,1013.9,1019.15,955.6,967.45,923
GREENPANEL,20191114,48,48,44.2,46.25,115819
GREENPLY,20191114,161.35,168,160,165.35,79687
GREENPOWER,20191114,1.75,1.75,1.75,1.75,41013
GRINDWELL,20191114,599.95,601.95,588.05,598.35,9584
GROBTEA,20191114,282,315,282,312.3,16
GRPLTD,20191114,824.5,825.5,801.15,820,61
GRSE,20191114,220.75,226.75,215.15,217.3,254703
GSCLCEMENT,20191114,19.95,19.95,18.25,18.8,41461
GSFC,20191114,73.5,73.95,72.25,72.45,308989
GSKCONS,20191114,8960,8987.05,8845.15,8868.55,6449
GSPL,20191114,217.9,219.95,216.1,217.5,367386
GSS,20191114,36,37.8,35,35.55,23492
GTL,20191114,1.45,1.45,1.35,1.35,54955
GTLINFRA,20191114,0.45,0.45,0.4,0.4,1356203
GTNIND,20191114,5.25,5.8,5.1,5.8,6614
GTPL,20191114,66.5,67.05,65.9,66,31427
GUFICBIO,20191114,71.8,74.05,70,70.3,123761
GUJALKALI,20191114,414.9,417.9,409.5,414.5,29695
GUJAPOLLO,20191114,134.2,134.3,130,130.4,302
GUJGASLTD,20191114,199.5,200.35,196.1,196.7,244152
GULFOILLUB,20191114,819,845,811.2,836.45,4389
GULFPETRO,20191114,39.95,40.5,39.15,39.65,16294
GULPOLY,20191114,41,41,38.6,38.65,11131
GVKPIL,20191114,4.3,4.65,4.25,4.6,3589161
HAL,20191114,775,819.9,775,807.8,40865
HARITASEAT,20191114,431.35,459.45,431.35,445.35,4300
HARRMALAYA,20191114,48.9,49.3,48.05,48.45,25535
HATHWAY,20191114,20.35,20.35,20.05,20.2,87470
HATSUN,20191114,599.4,600.05,585,589.15,4890
HAVELLS,20191114,675.9,683.55,668.15,672.2,975688
HAVISHA,20191114,0.7,0.7,0.65,0.65,1432
HBLPOWER,20191114,17.3,17.3,16,16.1,184662
HBSL,20191114,7.4,7.4,7,7,140
HCC,20191114,8,8.05,7.75,7.85,1415111
HCG,20191114,115,115,110.55,111,6237
HCL-INSYS,20191114,7.45,7.5,7,7.2,342951
HCLTECH,20191114,1141.5,1157.4,1135.1,1147.8,1270462
HDFC,20191114,2207.9,2232.85,2190.2,2226.8,1953996
HDFCAMC,20191114,3698,3774,3537.05,3604,1585360
HDFCBANK,20191114,1263.8,1277,1257.2,1273.9,5527609
HDFCLIFE,20191114,592.5,594.9,581.5,586.35,2663642
HDFCMFGETF,20191114,3457.95,3470.95,3455.5,3462.4,776
HDFCNIFETF,20191114,1243.9,1247.4,1237.9,1244.3,887
HDFCSENETF,20191114,4234.53,4249.87,4232.51,4249.84,18
HDIL,20191114,2.2,2.2,2.2,2.2,1107472
HEG,20191114,1066,1078.1,1023.6,1064.75,675093
HEIDELBERG,20191114,190.25,190.25,186.5,187.55,103001
HERCULES,20191114,91.25,93,88.45,89.85,17678
HERITGFOOD,20191114,327,332,317.1,324.8,30197
HEROMOTOCO,20191114,2595,2608.15,2577,2591.65,461170
HESTERBIO,20191114,1598.95,1600,1561.05,1585,3572
HEXATRADEX,20191114,11.95,12.2,11.4,11.4,19716
HEXAWARE,20191114,330.1,334.7,327.9,333.5,584634
HFCL,20191114,17.4,18,17.2,17.75,2882000
HGINFRA,20191114,227,250.95,223.8,242.2,367349
HGS,20191114,615,629.7,610.05,623.85,13216
HIKAL,20191114,110.4,110.4,106,107.25,206141
HIL,20191114,1095,1248.95,1085.05,1206.35,108352
HILTON,20191114,16.3,16.3,16.3,16.3,6973
HIMATSEIDE,20191114,134.1,135.85,131,132.3,66852
HINDALCO,20191114,193.35,193.4,187.8,188.5,6720055
HINDCOMPOS,20191114,177,177,165.7,173,2238
HINDCOPPER,20191114,39.35,39.5,38.05,38.65,493428
HINDMOTORS,20191114,5.55,5.7,5.5,5.6,44937
HINDNATGLS,20191114,32.65,32.65,32.65,32.65,2018
HINDOILEXP,20191114,93.75,95.75,90.2,93.95,395885
HINDPETRO,20191114,291.25,292.05,284.3,288.55,5617128
HINDUNILVR,20191114,2090.6,2090.6,2061.45,2069.05,1291198
HINDZINC,20191114,208.5,210.95,206.25,210.05,508466
HIRECT,20191114,213,235,205.25,216.3,236481
HISARMETAL,20191114,55.5,58.35,51.2,55.25,2389
HITECH,20191114,157.35,164.9,150,150.6,31160
HITECHCORP,20191114,89.4,90,83.5,86.6,3319
HITECHGEAR,20191114,178.2,178.95,168,177,26687
HMVL,20191114,81.8,81.8,77.5,80.05,6404
HNDFDS,20191114,678,678,631.5,640.95,2269
HNGSNGBEES,20191114,3206,3355,3206,3310,137
HONAUT,20191114,27695,27695,27125.2,27360.2,2957
HONDAPOWER,20191114,1295,1321.25,1280.05,1296.95,5384
HOTELEELA,20191114,7.9,7.9,7.5,7.6,84345
HOVS,20191114,58.4,62.4,54.25,54.25,39535
HPL,20191114,44.75,45.75,42.3,42.9,17265
HSCL,20191114,65.25,65.55,60.1,64.25,734817
HSIL,20191114,48.6,49,48.05,48.2,332207
HTMEDIA,20191114,16.55,16.75,16,16.1,180860
HUBTOWN,20191114,14.2,14.9,12.6,12.75,106723
HUDCO,20191114,43.45,45.8,42.25,42.9,8322090
IBMFNIFTY,20191114,117.49,117.9,115.11,116.39,695
IBREALEST,20191114,77.05,77.5,73.9,73.9,1514767
IBULHSGFIN,20191114,222.5,223.85,208.1,211.35,45073367
IBULISL,20191114,85.1,85.6,81.4,81.4,168799
IBVENTURES,20191114,150.45,154,140.55,148.7,1530515
ICICI500,20191114,156.31,156.67,155.25,156.53,19583
ICICIB22,20191114,35.24,35.24,34.75,34.87,345406
ICICIBANK,20191114,489.75,499.85,483.75,498.65,35396276
ICICIBANKN,20191114,330,330,303.7,308.99,115403
ICICIBANKP,20191114,172,174,167,169.81,565
ICICIGI,20191114,1371,1379.85,1357,1373.55,455000
ICICIGOLD,20191114,34.3,35.45,34.3,34.65,13021
ICICILIQ,20191114,999.95,1000.01,999.95,1000,112321
ICICILOVOL,20191114,94.4,94.4,90.5,92.66,64970
ICICIMCAP,20191114,65.7,65.7,63.75,64.34,3495
ICICINF100,20191114,126.5,130,123,127.97,3990
ICICINIFTY,20191114,122,125.98,120,124.72,880441
ICICINV20,20191114,58.25,58.25,56.6,57.33,2820
ICICINXT50,20191114,29.5,29.5,28.2,28.46,3564017
ICICIPRULI,20191114,531,532.05,519.05,525.4,2014684
ICICISENSX,20191114,427.88,429.72,425.15,429.4,206
ICIL,20191114,53.5,55.4,51.05,53.05,189156
ICRA,20191114,2739.95,2795,2701,2762.65,317
IDBI,20191114,32.15,33,31.35,31.85,2281066
IDBIGOLD,20191114,3506.95,3539.05,3506.95,3539,37
IDEA,20191114,3.35,3.45,2.85,2.95,585724890
IDFC,20191114,34.45,34.7,34.05,34.5,1206728
IDFCFIRSTB,20191114,41,41.95,40.9,41.7,11408938
IDFNIFTYET,20191114,124.9,124.9,123.9,123.97,14
IEX,20191114,141.85,144,140.95,143.6,101329
IFBAGRO,20191114,411.05,424.75,411.05,422.85,6931
IFBIND,20191114,734.3,749.65,722.8,739.5,8947
IFCI,20191114,7.65,7.8,7.3,7.4,1768633
IFGLEXPOR,20191114,151.55,153.5,148.25,152.45,1445
IGARASHI,20191114,243.05,246.8,237.6,243.6,44446
IGL,20191114,421,426,418.2,424.65,1391329
IGPL,20191114,136.7,144,134.45,138,36301
IIFL,20191114,141.5,150,136.25,143.9,332557
IIFLSEC,20191114,25.1,26.35,25.1,25.8,83084
IIFLWAM,20191114,1260.15,1260.2,1206.1,1223.8,3504
IITL,20191114,63.95,63.95,63.95,63.95,10
IMFA,20191114,194,195,189.35,192.15,5527
IMPAL,20191114,620.15,628.35,598.9,610.2,2633
IMPEXFERRO,20191114,0.3,0.3,0.25,0.25,2086
INDBANK,20191114,7.5,8.45,7.2,7.6,35266
INDHOTEL,20191114,156.8,157.8,150.45,155.25,1764991
INDIACEM,20191114,81.7,83.4,81,82.2,1327617
INDIAGLYCO,20191114,227,228.55,223.1,225.05,41654
INDIAMART,20191114,2008.9,2062,1926,1985.35,64539
INDIANB,20191114,118.5,118.5,112.55,114.5,1555496
INDIANCARD,20191114,105,115.45,104.95,110,153
INDIANHUME,20191114,230,230.1,216,222.6,82620
INDIGO,20191114,1478,1525,1465,1516.9,1224651
INDLMETER,20191114,24.45,25,23.2,23.25,3272
INDNIPPON,20191114,329.05,333.55,326,328.1,3057
INDOCO,20191114,142.7,148,141,144.45,38284
INDORAMA,20191114,26,26.8,25.5,25.8,3688
INDOSTAR,20191114,185.15,186.8,177.05,180.8,70364
INDOTECH,20191114,110.4,127.6,107.75,127.6,230492
INDOTHAI,20191114,23,23.5,21.6,22.15,3878
INDOWIND,20191114,3.15,3.2,2.9,2.95,57555
INDRAMEDCO,20191114,41.2,44,40.5,43.55,556517
INDSWFTLAB,20191114,28.5,28.9,27.15,28.15,115678
INDSWFTLTD,20191114,4,4,3.7,3.7,3397
INDTERRAIN,20191114,71.95,72,68.55,69,1891
INDUSINDBK,20191114,1399.7,1399.7,1353.2,1375.1,5279888
INEOSSTYRO,20191114,668,677.9,667,674.95,10275
INFIBEAM,20191114,45.3,45.8,44.5,45.1,764575
INFOBEAN,20191114,67.2,68.5,67.15,67.5,2442
INFRABEES,20191114,330,340,330,333.05,317
INFRATEL,20191114,205,211.25,198.75,208.65,13453599
INFY,20191114,696.35,709.8,696.35,705.3,10539902
INGERRAND,20191114,613,634.95,609.95,611.7,26950
INOXLEISUR,20191114,357.65,365,355,360.35,244565
INOXWIND,20191114,33.2,34.4,32.8,33.05,29498
INSECTICID,20191114,558,560.9,545.2,547.7,13153
INSPIRISYS,20191114,41.15,42.2,40,40.45,10395
INTELLECT,20191114,150,151.55,145.1,145.55,141019
INTENTECH,20191114,30.05,31.45,27.3,29,15954
INVENTURE,20191114,12.75,12.95,12.75,12.9,21285
IOB,20191114,10.1,10.1,9.75,9.8,574366
IOC,20191114,133.2,140,131.4,136.85,15719623
IOLCP,20191114,202.05,204.4,195.4,196.5,379978
IPAPPM,20191114,309,312.95,306.55,307.05,25290
IPCALAB,20191114,1089.95,1147,1089.95,1138.45,390594
IRB,20191114,72.9,73.9,70.7,71.8,521156
IRCON,20191114,440,442,406.3,408.3,274419
IRCTC,20191114,915,947,897,907.3,2867396
ISEC,20191114,318.05,325.4,308.45,315.45,248384
ISFT,20191114,83.25,83.9,83.05,83.05,605
ISMTLTD,20191114,4.05,4.05,3.85,4,21418
ITC,20191114,254.1,255.9,253.25,253.9,8880734
ITDC,20191114,371.9,376,363.25,367.2,118061
ITDCEM,20191114,53,56.1,51.5,54.15,360217
ITI,20191114,86.9,87.6,85.3,85.95,433778
IVC,20191114,3.85,3.85,3.7,3.75,73493
IVP,20191114,57.1,60,57.1,57.1,258
IVZINNIFTY,20191114,1276.6,1276.6,1276.6,1276.6,1
IZMO,20191114,34.1,34.1,32.3,32.7,2550
J&KBANK,20191114,31.25,31.25,30.5,30.6,222994
JAGRAN,20191114,54.85,54.85,53.55,54.15,227650
JAGSNPHARM,20191114,26.5,26.85,25.4,25.9,2387
JAIBALAJI,20191114,19.85,21.25,19.85,20.2,7881
JAICORPLTD,20191114,99.9,100.4,97.35,97.9,1325822
JAMNAAUTO,20191114,43.3,44.5,42.8,43.45,744776
JASH,20191114,144.2,144.2,124.05,138.8,1113
JAYAGROGN,20191114,130.8,134.8,130.8,131.25,3941
JAYBARMARU,20191114,214.5,228.8,213.95,223.1,345751
JAYNECOIND,20191114,3.55,3.8,3.55,3.6,26454
JAYSREETEA,20191114,49.55,49.55,46.6,47.35,150416
JBCHEPHARM,20191114,390,398.6,390,396.35,83596
JBFIND,20191114,7.4,7.4,6.85,7.05,60117
JBMA,20191114,222.95,229.7,222.1,227.05,59189
JCHAC,20191114,1914.75,1950.05,1894.9,1925.75,1990
JHS,20191114,16.55,16.55,15.45,16,55344
JIKIND,20191114,0.45,0.45,0.35,0.4,8017
JINDALPHOT,20191114,14.05,14.05,13.3,13.3,1344
JINDALPOLY,20191114,235,239.4,227,228.8,27235
JINDALSAW,20191114,82,83.1,81.05,81.9,233106
JINDALSTEL,20191114,142.05,144.4,138.6,139.65,18804406
JINDCOT,20191114,1.75,1.75,1.75,1.75,3404
JINDRILL,20191114,81,81.2,77,79.1,18888
JINDWORLD,20191114,59.1,59.6,57.5,57.95,106734
JISLDVREQS,20191114,10.75,11.25,10.25,10.25,27897
JISLJALEQS,20191114,14,14.1,13.3,13.3,1828026
JITFINFRA,20191114,6.5,6.5,6.25,6.5,788
JIYAECO,20191114,37,37,35.6,36.1,89556
JKCEMENT,20191114,1187,1187,1157.2,1160.1,51106
JKIL,20191114,156,158.9,153.6,157.85,88710
JKLAKSHMI,20191114,302.05,306,299,300.15,65163
JKPAPER,20191114,117,117.6,114.5,114.8,455599
JKTYRE,20191114,68.55,74.95,67.1,72.05,1686171
JMA,20191114,25.9,25.9,23.3,23.6,49
JMCPROJECT,20191114,110.95,110.95,106,107.2,71385
JMFINANCIL,20191114,88.55,90.9,87.3,89.85,293754
JMTAUTOLTD,20191114,1.5,1.5,1.45,1.45,27704
JOCIL,20191114,107.35,107.35,100.65,105.3,1441
JPASSOCIAT,20191114,2.1,2.15,2.05,2.05,3752682
JPINFRATEC,20191114,1.3,1.35,1.25,1.25,2129526
JPOLYINVST,20191114,11.55,11.55,11.55,11.55,968
JPPOWER,20191114,1.05,1.15,1.05,1.15,4430394
JSL,20191114,36.6,37.3,36.2,36.5,201237
JSLHISAR,20191114,71.5,72,67.1,68.9,271100
JSWENERGY,20191114,72,73.3,69.4,70.4,554940
JSWHL,20191114,2482,2492.7,2411.1,2432.55,1210
JSWSTEEL,20191114,248,249.7,244.25,245.75,4522524
JTEKTINDIA,20191114,80.8,85.45,80.8,82.65,244529
JUBILANT,20191114,523,523,501,503.2,129962
JUBLFOOD,20191114,1584.85,1633.05,1580,1613.05,1183626
JUBLINDS,20191114,98.8,100,95.75,98.25,9392
JUMPNET,20191114,73.45,74.35,70.75,73.9,757009
JUNIORBEES,20191114,295,296,290.71,292.77,452193
JUSTDIAL,20191114,513.5,522.75,500,514.3,3522077
JYOTHYLAB,20191114,176,177.9,175.65,176.2,45817
KABRAEXTRU,20191114,67,67,65.25,66.5,15560
KAJARIACER,20191114,520,533.4,508.05,524.4,300891
KAKATCEM,20191114,153.95,154,150.1,151.55,5874
KALPATPOWR,20191114,453.95,454.4,443.3,448.6,33049
KALYANIFRG,20191114,167.4,167.4,157.55,162.65,370
KAMATHOTEL,20191114,35.8,36.65,34.65,35.85,54651
KAMDHENU,20191114,100.75,103.7,96.4,102.1,7470
KANANIIND,20191114,2.9,2.9,2.8,2.9,4286
KANORICHEM,20191114,42.05,43,41.5,41.65,5412
KANSAINER,20191114,541,545.9,533.65,542,112447
KARDA,20191114,156.25,158.35,147.4,152.1,26078
KARMAENG,20191114,9.85,9.85,8.65,9.25,664
KARURVYSYA,20191114,57.9,58.9,57.3,58.45,648249
KAUSHALYA,20191114,0.55,0.55,0.5,0.55,4349
KAVVERITEL,20191114,2.4,2.4,2.35,2.35,76
KAYA,20191114,396,396,378.1,380.3,6009
KCP,20191114,63,64,61.8,62.35,48963
KCPSUGIND,20191114,13.8,13.8,13.35,13.45,51600
KDDL,20191114,334.4,340.1,312.5,322.9,1623
KEC,20191114,281.8,281.8,274.5,278.1,373955
KECL,20191114,10.5,11.05,10.5,10.55,28050
KEI,20191114,545.8,545.8,534,536.2,101644
KELLTONTEC,20191114,16.25,17,16.25,16.75,177573
KENNAMET,20191114,1080,1089.15,1002.3,1009.2,10095
KERNEX,20191114,23.15,23.15,21,22.75,6997
KESARENT,20191114,29.7,32.2,29.7,29.7,3941
KESORAMIND,20191114,60.7,61.55,59.2,59.8,240220
KGL,20191114,0.4,0.45,0.4,0.4,165734
KHADIM,20191114,215,215,209.7,210.5,18148
KHAITANLTD,20191114,18.9,19.8,18,19.8,4360
KHANDSE,20191114,13.55,13.55,13.55,13.55,1100
KICL,20191114,1599,1616.95,1562,1566.45,352
KILITCH,20191114,136.9,136.9,120.1,124.55,30663
KINGFA,20191114,669.95,669.95,615,619.85,6577
KIOCL,20191114,117,121.9,117,120.4,28301
KIRIINDUS,20191114,380.1,391,380,381.2,96387
KIRLFER,20191114,64.95,64.95,60,60.95,6528
KIRLOSBROS,20191114,145.05,146.9,144,145.55,4280
KIRLOSENG,20191114,172.75,172.75,165.5,166.05,18237
KIRLOSIND,20191114,660,660,615.5,637.6,510
KITEX,20191114,105,107.8,100.75,103.1,123024
KKCL,20191114,997.55,999.5,963.5,964.6,336
KMSUGAR,20191114,7.05,7.05,6.6,6.7,81033
KNRCON,20191114,230.25,251,222.6,246.2,264952
KOHINOOR,20191114,12.35,12.35,11.65,11.65,24718
KOKUYOCMLN,20191114,72.95,73,71,71.75,15436
KOLTEPATIL,20191114,247.1,253.2,239.15,240.2,45024
KOPRAN,20191114,28.05,28.75,28,28.2,10052
KOTAKBANK,20191114,1606,1610.4,1584.05,1597.6,2639298
KOTAKBKETF,20191114,312.93,315.35,310.25,314.21,401205
KOTAKGOLD,20191114,335.35,337.65,335.35,337,8009
KOTAKNIFTY,20191114,122.68,123,121.9,122.48,1377969
KOTAKNV20,20191114,59,59,58.06,58.47,87564
KOTAKPSUBK,20191114,237.86,238,232.16,237.08,1951
KOTARISUG,20191114,11.2,11.2,10.3,10.5,10309
KOTHARIPET,20191114,17.5,17.5,16.5,16.75,7889
KOTHARIPRO,20191114,64,65,61.2,61.45,5544
KPITTECH,20191114,92,94.5,91,92.95,232508
KPRMILL,20191114,656,675,650.15,654.95,13679
KRBL,20191114,201.75,206.15,199.8,201.2,82301
KREBSBIO,20191114,90,90,83.3,86.4,542
KRIDHANINF,20191114,5.7,5.75,5.25,5.65,153645
KRISHANA,20191114,53,53,53,53,100
KSB,20191114,716,716,689.15,701.95,6758
KSCL,20191114,543.5,543.5,525.15,527,86663
KSERASERA,20191114,0.1,0.1,0.05,0.1,594960
KSK,20191114,0.6,0.6,0.6,0.6,165111
KSL,20191114,210,215.4,204.6,214.5,80156
KTIL,20191114,33,33,30.1,31,2623
KTKBANK,20191114,76,79.5,75.3,75.85,1224393
KUANTUM,20191114,464.95,480,436.5,470.55,2263
KWALITY,20191114,3.6,3.6,3.6,3.6,251236
L&TFH,20191114,95.8,96.4,93.4,95.85,5713197
LAKSHVILAS,20191114,19,19.05,17.75,18.2,9789896
LALPATHLAB,20191114,1510,1600,1507.3,1588.2,319834
LAMBODHARA,20191114,31.6,32.55,31.05,31.9,12002
LAOPALA,20191114,150.9,151.2,146.25,148.2,17488
LASA,20191114,18.7,19,18.25,18.65,7566
LAURUSLABS,20191114,361.15,362.65,352.4,355.45,41198
LAXMIMACH,20191114,3322.95,3322.95,3205,3221.35,9051
LEMONTREE,20191114,57.95,61.7,57.85,60.45,1582834
LFIC,20191114,55.8,56,45.95,51.7,2340
LGBBROSLTD,20191114,279,288.8,273.25,280.9,3418
LGBFORGE,20191114,2.35,2.45,2.3,2.35,11287
LIBAS,20191114,57.75,57.75,48,51.15,182
LIBERTSHOE,20191114,130,134.7,125.5,130.4,388255
LICHSGFIN,20191114,420.5,423.4,412.1,420.3,2263450
LICNETFGSC,20191114,21.48,21.48,20.53,20.98,1564
LICNETFN50,20191114,124.5,124.5,121.5,122,53
LICNFNHGP,20191114,123.7,123.7,122.45,122.75,649
LINCOLN,20191114,173,182,170.8,179.85,172743
LINCPEN,20191114,192,197.05,184.5,186.15,616
LINDEINDIA,20191114,599,612.4,588,596.3,49242
LIQUIDBEES,20191114,1000,1000.01,999.85,999.99,634742
LIQUIDETF,20191114,999.99,1000.01,999.99,999.99,11114
LOKESHMACH,20191114,35.55,37.85,33.35,36.2,52078
LOTUSEYE,20191114,24,24,22.1,22.65,3493
LOVABLE,20191114,65.7,70.5,63.35,65.85,77358
LPDC,20191114,1.85,1.85,1.8,1.85,1651
LSIL,20191114,0.5,0.55,0.45,0.5,1263962
LT,20191114,1397,1405.95,1376.95,1380.45,3000518
LTI,20191114,1650,1660.05,1610,1630.4,95036
LTTS,20191114,1438.95,1449.85,1395,1413.1,139271
LUMAXIND,20191114,1252,1299,1240.85,1289.5,3159
LUMAXTECH,20191114,98.05,100,97.15,98.65,11187
LUPIN,20191114,732.9,739.8,720.9,738.35,932902
LUXIND,20191114,1320,1420,1320,1337.2,171252
LYKALABS,20191114,17.5,17.5,16.5,16.75,5778
LYPSAGEMS,20191114,4.4,4.5,4.05,4.25,9601
M&M,20191114,575.2,579.65,567.75,578.45,2193683
M&MFIN,20191114,326.45,329.3,321,328.35,1125712
M100,20191114,17.65,17.65,17.48,17.58,16960
M50,20191114,115.4,117,115.4,117,354
MAANALU,20191114,62.05,62.35,60.05,60.05,5937
MADHAV,20191114,22.55,25.45,22.55,23.95,3214
MADHUCON,20191114,4.85,5.35,4.85,5.15,21690
MADRASFERT,20191114,19.85,20,19.25,19.35,230787
MAGADSUGAR,20191114,103.3,103.3,98.05,99.15,14913
MAGMA,20191114,45.6,46.15,42.4,43.05,332995
MAGNUM,20191114,3.7,3.7,3.7,3.7,605
MAHABANK,20191114,11.35,11.5,11.1,11.2,313723
MAHAPEXLTD,20191114,87,91.8,87,91.8,36
MAHASTEEL,20191114,163.05,169,146.35,149.35,25222
MAHESHWARI,20191114,244,274.9,234.95,240.75,31044
MAHINDCIE,20191114,142.05,145.5,140.1,143.95,131891
MAHLIFE,20191114,397.6,398,387.05,394.95,173488
MAHLOG,20191114,392,400,389.55,397.75,43330
MAHSCOOTER,20191114,4821.55,4855.05,4748,4821.45,5320
MAHSEAMLES,20191114,367,394.8,361,384.9,210562
MAITHANALL,20191114,432.05,441.05,426.55,428.75,10622
MAJESCO,20191114,410.05,417.2,403,405.9,15034
MALUPAPER,20191114,22.5,22.9,21.8,22.25,19118
MAN50ETF,20191114,119.5,120.45,119.5,120.1,51458
MANAKALUCO,20191114,4.55,4.7,4.4,4.6,8221
MANAKCOAT,20191114,4,4.05,3.95,3.95,3360
MANAKSIA,20191114,40.05,40.1,39.35,39.8,17243
MANAKSTEEL,20191114,11,11,9.7,9.9,8458
MANALIPETC,20191114,17.65,17.65,16.8,16.9,231804
MANAPPURAM,20191114,162.7,164.5,159.85,162.95,2795948
MANGALAM,20191114,33,34.85,31.7,32.65,5566
MANGCHEFER,20191114,29,29.4,28.85,29.15,30621
MANGLMCEM,20191114,287,303.9,282.45,297.95,29217
MANGTIMBER,20191114,5.35,5.35,5.35,5.35,3934
MANINDS,20191114,44.2,44.2,43,43,32528
MANINFRA,20191114,23.75,24.8,22.5,22.6,148478
MANUGRAPH,20191114,14.7,14.7,13.35,13.6,4878
MARALOVER,20191114,18.25,19.4,18.05,18.05,6122
MARATHON,20191114,79.65,79.9,77.55,77.75,4624
MARICO,20191114,365.5,365.5,354,356.55,3738810
MARKSANS,20191114,14.75,15.1,14.1,14.25,1149267
MARUTI,20191114,7160,7270,7160,7247.15,802462
MASFIN,20191114,719.25,725,707.25,720.4,7710
MASTEK,20191114,321,322.5,312.05,314.9,22744
MATRIMONY,20191114,492,495.55,485,486.7,51111
MAWANASUG,20191114,32.85,34,32.2,32.4,100876
MAXINDIA,20191114,74.4,74.4,71.5,71.55,356632
MAXVIL,20191114,37.45,38.6,36.1,38.05,71739
MAYURUNIQ,20191114,228.85,228.85,219.45,222.55,22343
MAZDA,20191114,390.2,410,380.1,387.2,19862
MBAPL,20191114,70.55,74,70.05,70.05,23
MBECL,20191114,4.85,4.85,4.55,4.6,14608
MBLINFRA,20191114,5.3,5.3,4.85,4.95,22199
MCDHOLDING,20191114,17.75,17.9,17.65,17.7,1416
MCDOWELL-N,20191114,619,622.35,611.75,618.45,867227
MCLEODRUSS,20191114,7.35,7.35,6.85,6.95,175508
MCX,20191114,1179.95,1180.75,1139.95,1150.5,267002
MEGASOFT,20191114,6.85,6.9,6.5,6.65,17784
MEGH,20191114,57.8,57.8,54.9,55.2,446851
MENONBE,20191114,56.65,56.65,52.35,54.95,8876
MEP,20191114,34,36.4,33.6,34.2,280665
MERCATOR,20191114,1.3,1.3,1.25,1.25,338027
METALFORGE,20191114,9,9,9,9,8423
METROPOLIS,20191114,1414,1415.65,1385.75,1396,51396
MFSL,20191114,470,488,466.6,479.35,2253411
MGL,20191114,1009.7,1041.35,1008,1030.1,1735048
MHRIL,20191114,217.1,224.4,215.1,220.65,47555
MIC,20191114,0.75,0.8,0.7,0.8,42081
MIDHANI,20191114,175.25,178.7,168.5,170.65,675732
MINDACORP,20191114,92.95,93.7,90.65,91.8,332606
MINDAIND,20191114,328.9,343.7,327.45,336.65,214403
MINDTECK,20191114,34.8,34.8,30,30.6,7746
MINDTREE,20191114,680,693.25,675,689.55,300668
MIRCELECTR,20191114,8.2,8.2,7.7,7.75,100015
MIRZAINT,20191114,58,59.9,56.5,58.05,274616
MMFL,20191114,407.1,409.7,381.2,386.65,2584
MMTC,20191114,18.45,18.5,17.5,17.75,987111
MOHITIND,20191114,5.7,5.7,5.7,5.7,3170
MOHOTAIND,20191114,8.4,8.4,7.7,7.7,10688
MOIL,20191114,147,148.35,144,147.55,395255
MOLDTECH,20191114,48.15,51.95,47.6,50.35,16438
MOLDTKPAC,20191114,279.85,286,275,281.8,28855
MONTECARLO,20191114,240,252.05,239.95,241.95,18408
MORARJEE,20191114,14.65,14.65,13.15,13.85,2141
MOREPENLAB,20191114,16.2,17,15.9,16.2,544751
MOTHERSUMI,20191114,133.9,137.8,133.2,136.35,7757471
MOTILALOFS,20191114,672.35,714.2,672.35,699.5,448745
MOTOGENFIN,20191114,34,35.65,34,35.65,5
MPHASIS,20191114,891.35,899,887,893.35,78354
MPSLTD,20191114,511.45,515.85,510,510,7860
MRF,20191114,63068.8,63700,62785.3,63621.5,3395
MRO-TEK,20191114,28.95,28.95,27.05,28.3,1021
MRPL,20191114,48.1,48.65,47.45,48.3,194191
MSPL,20191114,6.2,6.7,6.1,6.1,1889
MSTCLTD,20191114,162.6,172,157.05,157.05,1784539
MTEDUCARE,20191114,18.5,18.6,18.45,18.45,8635
MTNL,20191114,11.7,11.7,10.6,10.6,2205282
MUKANDENGG,20191114,12.35,12.35,11,12.1,1652
MUKANDLTD,20191114,31.05,32.3,30.55,30.95,8099
MUKTAARTS,20191114,39,39.8,38.4,38.5,4835
MUNJALAU,20191114,43,45.9,40,45,406009
MUNJALSHOW,20191114,129.3,130.95,126.5,127.6,9008
MURUDCERA,20191114,17.6,17.6,16.05,16.15,55079
MUTHOOTCAP,20191114,453,472,442,458.3,58510
MUTHOOTFIN,20191114,679,717.5,665.25,711.5,6338305
MVL,20191114,0.1,0.1,0.05,0.1,392247
N100,20191114,591.6,615,583,585.51,2964
NACLIND,20191114,27,27,25.75,26.6,28152
NAGAFERT,20191114,4.5,4.5,4.1,4.2,284980
NAGAROIL,20191114,0.3,0.4,0.3,0.4,1871807
NAGREEKCAP,20191114,7.35,7.7,7,7.15,7264
NAGREEKEXP,20191114,14.6,15.45,14.5,14.55,552
NAHARCAP,20191114,80,82,77.05,78.7,1887
NAHARINDUS,20191114,25.75,26.95,23.95,24.8,8948
NAHARPOLY,20191114,37,38.4,34.6,36.45,13355
NAHARSPING,20191114,46.55,46.85,44.1,44.35,13282
NATCOPHARM,20191114,562.45,564,549.1,560.55,145869
NATHBIOGEN,20191114,341,344.95,339.55,340.5,2349
NATIONALUM,20191114,41.9,42.65,41.1,42.15,16975548
NATNLSTEEL,20191114,2.1,2.2,2,2.2,674
NAUKRI,20191114,2609.9,2680,2585,2610.5,413709
NAVINFLUOR,20191114,898.9,904.9,884.65,901.1,90373
NAVKARCORP,20191114,35.1,36.6,33.5,35.15,462576
NAVNETEDUL,20191114,100,101.2,97.5,97.85,53556
NBCC,20191114,39,39.1,37,37.3,16131172
NBIFIN,20191114,1485.7,1485.7,1400.1,1410.05,15
NBVENTURES,20191114,65.5,65.9,63.5,63.8,118057
NCC,20191114,56.4,56.75,54.15,54.7,14872587
NCLIND,20191114,81.5,85,81,83.55,255618
NDGL,20191114,535.05,569,535.05,569,138
NDL,20191114,31.5,32,30.55,31.35,24476
NDTV,20191114,30.25,30.3,29.55,29.9,17034
NECCLTD,20191114,5.45,5.45,5.15,5.3,44189
NECLIFE,20191114,15.25,15.4,14.85,14.9,221617
NELCAST,20191114,40.85,40.85,38.4,39.9,35761
NELCO,20191114,236.05,241,236,238.8,37675
NEOGEN,20191114,385.55,391.55,343.95,368.8,158450
NESCO,20191114,612,629.4,608,619.2,124542
NESTLEIND,20191114,14250,14300.95,14100,14231.35,60476
NETFCONSUM,20191114,53.59,53.62,53.07,53.13,2040
NETFDIVOPP,20191114,29.8,29.8,29.48,29.49,1140
NETFLTGILT,20191114,20.05,20.13,20.05,20.13,17734
NETFMID150,20191114,61.4,61.81,61.25,61.59,113829
NETFNIF100,20191114,123.71,123.71,123.03,123.03,29
NETFNV20,20191114,581.57,585.79,581.57,582.34,105
NETWORK18,20191114,22.95,23.05,22.5,22.6,147938
NEULANDLAB,20191114,504.4,517.75,504,508.7,24777
NEWGEN,20191114,186.1,193,184,185.95,331636
NEXTMEDIA,20191114,9.7,11.2,9.7,10.55,3560
NFL,20191114,26.25,26.45,26,26.1,244673
NH,20191114,305.8,309,280,305.1,1994553
NHPC,20191114,23.7,23.85,23.4,23.55,1764666
NIACL,20191114,158.25,158.25,158.25,158.25,146170
NIBL,20191114,7.6,7.95,7.6,7.95,3073
NIFTYBEES,20191114,1261.88,1261.88,1249.67,1255.46,152970
NIFTYEES,20191114,15400,15400,15400,15400,1
NIITLTD,20191114,103,103.75,100.6,102.55,282370
NIITTECH,20191114,1487,1509.8,1465.8,1504.7,296070
NILAINFRA,20191114,5.3,5.4,5.1,5.15,219500
NILASPACES,20191114,1.45,1.45,1.35,1.4,106330
NILKAMAL,20191114,1288.95,1359,1278,1316.5,66585
NIPPOBATRY,20191114,557.9,637.9,552.25,596.25,181645
NITCO,20191114,23.9,23.9,22.8,22.95,25455
NITINSPIN,20191114,49.75,49.75,46,48.2,56734
NKIND,20191114,22.8,22.8,22.8,22.8,11
NLCINDIA,20191114,54.6,55.35,53.9,54.4,251304
NMDC,20191114,101.3,102.85,97.8,98.55,4833533
NOCIL,20191114,104.6,106.25,102.1,105.05,696261
NOIDATOLL,20191114,4,4.15,3.95,4,37255
NORBTEAEXP,20191114,3.9,3.9,3.9,3.9,5
NPBET,20191114,171,171.22,171,171.2,104
NRAIL,20191114,223.3,228,216,218.25,5417
NRBBEARING,20191114,100,101,97.7,98,36200
NSIL,20191114,824.1,868.4,799.95,816.9,901
NTPC,20191114,118.5,119.15,117.55,118.55,5208393
NUCLEUS,20191114,299.05,302,298.05,299.65,5981
NXTDIGITAL,20191114,317.55,330,312.25,317.4,1056
OAL,20191114,190.4,193,181.4,188.1,3774
OBEROIRLTY,20191114,518.4,521,513.5,516.25,115747
OCCL,20191114,985.35,990,976.95,979.9,2281
OFSS,20191114,3123,3123,3020,3058.8,29286
OIL,20191114,160,162.25,157.55,159.8,655488
OILCOUNTUB,20191114,6.05,6.25,5.95,6.1,6817
OISL,20191114,4.25,4.35,4.05,4.2,9949
OLECTRA,20191114,187,187,181,181.95,11453
OMAXAUTO,20191114,46.2,48.45,42.65,46.9,20588
OMAXE,20191114,185.6,185.6,183.15,183.95,191776
OMKARCHEM,20191114,5.3,5.3,4.85,4.85,9942
OMMETALS,20191114,24.4,24.45,23,23.05,35564
ONELIFECAP,20191114,7.55,7.55,7.55,7.55,2700
ONEPOINT,20191114,13.1,13.1,11.25,11.45,2926
ONGC,20191114,138.2,139.25,135.65,136.2,8178628
ONMOBILE,20191114,35,35,33.75,34.45,36946
ONWARDTEC,20191114,68.7,69.5,68.45,69,20753
OPTIEMUS,20191114,43.85,43.85,43.85,43.85,16
OPTOCIRCUI,20191114,4.25,4.25,3.9,3.9,351057
ORBTEXP,20191114,80.2,86.9,80,84.95,5516
ORICONENT,20191114,18.65,18.65,16.8,17.8,99074
ORIENTABRA,20191114,20.2,20.2,17.9,18.25,11672
ORIENTALTL,20191114,13.05,13.1,13,13,3120
ORIENTBANK,20191114,51,51.7,50.05,51,481138
ORIENTBELL,20191114,117.5,119.55,116,117.7,12340
ORIENTCEM,20191114,76.1,76.2,73.15,73.95,107563
ORIENTELEC,20191114,190.85,194.7,188.6,189.85,107788
ORIENTHOT,20191114,34,34.75,32,33,47854
ORIENTLTD,20191114,111,111,90.1,93.4,538
ORIENTPPR,20191114,25,25.3,24.25,25.05,319586
ORIENTREF,20191114,212,214.5,210,214.1,10379
ORISSAMINE,20191114,1466.7,1466.7,1310,1321.95,41070
ORTINLABSS,20191114,10.45,10.6,9.45,10,11712
OSWALAGRO,20191114,5.5,5.7,5.4,5.55,3666
PAEL,20191114,3.05,3.05,3.05,3.05,175
PAGEIND,20191114,23703,24040,23439.9,23583.9,30720
PAISALO,20191114,435,437.2,416.1,433.45,9727
PALASHSECU,20191114,27.85,31.7,27.2,27.6,12552
PALREDTEC,20191114,19.6,20.45,19.55,19.55,1650
PANACEABIO,20191114,133.4,139,128,130.35,41284
PANAMAPET,20191114,66.9,68.05,65.8,66.35,56040
PAPERPROD,20191114,248.95,249.85,247.25,248.45,10648
PARABDRUGS,20191114,1.5,1.5,1.5,1.5,79
PARACABLES,20191114,8.75,9.1,8.75,8.85,53245
PARAGMILK,20191114,132.5,133.2,127.5,129.45,187517
PARSVNATH,20191114,2.3,2.35,2.25,2.3,74445
PATELENG,20191114,13.75,14.3,13.75,13.75,168975
PATINTLOG,20191114,21.55,22.7,21.15,21.4,16784
PATSPINLTD,20191114,5.85,5.85,5.6,5.6,1007
PCJEWELLER,20191114,34.8,34.8,33.4,33.75,4853004
PDMJEPAPER,20191114,14.85,15.5,14.8,14.85,53216
PDSMFL,20191114,322,333.3,317,317.35,3097
PEARLPOLY,20191114,10.9,11.4,10.9,11.4,13672
PEL,20191114,1802,1808.95,1745.65,1758.1,1264496
PENIND,20191114,28.6,28.9,27.55,27.8,101891
PENINLAND,20191114,4.15,4.25,4,4,173034
PERSISTENT,20191114,622,674,620,665.35,440577
PETRONENGG,20191114,5.95,6.55,5.95,6.55,121
PETRONET,20191114,279.25,282.85,274.9,276.3,3050324
PFC,20191114,110.55,112.75,108.1,111.9,6251547
PFIZER,20191114,4017,4041.95,3999,4001.2,17583
PFOCUS,20191114,86,88.1,81.2,83.9,1173248
PFS,20191114,12.65,12.85,12.5,12.55,559899
PGEL,20191114,41.65,42,39.5,41.25,42199
PGHH,20191114,10981,11249.9,10800,10988.4,2769
PGHL,20191114,4306,4395,4228.15,4292.95,16410
PGIL,20191114,182.4,191.65,180,183.7,7933
PHILIPCARB,20191114,124.95,125.4,121.6,123.05,589943
PHOENIXLTD,20191114,721.7,721.7,708.05,711.8,11114
PIDILITIND,20191114,1318,1349.9,1307.75,1344.4,1435858
PIIND,20191114,1419,1447.15,1405,1426.7,194745
PILANIINVS,20191114,1800,1800,1770,1779.85,2937
PILITA,20191114,6,6,5.55,5.65,43699
PIONDIST,20191114,140.9,145.5,139,140.9,3391
PIONEEREMB,20191114,25.9,25.9,24.45,25.15,3183
PIRPHYTO,20191114,24.5,25.7,23.65,23.65,2303
PITTIENG,20191114,42.45,42.9,41.05,41.85,21937
PKTEA,20191114,125.35,131.9,125.35,131.15,105
PLASTIBLEN,20191114,172.3,174.8,172.3,174.65,1060
PNB,20191114,60.4,60.95,58.85,60.3,18317596
PNBGILTS,20191114,28.1,28.35,27.65,27.85,68506
PNBHOUSING,20191114,556.85,560.45,537,541.5,257586
PNC,20191114,14.95,14.95,14,14.25,1205
PNCINFRA,20191114,179.9,188.2,174,182.95,634033
PODDARHOUS,20191114,351.55,352,351.55,351.95,86
PODDARMENT,20191114,175,178,170.45,173,1861
POKARNA,20191114,179.8,179.8,168.05,170.6,49971
POLYCAB,20191114,891.9,902,876,896,145075
POLYMED,20191114,213.05,227,206.2,219.9,55392
POLYPLEX,20191114,502.95,502.95,491,493.35,51106
PONNIERODE,20191114,163.9,163.9,151.1,155.05,21052
POWERGRID,20191114,190,190.15,186.9,188,10901461
POWERMECH,20191114,687,710,672.2,676.15,8495
PPAP,20191114,175.55,180,172.35,175.2,3191
PPL,20191114,77,79,77,78.65,30454
PRABHAT,20191114,87.8,88.8,87.5,88.25,65298
PRAENG,20191114,7.55,7.55,6.9,7.1,11815
PRAJIND,20191114,109.45,110.7,108,108.2,490679
PRAKASH,20191114,49.85,49.85,48.05,48.95,269294
PRAKASHSTL,20191114,0.25,0.25,0.2,0.2,5221
PRAXIS,20191114,61.5,67.25,61.5,63.8,3136
PRECAM,20191114,32.95,33.5,31.8,32.75,95202
PRECOT,20191114,29,29,26.2,26.25,871
PRECWIRE,20191114,163,163.9,156.15,157.4,4426
PREMEXPLN,20191114,162.45,163.5,160,160.15,2251
PREMIER,20191114,2.15,2.2,2,2.2,15016
PREMIERPOL,20191114,17.05,19.65,17.05,19.65,298
PRESSMN,20191114,20.45,20.85,20.3,20.4,9890
PRESTIGE,20191114,300.95,301,295.5,300.4,66049
PRICOLLTD,20191114,33.85,34.85,32.75,34.5,61982
PRIMESECU,20191114,45.3,48.25,44,47.75,24400
PROSEED,20191114,0.3,0.3,0.25,0.25,42173
PROVOGE,20191114,0.65,0.65,0.65,0.65,25485
PROZONINTU,20191114,20,20.5,19.8,19.85,25338
PRSMJOHNSN,20191114,68.5,72.3,68.5,71.55,242128
PSB,20191114,18.6,19.45,17.85,18.1,57123
PSL,20191114,0.7,0.7,0.65,0.65,1525
PSPPROJECT,20191114,518,537,518,529.1,66781
PSUBNKBEES,20191114,261.78,264.87,256.29,261.6,3285
PTC,20191114,56.75,56.95,55.25,55.5,461493
PTL,20191114,37.45,37.45,35.7,35.95,10004
PUNJABCHEM,20191114,514.95,522,510.05,513.9,512
PURVA,20191114,59.25,61.3,59.25,60.05,37632
PVR,20191114,1731.55,1752.7,1717.7,1750.05,217172
QGOLDHALF,20191114,1686,1687,1684,1685,399
QUESS,20191114,547.5,590,528.35,567.55,350188
QUICKHEAL,20191114,133.25,136.5,131.45,132.8,136654
RADAAN,20191114,1.25,1.25,1.25,1.25,3200
RADICO,20191114,321.2,324,313,314.35,193493
RADIOCITY,20191114,29.25,30.35,28.7,29.15,74834
RAIN,20191114,99.1,108.4,99.1,105.6,3202315
RAJESHEXPO,20191114,684.2,687.45,669.5,682.1,128196
RAJSREESUG,20191114,17.65,17.65,16.55,16.9,3652
RAJTV,20191114,44.4,45,40.4,43.55,4241
RALLIS,20191114,172,172,169.05,170.5,83279
RAMANEWS,20191114,14.95,15.65,14.8,15,14781
RAMASTEEL,20191114,45.25,46,45.25,45.5,2466
RAMCOCEM,20191114,793.45,795,770.8,781.9,136136
RAMCOIND,20191114,193.5,195.85,190.5,193.7,52787
RAMCOSYS,20191114,150.45,150.45,142.5,146.35,34167
RAMKY,20191114,46.5,46.5,44.2,44.65,15001
RANASUG,20191114,2.9,2.95,2.75,2.8,166933
RANEENGINE,20191114,207.8,207.8,198,202.85,2076
RANEHOLDIN,20191114,806.5,818.65,761,771.2,9272
RATNAMANI,20191114,954.2,960,946.9,956.55,3717
RAYMOND,20191114,782,789.7,736.1,743.15,986419
RBL,20191114,492,498.95,486.5,490.25,7676
RBLBANK,20191114,335,336,314.25,318,16624413
RCF,20191114,49.9,49.9,48.35,49,974569
RCOM,20191114,0.6,0.65,0.6,0.6,26844285
RECLTD,20191114,138,138,133.5,135.1,5946131
REDINGTON,20191114,115.2,116.85,113.05,114.85,120073
REFEX,20191114,56.55,56.55,56.55,56.55,40617
REGENCERAM,20191114,1.65,1.65,1.65,1.65,18
RELAXO,20191114,546,558,540,547.8,208551
RELCAPITAL,20191114,22.15,22.15,22.15,22.15,126486
RELIANCE,20191114,1476,1481.6,1455.8,1462.75,6518339
RELIGARE,20191114,55,55,52.35,52.9,355142
RELINFRA,20191114,40.15,40.15,40.15,40.15,456316
REMSONSIND,20191114,81.1,83,81.05,81.95,7612
RENUKA,20191114,10.35,10.7,9.4,9.55,2111753
REPCOHOME,20191114,295.9,298.8,288,288.8,73293
REPRO,20191114,636.35,649.95,612.2,620.9,1394
RESPONIND,20191114,92,93,88.7,92.4,130892
REVATHI,20191114,384.4,385,362.5,373.2,185
RGL,20191114,247.05,254.05,245.4,247.45,501
RHFL,20191114,5.4,5.4,5.4,5.4,44366
RICOAUTO,20191114,44.5,44.95,43.2,44.5,331011
RIIL,20191114,312,313.2,300.1,301.65,247277
RITES,20191114,300,303.75,290.3,291.75,1336140
RKDL,20191114,6,6.45,6,6.35,4489
RKFORGE,20191114,284.7,292,280,285.35,43471
RMCL,20191114,3.55,3.7,3.5,3.6,660796
RML,20191114,241.75,245.4,225.25,235.35,8706
RNAM,20191114,368,378,353.1,358.25,6791834
RNAVAL,20191114,5.05,5.05,5.05,5.05,623647
ROHITFERRO,20191114,0.8,0.85,0.8,0.85,6327
ROHLTD,20191114,74.2,75.7,70.6,72.5,31695
ROLLT,20191114,2,2.1,1.9,1.9,7531
ROLTA,20191114,4.9,4.9,4.9,4.9,85144
ROSSELLIND,20191114,73.9,73.9,65,67.2,76698
RPGLIFE,20191114,279,280.05,266,270.75,36781
RPOWER,20191114,4.2,4.2,4.2,4.2,915996
RPPINFRA,20191114,90.55,90.55,85.35,85.45,33392
RSSOFTWARE,20191114,19.75,21.1,19.65,19.65,5353
RSWM,20191114,99.35,100.95,98,98.7,8574
RSYSTEMS,20191114,47.25,48.95,47,47.75,7273
RTNINFRA,20191114,1.75,1.75,1.65,1.65,497359
RTNPOWER,20191114,1.8,1.8,1.75,1.8,857842
RUBYMILLS,20191114,201,205.85,197,199.95,3119
RUCHINFRA,20191114,2.25,2.25,2.05,2.15,12950
RUCHIRA,20191114,82.7,84.4,75.9,76.95,227713
RUPA,20191114,177.8,197.45,177.8,189.15,362990
RUSHIL,20191114,125.55,125.55,125.55,125.55,4477
RVNL,20191114,25.55,25.65,23.95,24.05,15324886
SABEVENTS,20191114,0.7,0.7,0.7,0.7,100
SABTN,20191114,1.55,1.65,1.55,1.65,27104
SADBHAV,20191114,117.15,125.5,114.7,122.5,84077
SADBHIN,20191114,39.6,40.25,39,40,4744
SAFARI,20191114,550,571,550,567.5,4627
SAGARDEEP,20191114,72,72.35,68.6,72.25,10221
SAGCEM,20191114,563.95,566.9,555,564.35,973
SAIL,20191114,37.9,38.25,36.85,37.3,31308358
SAKAR,20191114,54,54,50.9,51,12146
SAKHTISUG,20191114,10.2,10.2,9.1,9.2,65166
SAKSOFT,20191114,238,240,231.7,232.8,6021
SAKUMA,20191114,7.1,7.15,6.85,6.9,82083
SALASAR,20191114,120.95,124,115.9,116,14636
SALONA,20191114,65,68.95,65,68.5,6
SALSTEEL,20191114,2.7,2.75,2.7,2.75,30737
SALZERELEC,20191114,120.95,122.9,120,121,2949
SAMBHAAV,20191114,3.95,3.95,3.5,3.8,28640
SANCO,20191114,15.1,16.2,15.1,16.05,277704
SANDESH,20191114,603.2,617,593.65,602.95,2104
SANDHAR,20191114,235.35,241.9,235.35,239.9,3441
SANGAMIND,20191114,49,51.5,47.35,50.65,4113
SANGHIIND,20191114,40.95,40.95,36.8,38,161398
SANGHVIMOV,20191114,77.8,82,74.25,79.85,68486
SANGINITA,20191114,150,150.25,147,148.85,124391
SANOFI,20191114,6580.25,6660,6474.25,6575.3,5774
SANWARIA,20191114,2.55,2.55,2.55,2.55,566070
SARDAEN,20191114,181.8,181.8,176,176.95,15589
SAREGAMA,20191114,400.35,418.9,397.65,413.55,27046
SARLAPOLY,20191114,23.5,23.5,22,22.5,22127
SASKEN,20191114,629,635,628.35,631.75,26841
SASTASUNDR,20191114,85,88.9,83.05,84.6,2082
SATHAISPAT,20191114,2.85,3,2.85,3,21602
SATIA,20191114,83.55,89.9,81.05,86.1,133149
SATIN,20191114,233.8,233.8,222.4,226.1,44851
SBIETFQLTY,20191114,101,101,99.75,100.42,305
SBILIFE,20191114,999,1013,984.9,999.9,3441700
SBIN,20191114,306.95,309.5,299.7,306,43617772
SCAPDVR,20191114,0.4,0.45,0.4,0.4,3493
SCHAEFFLER,20191114,4283.7,4348.1,4166.6,4258.65,4709
SCHAND,20191114,75.3,75.9,73,74.9,18378
SCHNEIDER,20191114,69.15,69.55,67.2,67.55,47845
SCI,20191114,59.05,59.45,57.05,58.45,2367312
SDBL,20191114,112.1,115.9,109.1,112.6,29676
SEAMECLTD,20191114,463.9,477.9,460,473.05,22518
SELAN,20191114,155.65,158.9,147,148.2,50906
SELMCL,20191114,0.75,0.75,0.65,0.7,112897
SEPOWER,20191114,2.75,3.05,2.7,2.8,6280
SEQUENT,20191114,68.7,68.8,66.7,67.9,265384
SESHAPAPER,20191114,176,179,176,177.5,70252
SETCO,20191114,14.9,15,14.65,14.85,45037
SETFGOLD,20191114,3451,3469.95,3450,3457.4,2440
SETFNIF50,20191114,124.2,124.5,121.36,122.13,972835
SETFNIFBK,20191114,308.4,310.9,306.5,310.29,12424
SETFNN50,20191114,294,294,287.79,288.69,476345
SETUINFRA,20191114,1.4,1.45,1.4,1.4,24869
SEYAIND,20191114,150.95,164,150.95,150.95,32153
SFL,20191114,1268.95,1314,1254,1275,118647
SGL,20191114,7.25,7.6,6.95,7.05,32387
SHAHALLOYS,20191114,9,9.05,8.65,8.65,516
SHAKTIPUMP,20191114,241,258.9,217.5,224.65,208033
SHALBY,20191114,104.05,108.65,102.15,103.85,46344
SHALPAINTS,20191114,91,91.75,88.1,88.85,54755
SHANKARA,20191114,343.5,346.35,325.75,326.05,34058
SHANTIGEAR,20191114,105,105,100,100.1,12127
SHARDACROP,20191114,261,268,258.55,260.65,33598
SHARDAMOTR,20191114,1066.05,1085,1062,1082.25,2206
SHARIABEES,20191114,256,256.5,256,256.5,80
SHEMAROO,20191114,167.45,167.7,160.6,161.25,8156
SHILPAMED,20191114,320.45,320.45,302.75,303.4,12820
SHIRPUR-G,20191114,7,7,6.4,6.55,44329
SHIVAMAUTO,20191114,29.8,29.8,26.6,26.75,314397
SHIVAMILLS,20191114,32.7,33,31.2,31.85,2227
SHIVATEX,20191114,108,109.3,103,103.55,3445
SHK,20191114,121.75,124,118.1,119.85,14292
SHOPERSTOP,20191114,362,364.95,360,360.6,364236
SHREDIGCEM,20191114,21.3,22.2,20.6,21.9,471134
SHREECEM,20191114,19750.05,19977.2,19550.05,19670.5,18505
SHREEPUSHK,20191114,100,103.5,95.1,98,15341
SHREERAMA,20191114,4.25,4.25,4.15,4.2,23500
SHRENIK,20191114,51.9,52,49,50.8,20348
SHREYANIND,20191114,115.05,116.7,105.7,107.85,78425
SHREYAS,20191114,76.4,76.4,72.95,72.95,9469
SHRIPISTON,20191114,739,744.75,701.15,712.7,34
SHRIRAMCIT,20191114,1338.75,1338.85,1328,1331.65,4130
SHRIRAMEPC,20191114,6.65,6.8,6.5,6.7,64438
SHYAMCENT,20191114,3,3,2.8,2.8,7971
SHYAMTEL,20191114,6,6,6,6,3000
SICAGEN,20191114,18.55,18.55,17.2,17.25,3107
SICAL,20191114,19.85,19.85,19.85,19.85,18007
SIEMENS,20191114,1635,1650.15,1608.25,1612.5,582704
SIGIND,20191114,19.45,20.35,18.15,19.3,79966
SIL,20191114,10.7,11.7,10.7,10.8,656
SILINV,20191114,149,150,144.45,145.85,3043
SIMBHALS,20191114,6.65,6.7,6.6,6.65,13728
SIMPLEXINF,20191114,54,54.95,51.75,52.25,76738
SINTEX,20191114,0.8,0.8,0.7,0.8,42288489
SIRCA,20191114,195.5,227.2,195.05,227.2,193811
SIS,20191114,923.45,925,901,908.2,5430
SITINET,20191114,1.9,1.9,1.85,1.85,64741
SIYSIL,20191114,250,256.15,235,238.55,16257
SJVN,20191114,24.7,24.8,24.5,24.55,1246942
SKFINDIA,20191114,2150.15,2150.15,2114.15,2130.7,3607
SKIL,20191114,5.3,5.75,5.25,5.25,16403
SKIPPER,20191114,54.7,60,49,52.85,133547
SKMEGGPROD,20191114,41.4,41.9,39,39.45,35136
SMARTLINK,20191114,79.25,81.5,77,77.55,20820
SMLISUZU,20191114,537,537,525,526.85,7124
SMSLIFE,20191114,305,305,283.05,287.7,2650
SMSPHARMA,20191114,40.25,40.45,39.7,39.9,22092
SNOWMAN,20191114,36.6,37.9,35.25,37.1,288819
SOBHA,20191114,403.7,405.7,392.55,395.55,153128
SOLARA,20191114,431,438,425.1,431.7,17163
SOLARINDS,20191114,1028.35,1028.35,1009.1,1010.1,16882
SOMANYCERA,20191114,183,184.8,177.4,178.75,54193
SOMATEX,20191114,3.1,3.25,2.95,2.95,173
SOMICONVEY,20191114,13.05,14.45,11.4,12.1,457
SONATSOFTW,20191114,307.9,311,305.05,306.1,76146
SORILINFRA,20191114,115.65,115.65,115.65,115.65,9701
SOTL,20191114,909,914,904,909.1,540
SOUTHBANK,20191114,10.8,10.8,10.55,10.65,3758201
SOUTHWEST,20191114,17,17.9,17,17,41842
SPAL,20191114,235,235,221.55,226.35,12955
SPANDANA,20191114,1339.6,1343,1271.7,1296.2,91199
SPARC,20191114,152,154.6,146.55,148.2,777215
SPCENET,20191114,0.85,0.85,0.8,0.8,50372
SPECIALITY,20191114,69.75,69.75,66.95,67.25,70032
SPENCERS,20191114,72.05,72.95,69,69.95,332486
SPENTEX,20191114,0.35,0.35,0.3,0.3,29660
SPIC,20191114,19.45,19.65,19.3,19.6,13951
SPICEJET,20191114,105.5,110.7,105.5,107,2664655
SPLIL,20191114,34.5,37.55,33.95,37.55,328368
SPMLINFRA,20191114,11.2,11.2,11.2,11.2,4529
SPTL,20191114,1.4,1.4,1.3,1.3,22121105
SPYL,20191114,0.25,0.3,0.25,0.3,46002
SREEL,20191114,172.95,175,167.05,171.5,13837
SREINFRA,20191114,9.7,9.8,9.1,9.15,769428
SRF,20191114,3150,3190,3130,3159.7,316254
SRHHYPOLTD,20191114,105.4,107.85,105,106.35,3609
SRIPIPES,20191114,172.65,174,169.5,171.35,41933
SRTRANSFIN,20191114,1137.55,1141.65,1111.75,1137.25,874225
SSWL,20191114,766.9,772.75,763.55,770.55,5936
STAMPEDE,20191114,0.65,0.7,0.65,0.65,46261
STAR,20191114,392.5,394.1,381.55,386.15,190387
STARCEMENT,20191114,93.05,104.25,91.85,97,147498
STARPAPER,20191114,104.75,105,102.3,102.7,26766
STCINDIA,20191114,53.6,55.5,53.35,53.45,16965
STEELCITY,20191114,32.3,32.3,30.1,30.65,2255
STEELXIND,20191114,11.95,14,11.6,14,223210
STEL,20191114,78,78.05,74.05,74.15,4167
STERTOOLS,20191114,186.8,186.8,177.45,180.15,3390
STRTECH,20191114,130.3,130.7,122.75,123.95,1724943
SUBCAPCITY,20191114,6.2,6.2,6.2,6.2,5
SUBEX,20191114,5.2,5.35,5.2,5.25,230985
SUBROS,20191114,237.1,247.8,237.05,245.25,27083
SUDARSCHEM,20191114,398.35,400,386.85,388.6,97447
SUJANAUNI,20191114,0.2,0.2,0.1,0.2,285717
SUMEETINDS,20191114,2.7,2.7,2.5,2.5,58515
SUMIT,20191114,20.85,20.85,19.25,20.15,2712
SUMMITSEC,20191114,446.05,471.75,446.05,468.35,21112
SUNCLAYLTD,20191114,2280,2280,2226.05,2230.85,394
SUNDARAM,20191114,1.35,1.45,1.3,1.4,354207
SUNDARMFIN,20191114,1607.6,1640,1602.05,1625.85,19743
SUNDARMHLD,20191114,66.7,68,66.7,66.95,14500
SUNDRMBRAK,20191114,234.3,239.7,228.1,232.8,3462
SUNDRMFAST,20191114,458.3,466,456,459.4,27882
SUNFLAG,20191114,28.5,29.1,27.55,27.95,175874
SUNPHARMA,20191114,413.2,417.35,407.55,410.2,4750176
SUNTECK,20191114,410.85,414,401.45,407.2,99656
SUNTV,20191114,471.15,496,471,490.8,5421401
SUPERHOUSE,20191114,92.9,92.9,87.45,91.2,6090
SUPERSPIN,20191114,5.25,5.25,4.7,5,63433
SUPPETRO,20191114,170,173.4,170,171.2,10049
SUPRAJIT,20191114,172.3,173.75,166.55,167.5,28329
SUPREMEIND,20191114,1134.35,1139.1,1120,1133.7,10102
SUPREMEINF,20191114,10.55,11.45,10.45,10.45,1242
SURANASOL,20191114,5.55,5.95,5.55,5.65,14270
SURANAT&P,20191114,3.5,3.7,3.4,3.4,6177
SURYALAXMI,20191114,18,18.45,17.65,17.8,2649
SURYAROSNI,20191114,170.45,172,166.2,167,48325
SUTLEJTEX,20191114,31.05,32.95,31,31.8,22056
SUVEN,20191114,295.3,332.8,295.25,320.3,5437786
SUZLON,20191114,2.7,2.75,2.5,2.55,10976741
SWANENERGY,20191114,103.7,103.75,101.9,102.85,65442
SWARAJENG,20191114,1101,1139.65,1087,1129.1,2295
SWELECTES,20191114,130.25,134.95,117.05,118.35,75383
SWSOLAR,20191114,524.6,524.6,492.15,500.85,123497
SYMPHONY,20191114,1236.55,1239.8,1207.75,1215.5,27624
SYNCOM,20191114,0.9,0.95,0.9,0.95,9885
SYNDIBANK,20191114,26.8,26.8,25.55,25.8,708715
SYNGENE,20191114,329,330.95,318.2,322.45,111175
TAINWALCHM,20191114,49.95,52.5,49,49.2,1688
TAJGVK,20191114,166.15,168,164.15,165.9,12794
TAKE,20191114,108.5,109,105.1,105.95,53410
TALBROAUTO,20191114,117,117.25,111.1,114.75,9004
TALWALKARS,20191114,5.65,5.65,5.15,5.15,170326
TALWGYM,20191114,5.3,5.45,4.95,4.95,95676
TANLA,20191114,50.7,50.7,50.7,50.7,56011
TANTIACONS,20191114,1.1,1.1,1.1,1.1,352
TARAPUR,20191114,4,4,3.95,3.95,59
TARMAT,20191114,29.05,29.8,28.25,28.95,3306
TASTYBITE,20191114,9240,9400,9112.35,9236.4,346
TATACHEM,20191114,628.3,636,624.6,631.4,326012
TATACOFFEE,20191114,81.8,82.4,81.1,81.45,139900
TATACOMM,20191114,353,357.95,350.05,353.95,43631
TATAELXSI,20191114,796,797.15,783.9,791.7,406715
TATAGLOBAL,20191114,287,296.85,285.25,295.5,4984429
TATAINVEST,20191114,825,833.8,820.5,824.2,14570
TATAMETALI,20191114,581,581.3,568.8,572.75,18736
TATAMOTORS,20191114,170.2,170.3,165.5,167.05,25433481
TATAMTRDVR,20191114,78.3,78.3,75.75,76.65,3497833
TATAPOWER,20191114,55.3,55.95,54.35,54.65,6076033
TATASTEEL,20191114,396.1,398.7,389.4,391.95,10869425
TATASTLBSL,20191114,25.15,25.2,24.5,24.75,591246
TATASTLLP,20191114,391.05,394.95,386,386.75,24795
TBZ,20191114,38.35,39.05,37.1,37.7,40629
TCI,20191114,273.25,276.95,271.3,272.1,19036
TCIDEVELOP,20191114,355.95,356.05,355.95,356,55
TCIEXP,20191114,746,762,742,756.9,7766
TCIFINANCE,20191114,9.15,9.15,8.4,8.6,5788
TCNSBRANDS,20191114,698.4,700.15,680,688.7,2404
TCPLPACK,20191114,278.65,284.35,278.2,278.2,1234
TCS,20191114,2187.5,2200,2146.7,2196.8,2995915
TDPOWERSYS,20191114,147.9,160.1,147.65,151.2,22397
TEAMLEASE,20191114,2507.65,2507.65,2400,2418.75,76636
TECHIN,20191114,3,3.15,2.85,3.15,11979
TECHM,20191114,756,763.5,748.3,758.35,2564424
TECHNOE,20191114,275,284.95,265.5,270.15,24037
TECHNOFAB,20191114,21.65,21.65,20.6,20.6,4433
TEJASNET,20191114,75,75,68.7,70,97744
TERASOFT,20191114,30.9,31.1,28.5,29.6,103593
TEXINFRA,20191114,45.05,46.25,44,44.5,40824
TEXMOPIPES,20191114,15.75,15.75,14.8,15,52520
TEXRAIL,20191114,45.9,45.9,43.2,43.6,212909
TFCILTD,20191114,80.2,83.7,80.2,82.5,164244
TFL,20191114,4.2,4.2,3.8,4.15,301
TGBHOTELS,20191114,3.5,3.5,3.3,3.45,8757
THANGAMAYL,20191114,352.9,357,345,349.95,10379
THEINVEST,20191114,122,127.9,122,124.15,1039
THEMISMED,20191114,281,295,280,295,704
THERMAX,20191114,1070.55,1086,1063.8,1069.4,146118
THOMASCOOK,20191114,136.1,138.95,134.85,137.15,246825
THOMASCOTT,20191114,4.95,4.95,4.95,4.95,1117
THYROCARE,20191114,568.15,580,565,572.55,30985
TI,20191114,13.7,13.8,13.4,13.45,11737
TIDEWATER,20191114,5071.25,5107,5000,5007.5,1581
TIIL,20191114,306.95,345,305.05,340.65,21532
TIINDIA,20191114,445,448.9,439,445.1,133924
TIJARIA,20191114,8.65,9.75,8.65,9.2,38253
TIL,20191114,185.2,190.05,180.05,182.45,9860
TIMESGTY,20191114,35.9,35.9,28.35,29.95,2530
TIMETECHNO,20191114,60.05,62.85,60.05,62.15,171580
TIMKEN,20191114,861.5,890,861.5,888.8,13959
TINPLATE,20191114,136,143.65,135.4,139.7,1438330
TIPSINDLTD,20191114,71.5,74.8,71.1,74.05,2809
TIRUMALCHM,20191114,65,65.05,63.05,63.4,161771
TITAN,20191114,1164,1176.3,1162,1169.1,2571355
TMRVL,20191114,18.3,18.3,18.3,18.3,8180
TNPETRO,20191114,36.65,38.45,36.15,37.1,249229
TNPL,20191114,186.55,187.8,183.6,184.75,42775
TNTELE,20191114,1.15,1.15,1.15,1.15,5
TOKYOPLAST,20191114,71.55,74.85,70.55,73.4,3885
TORNTPHARM,20191114,1756,1787.45,1756,1771.55,70054
TORNTPOWER,20191114,294,297,291.45,294.2,470438
TPLPLASTEH,20191114,134.9,134.9,122.6,123.5,2032
TREEHOUSE,20191114,6,6,5.55,5.65,13039
TREJHARA,20191114,15.5,16.3,15.05,15.75,55
TRENT,20191114,503.4,509.55,495.75,498.6,93999
TRF,20191114,109.3,110.5,104,105.5,43762
TRIDENT,20191114,63.5,63.7,62.05,62.55,369953
TRIGYN,20191114,55.85,56.5,51.2,51.85,56047
TRIL,20191114,7.7,8.4,7.4,7.9,179901
TRITURBINE,20191114,102,102,98.5,98.75,20630
TRIVENI,20191114,65.95,65.95,63.4,63.8,324376
TTKHLTCARE,20191114,480.45,488.9,471,486,677
TTKPRESTIG,20191114,5950.05,6020,5940,5970.25,2606
TTL,20191114,42.1,45.25,41.6,43.9,10821
TTML,20191114,2.9,3,2.75,2.8,682864
TV18BRDCST,20191114,22.65,22.95,22.25,22.7,2060973
TVSELECT,20191114,110.55,114,108.3,108.3,34353
TVSMOTOR,20191114,461.5,461.95,445,448.3,1799094
TVSSRICHAK,20191114,1777,1824.7,1732,1737.95,1950
TVTODAY,20191114,305,305.05,291.6,295.3,16023
TWL,20191114,48.7,48.95,45.75,46,1068267
UBL,20191114,1248,1253.35,1230,1250.25,302857
UCALFUEL,20191114,143.95,146.75,142.95,144.5,66271
UCOBANK,20191114,13.4,13.55,13.15,13.2,322787
UFLEX,20191114,199,207.4,199,200.95,60173
UFO,20191114,133.95,133.95,126.3,128.45,28654
UGARSUGAR,20191114,13.2,13.25,12.6,13.05,63467
UJAAS,20191114,3.25,3.25,3.05,3.15,67803
UJJIVAN,20191114,269.55,276.5,263.7,274.7,2237053
ULTRACEMCO,20191114,4130,4132,3993.1,4003.4,573058
UMANGDAIRY,20191114,38.9,40.9,38.7,40.5,19602
UMESLTD,20191114,0.95,0.95,0.95,0.95,463
UNICHEMLAB,20191114,153,154.55,141.5,142.6,116745
UNIENTER,20191114,64.55,70,64.25,64.4,8533
UNIONBANK,20191114,53,54.05,50.85,52.3,13374384
UNIPLY,20191114,33.45,33.5,30.4,30.4,1207628
UNITECH,20191114,0.8,0.8,0.8,0.8,4773765
UNITEDBNK,20191114,8.65,8.7,8.5,8.6,253657
UNITEDTEA,20191114,260.5,265,255,255.35,120
UNIVCABLES,20191114,164,172,163.25,167.1,25592
UPL,20191114,541.55,544.2,531.1,535.55,2412598
URJA,20191114,1.65,1.7,1.65,1.65,770678
USHAMART,20191114,30.45,32.5,29.25,31.45,753326
UTINEXT50,20191114,291,295.5,287.05,292.09,34132
UTINIFTETF,20191114,1252.5,1269,1249.1,1269,3822
UTISENSETF,20191114,424.27,426.4,422.15,426.34,521
UTTAMSTL,20191114,8.75,8.75,8.45,8.7,66782
UTTAMSUGAR,20191114,100,100.05,97.05,98.6,88917
UVSL,20191114,0.05,0.1,0.05,0.05,2041561
V2RETAIL,20191114,118.3,121.05,115,120.8,34312
VADILALIND,20191114,762.55,817.7,752.55,795.65,365636
VAIBHAVGBL,20191114,818.05,829,816,827.3,4345
VAKRANGEE,20191114,39.8,40.1,39.1,39.35,4438318
VARDHACRLC,20191114,35.7,35.7,33.7,34.05,13845
VARDMNPOLY,20191114,1.95,1.95,1.95,1.95,1010
VARROC,20191114,450,459,446,448.45,22256
VASCONEQ,20191114,12.8,13.05,12.65,12.75,127438
VASWANI,20191114,5.05,5.1,4.45,4.9,7333
VBL,20191114,715,741.95,691.65,725.7,448672
VEDL,20191114,150,150.5,142.75,144,26065437
VENKEYS,20191114,1685,1740,1655,1704.1,132007
VENUSREM,20191114,25.9,26.1,25,25.25,5145
VESUVIUS,20191114,999.85,1005.85,981.55,988,2038
VETO,20191114,49.85,49.85,46.7,47.45,6726
VGUARD,20191114,233,235.2,233,233.95,157939
VHL,20191114,1469.95,1477.55,1438,1454.6,306
VICEROY,20191114,1.55,1.65,1.55,1.55,12822
VIDHIING,20191114,64.35,65.1,63.5,63.8,16180
VIJIFIN,20191114,0.45,0.5,0.4,0.4,102566
VIKASECO,20191114,3.6,3.7,3.55,3.55,204976
VIKASMCORP,20191114,4.05,4.1,3.8,3.9,217029
VIKASPROP,20191114,4.35,4.35,4.35,4.35,852855
VIKASWSP,20191114,9.7,9.7,9.7,9.7,385319
VIMALOIL,20191114,5.35,5.35,5.35,5.35,6
VIMTALABS,20191114,100.8,101.65,96.5,97.75,32314
VINATIORGA,20191114,1950.5,2000,1942.05,1946.1,34649
VINDHYATEL,20191114,829.9,845,808.2,812.7,8392
VINYLINDIA,20191114,63.15,64,62.25,63.05,7716
VIPCLOTHNG,20191114,8.45,8.45,8.45,8.45,86220
VIPIND,20191114,441.65,442.2,433.15,435.75,114363
VIPULLTD,20191114,26,26.25,22.5,23.15,88099
VISAKAIND,20191114,260,261,248.2,249.55,31688
VISASTEEL,20191114,5.75,5.75,5.4,5.4,12883
VISESHINFO,20191114,0.1,0.1,0.05,0.05,3065975
VISHAL,20191114,313,313,311,311,15
VISHNU,20191114,134.95,134.95,121.65,127.65,2486
VISHWARAJ,20191114,67.7,70,64,66.4,208449
VIVIDHA,20191114,0.2,0.2,0.2,0.2,123226
VIVIMEDLAB,20191114,13.25,14.45,13.25,14,73940
VLSFINANCE,20191114,54.45,56.6,52.55,55.3,72650
VMART,20191114,1708.95,1739.25,1665.15,1716.95,18976
VOLTAMP,20191114,1092.85,1121,1080,1110.35,6011
VOLTAS,20191114,704.75,715,701.1,713.6,1722703
VRLLOG,20191114,266.8,266.8,260.1,261.75,27107
VSSL,20191114,65.95,68.25,65.2,67.75,1869
VSTIND,20191114,4400,4622.1,4370.1,4560.45,23236
VSTTILLERS,20191114,1233.2,1233.25,1173,1182.95,2897
VTL,20191114,894.35,914.95,878.95,908.45,14548
WABAG,20191114,180.95,180.95,169.1,169.8,128259
WABCOINDIA,20191114,6183.15,6222.95,6135.85,6207.75,1431
WALCHANNAG,20191114,65.6,65.6,63.35,64.05,181373
WANBURY,20191114,13.85,13.85,13.85,13.85,5315
WATERBASE,20191114,137,151.85,137,146.45,466550
WEBELSOLAR,20191114,21.45,23.65,21.45,23.65,67001
WEIZFOREX,20191114,273.25,277.6,265,270,1135
WEIZMANIND,20191114,21,21.75,20.5,21.05,1030
WELCORP,20191114,139.65,139.9,137.4,138.05,295962
WELENT,20191114,83.5,83.5,79,79.35,126816
WELINV,20191114,164.15,179,164.15,165.1,423
WELSPUNIND,20191114,53.1,54.4,52.25,53.85,307306
WENDT,20191114,2948.7,2950,2771,2832.45,590
WESTLIFE,20191114,354.1,364.9,351.5,353.7,22288
WHEELS,20191114,651,690,645,646.25,1682
WHIRLPOOL,20191114,2195.3,2324.2,2150.05,2264.1,100355
WILLAMAGOR,20191114,14.5,14.5,13.6,13.65,2542
WINDMACHIN,20191114,19.5,21.4,19.5,19.8,2990
WINSOME,20191114,0.2,0.2,0.2,0.2,1750
WIPL,20191114,56,56,56,56,855
WIPRO,20191114,254,254.75,251.4,252.75,2898206
WOCKPHARMA,20191114,283.9,284.75,272.05,274.75,409754
WONDERLA,20191114,275.5,283,274.1,276.55,26191
WSI,20191114,0.85,0.95,0.85,0.95,1171
WSTCSTPAPR,20191114,217.4,222.8,216.05,217.6,56849
XCHANGING,20191114,53.1,53.7,51.15,52,151117
XELPMOC,20191114,67.5,68.45,66.05,67.3,931
XLENERGY,20191114,0.5,0.5,0.4,0.4,7106
XPROINDIA,20191114,22,22.8,21.6,22.8,771
YESBANK,20191114,68.85,70.8,67.1,68.75,195114955
ZEEL,20191114,292.35,295.7,281,282,12868799
ZEELEARN,20191114,21.8,21.95,20.75,20.95,66361
ZEEMEDIA,20191114,7.7,7.7,7.05,7.05,2259241
ZENITHBIR,20191114,0.6,0.7,0.6,0.6,36805
ZENITHEXPO,20191114,43.5,43.5,40.1,40.1,1303
ZENSARTECH,20191114,187.65,189.7,185.55,187.55,24139
ZENTEC,20191114,62.9,63.4,59.8,60.2,44307
ZICOM,20191114,1.55,1.55,1.55,1.55,1688
ZODIACLOTH,20191114,187.05,191.95,187,187.25,283
ZODJRDMKJ,20191114,31,31.95,30.95,31.2,786
ZOTA,20191114,190.95,194.8,187,188.9,21919
ZUARI,20191114,88.1,100.75,87,95.65,471003
ZUARIGLOB,20191114,56,60.9,54.5,57.85,127186
ZYDUSWELL,20191114,1450,1498,1406,1430.25,241578
NSENIFTY,20191114,11858.75,11895.65,11802.65,11872.10,559494025,0
NIFTYJUNIOR,20191114,28324.65,28327.35,28077.95,28175.60,815087428,0
NIFTYMIDCAPLIQ15,20191114,3850.65,3894.50,3835.30,3889.80,53290883,0
NSE100,20191114,11998.10,12029.45,11935.85,12001.10,1378079286,0
NIFTY200,20191114,6117.45,6133.70,6084.60,6119.75,1711165215,0
NSE500,20191114,9648.85,9671.10,9596.85,9650.40,1953118332,0
NSEMIDCAP150,20191114,6146.95,6162.25,6109.35,6153.00,343693063,0
MIDCAP50,20191114,4550.40,4587.05,4527.10,4572.25,285763040,0
NSEMIDCAP,20191114,16726.65,16780.05,16607.65,16751.20,333085929,0
NIFTYSMALLCAP250,20191114,-,-,-,4739.50,-,0
NIFTYSMALLCAP50,20191114,-,-,-,2728.85,-,0
NSESMLCAP100,20191114,5707.40,5710.90,5656.65,5685.35,-,0
NIFTYLARGEMIDCAP250,20191114,-,-,-,5897.70,1721772349,0
NIFTYMIDSMALLCAP400,20191114,-,-,-,5646.95,-,0
NIFTYAUTO,20191114,8155.95,8205.05,8125.00,8190.90,73741948,0
BANKNIFTY,20191114,30615.80,30789.20,30338.35,30749.95,383307292,0
NIFTYFINSERVICE,20191114,13852.05,13965.65,13751.25,13947.35,172744268,0
NIFTYFMGC,20191114,31587.00,31602.35,31347.65,31439.45,24733867,0
NSEIT,20191114,15292.90,15410.30,15217.30,15388.75,25379073,0
NIFTYMEDIA,20191114,1800.95,1815.60,1785.40,1791.95,79224599,0
NIFTYMETAL,20191114,2560.20,2562.10,2499.50,2506.60,126711898,0
NIFTYPHARMA,20191114,7634.40,7655.60,7553.05,7591.45,38599994,0
NIFTYPVTBANK,20191114,16950.60,17037.35,16813.90,17014.40,292064526,0
NIFTYPSUBANK,20191114,2387.95,2402.70,2329.25,2379.40,122918711,0
NIFTYREALTY,20191114,278.25,278.85,276.30,277.65,15668671,0
NIFTYCOMMODITIES,20191114,3357.45,3362.00,3324.15,3336.85,195535858,0
NIFTYCONSUMPTION,20191114,5022.40,5030.20,4998.50,5013.05,77074460,0
NIFTYCPSE,20191114,1985.30,1989.65,1957.60,1978.60,64532423,0
NIFTYENERGY,20191114,15976.35,15998.10,15829.75,15905.00,86683200,0
NIFTY100ESG,20191114,-,-,-,2201.43,1238880250,0
NIFTY100ENHESG,20191114,-,-,-,2227.59,1193281641,0
NIFTYINFRA,20191114,3228.55,3238.00,3205.00,3219.10,187291653,0
NIFTYMNC,20191114,13860.75,13876.15,13734.40,13788.55,654217443,0
NIFTYPSE,20191114,3294.60,3296.50,3254.40,3275.80,175886410,0
NIFTYSMEEMERGE,20191114,-,-,-,1362.03,546900,0
NIFTYSERVSECTOR,20191114,16687.40,16788.00,16601.15,16773.45,481579905,0
NIFTYSHARIAH25,20191114,-,-,-,4363.92,79371038,0
NIFTY50SHARIAH,20191114,-,-,-,2488.34,76519193,0
NIFTY500SHARIAH,20191114,-,-,-,2963.15,282014175,0
NIFTYABGROUP,20191114,-,-,-,2714.04,600642910,0
NIFTYMAHINDRA,20191114,-,-,-,10104.49,6282378,0
NIFTYTATA,20191114,-,-,-,6964.29,62610628,0
NIFTYTATA25CAP,20191114,-,-,-,4759.99,56838343,0
NIFTYABGROUP,20191114,-,-,-,2714.04,600642910,0
NIFTYLIQ15,20191114,3678.75,3693.30,3638.30,3669.70,399671510,0
NIFTY500VALUE50,20191114,-,-,-,3598.59,296780807,0
NIFTYALPHALOWVOL30,20191114,-,-,-,12030.67,125942451,0
NIFTYQUALLOWVOL30,20191114,-,-,-,8560.63,67782944,0
NIFTYALPHAQUALLOWVOL30,20191114,-,-,-,9725.08,80100214,0
NIFTYALPHAQUALVALLOWVOL30,20191114,-,-,-,7345.95,111787679,0
NIFTY50EQUALWEIGHT,20191114,12201.45,12220.10,12114.10,12171.50,559494025,0
NIFTY100EQUALWEIGHT,20191114,13191.40,13199.05,13082.40,13136.95,1378079286,0
NIFTY100LOWVOL30,20191114,8980.10,8981.60,8933.70,8958.60,87888396,0
NSEDEFTY,20191114,-,-,-,5716.14,-,0
NIFTY50DIVPOINT,20191114,117.35,117.35,117.35,117.35,-,0
NIFTYDIVOPPS50,20191114,2572.45,2573.80,2558.20,2568.50,261720743,0
NIFTYALPHA50,20191114,12707.30,12766.75,12644.45,12750.15,157358732,0
NIFTY50ARBITRAGE,20191114,-,-,-,1870.18,-,0
NIFTY50FUTINDEX,20191114,-,-,-,4025.46,-,0
NIFTY50FUTTRINDEX,20191114,-,-,-,11981.03,-,0
NIFTYHIGHBETA50,20191114,-,-,-,1327.64,1251990439,0
NIFTYLOWVOL50,20191114,-,-,-,10537.79,102295721,0
NIFTY200QUALITY30,20191114,-,-,-,9901.10,-,0
NIFTY50VALUE20,20191114,5472.60,5475.85,5438.95,5461.35,338570057,0
NIFTYGROWSECT15,20191114,6329.00,6345.20,6290.55,6330.50,62998371,0
NIFTY50TR2XLEV,20191114,6572.95,6612.95,6511.10,6587.75,-,0
NIFTY50PR2XLEV,20191114,5056.85,5087.60,5009.25,5068.25,-,0
NIFTY50TR1XINV,20191114,344.30,345.95,343.25,343.90,-,0
NIFTY50PR1XINV,20191114,392.50,394.35,391.30,392.05,-,0
NIFTY-GS-COMPSITE,20191114,2046.04,2048.62,2046.04,2047.61,-,0
NIFTY-GS-4-8YR,20191114,2137.91,2139.95,2137.91,2138.70,-,0
NIFTY-GS-8-13YR,20191114,2010.60,2013.68,2010.60,2012.72,-,0
NIFTY-GS-10YR,20191114,1855.31,1858.60,1855.31,1856.93,-,0
NIFTY-GS-10YR-CLN,20191114,945.27,946.96,945.27,946.11,-,0
NIFTY-GS-11-15YR,20191114,2127.63,2131.31,2127.63,2128.83,-,0
NIFTY-GS-15YRPLUS,20191114,2292.31,2293.17,2291.03,2294.65,-,0
VIX,20191114,16.46,16.46,14.09,15.65,0,0
