<ticker>,<date>,<open>,<high>,<low>,<close>,<volume>,<o/i>
20MICRONS,20191113,36.65,37.85,36.1,36.4,31886
21STCENMGM,20191113,14,14,13.75,13.95,400
3IINFOTECH,20191113,2,2,1.9,1.9,1301651
3MINDIA,20191113,22729,22800,22056.05,22258.2,6417
3PLAND,20191113,6.6,6.6,6.3,6.55,168
5PAISA,20191113,168.9,168.9,155.65,156.35,16730
63MOONS,20191113,118.35,121.25,112.45,114.05,148726
A2ZINFRA,20191113,10.5,10.5,9.9,9.95,345977
AARTIDRUGS,20191113,539.95,539.95,520.15,528.2,11793
AARTIIND,20191113,815.9,820,805.1,814.45,58073
AARVEEDEN,20191113,13.8,14.35,13.8,14.2,3255
AAVAS,20191113,1525,1588.85,1506.15,1528.45,35656
ABAN,20191113,30.5,30.5,28.75,28.85,39226
ABB,20191113,1457.35,1538,1418.4,1497.65,357412
ABBOTINDIA,20191113,11868.95,12043.95,11702,11794.6,12778
ABCAPITAL,20191113,86.9,86.9,83.05,83.4,1691320
ABFRL,20191113,202,214,202,210.4,860407
ABSLBANETF,20191113,320,320,309,309,3
ABSLNN50ET,20191113,289.39,289.39,285.58,287.96,119686
ACC,20191113,1505.2,1525,1485,1494,688971
ACCELYA,20191113,990,994,965.5,983.2,10485
ACE,20191113,86.25,87.75,85,86.35,97727
ADANIENT,20191113,209,210.75,194.3,198.2,9836594
ADANIGAS,20191113,148.7,151.4,148.2,148.4,1862264
ADANIGREEN,20191113,95,99.8,94,96,6684791
ADANIPORTS,20191113,391,391.8,369.4,370.8,5392849
ADANIPOWER,20191113,67.25,67.5,62.2,63.35,25061819
ADANITRANS,20191113,279.2,286.85,265.1,274.5,388762
ADFFOODS,20191113,297.75,307.25,283.05,299.9,182783
ADHUNIKIND,20191113,116.5,125.75,115,122.5,130969
ADLABS,20191113,3.45,3.45,3.15,3.45,198466
ADORWELD,20191113,347.95,360,333.25,339.35,130132
ADROITINFO,20191113,8.6,9.45,8.6,9.3,138
ADSL,20191113,15.5,17.55,15,16.3,142576
ADVANIHOTR,20191113,57.3,58.05,57,57.15,1302
ADVENZYMES,20191113,178.15,182,172.25,173.4,157725
AEGISCHEM,20191113,164.4,168.5,163.65,165.25,172192
AFFLE,20191113,1508.85,1678,1500.15,1650.55,658722
AGARIND,20191113,117,117,113.25,113.4,1378
AGCNET,20191113,118.4,127,118.4,121.45,7080
AGRITECH,20191113,45.75,47.45,44.55,46.75,8792
AGROPHOS,20191113,122,122.45,122,122.1,559405
AHLEAST,20191113,178.05,182.75,175.25,177,2396
AHLUCONT,20191113,298,298,284,286.4,4021
AHLWEST,20191113,280.05,294.85,265.95,284.75,429
AIAENG,20191113,1699.95,1704.9,1666.9,1698.6,47900
AIONJSW,20191113,9.5,10.35,9.4,9.95,190295
AIRAN,20191113,10.65,11.65,10.6,10.7,72412
AJANTPHARM,20191113,994.95,995.95,977.05,981.45,47378
AJMERA,20191113,126,126.95,122.5,123.15,25282
AKASH,20191113,64.05,64.2,62.05,62.05,2610
AKSHARCHEM,20191113,223.05,232.4,202.5,209.8,26467
AKSHOPTFBR,20191113,7,7.1,6.9,6.95,225875
AKZOINDIA,20191113,1979.9,1998.9,1902,1914.45,44736
ALANKIT,20191113,14.75,14.9,14.2,14.9,27570
ALBERTDAVD,20191113,395.15,425.65,395.15,417.65,8499
ALBK,20191113,25.75,26.2,25.45,25.6,574000
ALCHEM,20191113,0.85,0.9,0.8,0.8,6769
ALEMBICLTD,20191113,50.05,59.4,49.1,58,1777087
ALICON,20191113,384.95,385.7,377,378.4,1997
ALKALI,20191113,44,45.05,42.9,43.05,23371
ALKEM,20191113,2000,2075,2000,2065.8,233954
ALKYLAMINE,20191113,1025,1033.95,1006.65,1009.3,15535
ALLCARGO,20191113,97.55,99.15,96.1,96.6,241236
ALLSEC,20191113,283.1,286.85,282,282,1827
ALMONDZ,20191113,9.15,9.45,9.15,9.4,116
ALOKTEXT,20191113,1.9,1.9,1.9,1.9,502371
ALPA,20191113,17.95,17.95,17,17.3,26287
ALPHAGEO,20191113,176.85,176.85,176.85,176.85,7305
ALPSINDUS,20191113,0.65,0.65,0.65,0.65,5641
AMARAJABAT,20191113,720,739.9,718.75,732.2,2478140
AMBER,20191113,1007,1007,980.05,985.1,14456
AMBIKCO,20191113,889.6,891.95,861.45,870.25,4317
AMBUJACEM,20191113,200.15,202.2,194.55,195.25,2726347
AMDIND,20191113,19.1,19.2,17.2,17.25,69169
AMJLAND,20191113,18.6,19.5,18.55,18.9,12974
AMRUTANJAN,20191113,515.9,522.9,491.85,501.35,57822
ANANTRAJ,20191113,33.5,33.5,33,33.1,175256
ANDHRABANK,20191113,18,18,17.35,17.4,595301
ANDHRACEMT,20191113,3,3,2.8,2.9,97383
ANDHRSUGAR,20191113,301.8,309.8,296.85,302.85,67582
ANIKINDS,20191113,9.85,9.85,9,9.5,3752
ANKITMETAL,20191113,0.55,0.55,0.45,0.55,47110
ANSALAPI,20191113,6.05,6.05,5.55,5.55,119471
ANSALHSG,20191113,9.2,9.3,8.25,8.25,222580
ANTGRAPHIC,20191113,0.65,0.7,0.6,0.65,94097
ANUP,20191113,529,529,497,499.9,9345
APARINDS,20191113,514.95,514.95,503.55,510.35,13059
APCL,20191113,162.4,166,153.1,155.95,3895
APCOTEXIND,20191113,165.7,169.95,160.1,160.75,21859
APEX,20191113,320,325,298.05,301.5,417281
APLAPOLLO,20191113,1430,1545,1415.2,1498.85,84815
APLLTD,20191113,575,575,560.05,569.85,227990
APOLLO,20191113,85.9,85.9,79.2,80.45,41390
APOLLOHOSP,20191113,1420.05,1435,1379.15,1388.65,506842
APOLLOPIPE,20191113,376.1,382.95,366,373.45,4783
APOLLOTYRE,20191113,167,167.2,162.85,163.6,1891558
APOLSINHOT,20191113,829.95,845,820,823.95,3266
APTECHT,20191113,171.1,173.9,165.5,167.65,127762
ARCHIDPLY,20191113,27.1,28.75,27.1,27.9,6020
ARCHIES,20191113,19.5,19.5,19,19.2,20855
ARCOTECH,20191113,2.3,2.3,2.3,2.3,41010
ARIES,20191113,65.8,65.8,63.7,64.35,34750
ARIHANT,20191113,33.5,33.5,27.55,31.55,102340
ARIHANTSUP,20191113,28.4,28.4,27.9,28.1,8692
ARMANFIN,20191113,546,558,534,555.65,2288
AROGRANITE,20191113,39.55,40.35,38.5,38.85,7551
ARROWGREEN,20191113,54.25,54.25,50.65,52.35,8678
ARROWTEX,20191113,11,11.75,10.3,10.55,81631
ARSHIYA,20191113,17.65,18.5,17.55,17.85,42081
ARSSINFRA,20191113,25.4,25.5,23.35,23.6,14656
ARVIND,20191113,52,52.4,50,50.4,841468
ARVINDFASN,20191113,404,412.8,380,398.4,46941
ARVSMART,20191113,100,101,95.2,96.8,8828
ASAHIINDIA,20191113,195.15,198.55,193.1,194.95,22957
ASAHISONG,20191113,148.75,153.9,145,145.2,3079
ASAL,20191113,32.8,33.8,31.25,32.15,8522
ASHAPURMIN,20191113,28.8,28.8,27.2,27.5,13952
ASHIANA,20191113,104.1,106.9,101.5,103.95,40119
ASHIMASYN,20191113,7.5,7.6,7.3,7.4,26251
ASHOKA,20191113,95,96.7,93.2,94.2,218261
ASHOKLEY,20191113,78.5,82.65,77.2,80.6,53302413
ASIANHOTNR,20191113,102.8,103,98,101.2,677
ASIANPAINT,20191113,1773.75,1787,1756.7,1770.45,983760
ASIANTILES,20191113,226,239.35,222.25,226.25,43101
ASPINWALL,20191113,145,148.95,137,144.5,3012
ASTEC,20191113,350,365,350,360.4,10172
ASTERDM,20191113,145,147.5,140.1,145.95,143819
ASTRAL,20191113,1109.9,1111.25,1074,1082.05,136480
ASTRAMICRO,20191113,83.7,86.7,80.85,81.55,405560
ASTRAZEN,20191113,2525,2629.75,2508.45,2541.4,35938
ASTRON,20191113,35.2,38.9,35.2,38.9,2834333
ATFL,20191113,611,611.95,582.35,590.55,11616
ATLANTA,20191113,7.4,7.5,7,7.45,10261
ATUL,20191113,4110.1,4142.55,4010,4029.55,28054
ATULAUTO,20191113,222,226.85,220,220.75,11758
AUBANK,20191113,720,814.9,720,808.15,4946761
AURIONPRO,20191113,78.35,78.35,73.35,75.5,6391
AUROPHARMA,20191113,445,457.95,427.65,433.85,10083492
AUSOMENT,20191113,29,29.5,27.05,28.85,2915
AUTOAXLES,20191113,814,823,800,801.3,9987
AUTOIND,20191113,23.6,24.8,23.2,24.25,20850
AUTOLITIND,20191113,23.35,23.35,21.55,22.85,4540
AVADHSUGAR,20191113,260,267.25,254.2,255.8,73905
AVANTIFEED,20191113,500,513.75,471.1,504.6,2320977
AVTNPL,20191113,28.75,30.15,27.1,28.65,239146
AXISBANK,20191113,733.7,737.4,707.85,711.2,9290616
AXISCADES,20191113,74.15,75.05,70,71.8,102761
AXISGOLD,20191113,3365.95,3375,3345,3356.4,319
AXISNIFTY,20191113,1215,1233.5,1215,1222.6,157
AYMSYNTEX,20191113,29.95,31,29.95,30.65,1843
BAGFILMS,20191113,2.2,2.2,2.2,2.2,78341
BAJAJ-AUTO,20191113,3230,3245,3190.8,3206,305804
BAJAJCON,20191113,251.5,251.5,241.7,244.55,201308
BAJAJELEC,20191113,320,334.95,320,325.55,204341
BAJAJFINSV,20191113,8888,9027,8855.55,8978.35,360673
BAJAJHIND,20191113,8.2,8.45,7.15,7.3,10490384
BAJAJHLDNG,20191113,3711,3787.55,3707.45,3718.05,20620
BAJFINANCE,20191113,4166.9,4175,4132,4144.55,899015
BALAJITELE,20191113,55.65,58.7,55,57.75,85927
BALAMINES,20191113,367,375,355.55,359.9,24050
BALAXI,20191113,77,79.5,74.1,77.2,236
BALKRISHNA,20191113,17.8,18.7,17.1,17.2,10986
BALKRISIND,20191113,824,837.2,816.85,825.15,341459
BALLARPUR,20191113,0.5,0.55,0.45,0.5,3582496
BALMLAWRIE,20191113,206.5,207.8,195,196.2,389342
BALPHARMA,20191113,44.5,46.9,44.5,45.8,8024
BALRAMCHIN,20191113,149,149.05,142.7,144.3,1296815
BANARBEADS,20191113,33,33,31.75,32.15,2767
BANARISUG,20191113,1158,1238,1127.95,1159.05,1558
BANCOINDIA,20191113,104.6,106.7,101,101.75,83552
BANDHANBNK,20191113,552.25,574.7,552.25,563.95,3157399
BANG,20191113,17.8,17.8,16.95,17.1,3179
BANKBARODA,20191113,97,97.35,93,93.35,23333054
BANKBEES,20191113,3165,3174,3110.34,3115.02,60491
BANKINDIA,20191113,67.2,67.75,65,65.5,5485479
BANSWRAS,20191113,84.5,91.3,82.55,91.3,192161
BARTRONICS,20191113,1.7,1.7,1.7,1.7,5093
BASF,20191113,992.45,1016.1,992.45,997.35,29022
BASML,20191113,140.65,141,130,130.6,3472
BATAINDIA,20191113,1705.1,1706,1676.65,1684.75,942272
BAYERCROP,20191113,3445.05,3500.05,3333,3340.9,5637
BBL,20191113,882,891.75,856.2,861,7819
BBTC,20191113,1209,1245,1208.2,1220.25,216678
BCG,20191113,3.2,3.45,3.1,3.2,628866
BCP,20191113,8.85,8.85,8.85,8.85,67117
BDL,20191113,346,364.8,344.65,351.3,725584
BEARDSELL,20191113,11.5,11.5,11,11.4,201
BEDMUTHA,20191113,11.65,12.25,11.65,12,10103
BEL,20191113,108.8,109.6,107.2,109.1,8986255
BEML,20191113,978,978,955.75,961.3,341932
BEPL,20191113,49.7,50.75,48.7,48.95,302256
BERGEPAINT,20191113,489,495,478.7,479.95,2520039
BFINVEST,20191113,332.4,341.3,327.1,330.7,142948
BFUTILITIE,20191113,299,310.7,295.1,298.7,337232
BGLOBAL,20191113,2,2,1.9,2,6546
BGRENERGY,20191113,31.9,31.95,30.6,30.75,62036
BHAGERIA,20191113,104.6,107,103.55,104.15,11056
BHAGYANGR,20191113,21,21,18.65,18.95,6709
BHAGYAPROP,20191113,22.4,22.4,19.6,21.95,2717
BHANDARI,20191113,1.25,1.3,1.2,1.25,110197
BHARATFORG,20191113,431.25,436.15,426.8,428.3,1646596
BHARATGEAR,20191113,80.15,83,78.05,78.3,6039
BHARATRAS,20191113,6600.9,6650,6011,6511.65,1979
BHARATWIRE,20191113,29,31.9,29,31,42526
BHARTIARTL,20191113,372.1,373.4,366.15,368.6,6424227
BHEL,20191113,56.45,57.85,54.1,54.6,29011138
BIGBLOC,20191113,24.5,24.9,24.1,24.25,2190
BIL,20191113,155,164,155,162.25,973
BILENERGY,20191113,1.5,1.5,1.5,1.5,223711
BINDALAGRO,20191113,11.15,11.25,10.05,10.25,20833
BIOCON,20191113,262.25,264.15,255.05,256.7,1384512
BIOFILCHEM,20191113,4.9,4.95,4.9,4.95,451
BIRLACABLE,20191113,73,74,66,66.65,438488
BIRLACORPN,20191113,643.2,667.9,637,655.9,186306
BIRLAMONEY,20191113,35.1,36,34.4,34.6,58325
BKMINDST,20191113,0.75,0.75,0.7,0.75,195590
BLBLIMITED,20191113,3.75,3.95,3.65,3.9,3149
BLISSGVS,20191113,138.5,139.75,133.5,135.55,147656
BLKASHYAP,20191113,11.15,11.15,10.35,10.35,52686
BLS,20191113,68,68.1,60.5,63.8,304638
BLUEBLENDS,20191113,0.65,0.65,0.6,0.6,223
BLUECOAST,20191113,1.7,1.7,1.65,1.7,1317
BLUEDART,20191113,2245,2245,2165.7,2183.15,8795
BLUESTARCO,20191113,798.8,809,783.05,796.9,35084
BODALCHEM,20191113,75.15,75.7,72.45,73.65,98427
BOMDYEING,20191113,88,88,82.1,82.9,3024649
BOROSIL,20191113,189.9,199,181.55,187.25,337452
BOSCHLTD,20191113,15299.95,15495,15052.1,15302.3,15649
BPCL,20191113,514,523,507.4,510.1,7232793
BPL,20191113,19.2,20.15,19,19.5,92014
BRFL,20191113,4.65,4.65,4.3,4.3,35030
BRIGADE,20191113,217,221.5,202.2,215.6,246324
BRITANNIA,20191113,3271,3299,3200,3269.75,1853222
BRNL,20191113,60,63.5,60,61.9,9673
BROOKS,20191113,33.45,33.45,31.5,31.8,8026
BSE,20191113,521.05,523.75,511,513.5,72281
BSELINFRA,20191113,1,1.1,1,1,40088
BSL,20191113,30.25,31.75,29.1,31.75,19179
BSLGOLDETF,20191113,3502,3546.95,3491.15,3540,59
BSLNIFTY,20191113,126.3,130.25,126.3,129.35,126
BSOFT,20191113,65.95,69.6,65,67.75,764698
BURNPUR,20191113,1.3,1.3,1.2,1.3,99262
BUTTERFLY,20191113,190,193.45,187.35,190.05,53691
BVCL,20191113,10.4,10.9,9.9,10.2,955
BYKE,20191113,22.95,23.9,21,21.5,31389
CADILAHC,20191113,231.85,232.55,223.15,224.75,1398413
CALSOFT,20191113,17.1,18.45,17.1,18.05,9586
CAMLINFINE,20191113,60.1,62,60,60.15,219134
CANBK,20191113,203.4,204.65,196.05,196.95,5466935
CANFINHOME,20191113,394.9,395.9,376.25,380.5,173022
CANTABIL,20191113,211.95,215,205.85,212.9,17861
CAPACITE,20191113,214.4,219.45,209.3,210.8,25187
CAPLIPOINT,20191113,385,390.75,375,377.6,65503
CAPTRUST,20191113,80,84,80,84,390
CARBORUNIV,20191113,309,310.8,303.5,308.85,40774
CAREERP,20191113,133.2,136.75,121,121.9,82549
CARERATING,20191113,526.1,530.05,516,519.3,206849
CASTEXTECH,20191113,0.7,0.7,0.65,0.65,33311
CASTROLIND,20191113,146.9,147.9,144.2,144.65,600304
CCHHL,20191113,3.6,3.75,3.5,3.6,35326
CCL,20191113,202,202.65,198,199.65,62535
CDSL,20191113,230.4,233,227.05,229.15,322496
CEATLTD,20191113,970.55,981,965.1,972.05,58371
CEBBCO,20191113,13.3,13.95,12.45,12.65,211293
CELEBRITY,20191113,6.15,6.15,6.15,6.15,5509
CELESTIAL,20191113,3.3,3.45,3.3,3.4,2615
CENTENKA,20191113,186.9,187,182.85,183.85,39185
CENTEXT,20191113,2.9,2.9,2.7,2.75,63796
CENTRALBK,20191113,20.15,20.5,19.5,19.9,506494
CENTRUM,20191113,20.2,20.2,17.75,19.3,523880
CENTUM,20191113,380.7,421.35,376,377.55,10565
CENTURYPLY,20191113,167.05,168.75,164,166.05,1109525
CENTURYTEX,20191113,390,422,388.8,390.45,4348656
CERA,20191113,2575,2598.55,2500,2512.2,14858
CEREBRAINT,20191113,21,21.75,20.75,20.9,337853
CESC,20191113,766.95,776.65,750,752.4,313503
CESCVENT,20191113,338.55,339,331,333.1,5059
CGCL,20191113,214,215.95,190.55,197.15,398027
CGPOWER,20191113,16.35,16.7,16,16.65,1776508
CHALET,20191113,328.25,378,316.4,357.7,100818
CHAMBLFERT,20191113,172.55,173.85,164,164.85,327935
CHEMFAB,20191113,170,174.9,170,170,3290
CHENNPETRO,20191113,151,151.85,146,146.55,125182
CHOLAFIN,20191113,296.75,301.9,296,297.3,1008638
CHOLAHLDNG,20191113,468.75,473.75,451.35,467.25,51556
CHROMATIC,20191113,0.5,0.5,0.45,0.5,4950
CIGNITITEC,20191113,297,303.5,285.5,298.9,91089
CIMMCO,20191113,19.85,22.25,19.2,21.25,74339
CINELINE,20191113,32,33.7,32,32.95,8708
CINEVISTA,20191113,9.85,10.85,9.85,10.05,16962
CIPLA,20191113,452,455,446,447.9,3001272
CKFSL,20191113,0.65,0.65,0.6,0.65,565542
CLEDUCATE,20191113,77.05,82.8,77.05,78.65,5265
CLNINDIA,20191113,295.45,314,295.3,308.2,139441
CMICABLES,20191113,72.8,72.8,69,69.4,36769
CNOVAPETRO,20191113,8.45,9.25,8.1,8.45,520
COALINDIA,20191113,215.9,216,206.2,207.25,12228149
COCHINSHIP,20191113,414,417,400,410.15,251114
COFFEEDAY,20191113,43.25,43.25,41.2,43.25,962551
COLPAL,20191113,1599,1602.6,1547.7,1560.8,1042685
COMPINFO,20191113,9.2,9.35,8.85,9.05,115045
COMPUSOFT,20191113,8.75,8.75,7.95,8.05,94115
CONCOR,20191113,582,591.7,575.1,577,1480592
CONFIPET,20191113,29,31.25,28.1,28.75,326144
CONSOFINVT,20191113,39.7,39.7,36.75,37,2111
CONTROLPR,20191113,266.7,271.95,260,261.75,4440
CORALFINAC,20191113,12.5,13.1,11.8,12.05,3598
CORDSCABLE,20191113,45.4,45.5,41.75,42.15,26608
COROMANDEL,20191113,480,480,466.4,475.45,101730
CORPBANK,20191113,16.75,16.9,16,16.05,324282
COSMOFILMS,20191113,233,240,233,238.15,32497
COUNCODOS,20191113,1.75,1.75,1.65,1.65,24302
COX&KINGS,20191113,1.65,1.65,1.65,1.65,193073
CPSEETF,20191113,24.3,24.46,24.1,24.14,1681770
CREATIVE,20191113,69.05,69.95,69,69,8791
CREDITACC,20191113,710,745,705.05,735,165794
CREST,20191113,109.1,115.5,98.2,100.65,67888
CRISIL,20191113,1416.95,1438,1395.1,1406.65,15518
CROMPTON,20191113,259.6,263.8,256.6,259.1,1190521
CTE,20191113,27.65,30.2,27.5,29.4,15012
CUB,20191113,214.7,215,206.5,207.15,640239
CUBEXTUB,20191113,13.75,13.75,12.45,12.45,5313
CUMMINSIND,20191113,561,576.9,561,565.7,1018794
CUPID,20191113,211.4,220,195.75,198.4,252600
CYBERMEDIA,20191113,3,3,3,3,22
CYBERTECH,20191113,52.75,56.6,50.25,51.75,70383
CYIENT,20191113,402.4,404.9,397,399.95,112494
DAAWAT,20191113,24.65,24.9,24.5,24.6,485327
DABUR,20191113,479,480.65,462.45,463.9,1734670
DALBHARAT,20191113,825,826.5,815.85,821.6,123785
DALMIASUG,20191113,92.25,92.25,89.45,90.1,107972
DAMODARIND,20191113,26.1,29.25,26.1,26.6,1477
DATAMATICS,20191113,74.2,75.8,72.05,72.9,51950
DBCORP,20191113,146.05,147.6,143,143.35,19719
DBL,20191113,421,423.75,406.2,409.1,188767
DBREALTY,20191113,9.25,9.3,8.75,8.75,433985
DBSTOCKBRO,20191113,9,9,9,9,41
DCAL,20191113,120.45,123.2,119.9,121.75,239416
DCBBANK,20191113,182.5,184,181.1,182.85,284649
DCM,20191113,20,21.45,20,20.6,1055
DCMFINSERV,20191113,0.8,0.8,0.8,0.8,1000
DCMNVL,20191113,26.5,31.3,26.5,28.25,10493
DCMSHRIRAM,20191113,333,334.8,321.65,325.35,89737
DCW,20191113,14.8,15.5,14.8,15.05,83348
DECCANCE,20191113,355,359,344.15,347.45,13728
DEEPAKFERT,20191113,98.4,103.25,98.1,98.9,242274
DEEPAKNTR,20191113,369,377,361.05,362.1,1441610
DEEPIND,20191113,106.35,107,96.8,97.55,73657
DELTACORP,20191113,198.05,200.3,191.1,191.8,664098
DELTAMAGNT,20191113,36.1,38.65,36.1,36.15,694
DEN,20191113,45,45.45,42.5,43.1,61579
DENORA,20191113,233.05,254.95,233.05,248.5,13937
DFMFOODS,20191113,247,248.5,245.55,246.15,19554
DGCONTENT,20191113,4.5,4.5,4.2,4.2,154331
DHAMPURSUG,20191113,194.9,198.85,185.9,188.7,964458
DHANBANK,20191113,15.8,15.8,14.8,15,322639
DHANUKA,20191113,309.85,318.5,295.55,298.15,36599
DHARSUGAR,20191113,8.15,8.45,7.7,8.45,23778
DHFL,20191113,25.65,25.65,25.6,25.65,939078
DHUNINV,20191113,215,257.2,211.95,227.95,2409
DIAMONDYD,20191113,931,934.95,900,915,1876
DICIND,20191113,323,327.45,314.4,321.3,2294
DIGISPICE,20191113,6.45,6.8,6.25,6.35,1458
DISHTV,20191113,14.8,14.95,12.2,13.5,84926195
DIVISLAB,20191113,1710,1719,1660,1672.5,878362
DIXON,20191113,3004.1,3074.9,2921.2,2999.7,245259
DLF,20191113,210.2,214.4,201.15,202.2,22014078
DLINKINDIA,20191113,93.25,96.4,92.55,93.8,19561
DMART,20191113,1969.8,1989.95,1952.5,1959.95,243109
DNAMEDIA,20191113,0.35,0.4,0.35,0.4,5313
DOLAT,20191113,66.25,68.75,66.1,66.6,57130
DOLLAR,20191113,172.05,175.8,163.65,166.5,16222
DONEAR,20191113,31.45,32,30.85,31.05,11503
DPSCLTD,20191113,9.1,9.45,9.05,9.15,14460
DQE,20191113,2.4,2.45,2.3,2.45,2769
DREDGECORP,20191113,340,343,326.35,328.4,109536
DRREDDY,20191113,2820,2823.85,2755,2763.15,456683
DSSL,20191113,25.7,26.4,25.2,25.45,1094
DTIL,20191113,173.95,188.5,168.05,179.8,13955
DUCON,20191113,5.6,5.95,5.6,5.85,125801
DVL,20191113,71.95,71.95,66.9,68.45,8682
DWARKESH,20191113,25.5,26.05,24.7,25,616483
DYNAMATECH,20191113,1148.45,1175,1099,1110.75,3043
DYNPRO,20191113,142.8,144.3,137.35,139.85,14897
EASTSILK,20191113,0.6,0.6,0.6,0.6,4928
EBANK,20191113,3629.99,3632.99,3629.99,3632.99,14
ECLERX,20191113,440,455,439.5,443.7,31798
EDELWEISS,20191113,121,122.15,114.15,122.15,7826533
EICHERMOT,20191113,21370,21824,21200,21352.2,158907
EIDPARRY,20191113,164,195.6,163.9,194.8,3223573
EIHAHOTELS,20191113,307,312.75,301,303.65,1713
EIHOTEL,20191113,154.8,155.25,150.4,151.6,192556
EIMCOELECO,20191113,305,305,293.55,302.05,803
EKC,20191113,26,26.6,25.5,25.9,40210
ELECON,20191113,35.8,37.5,35,35.7,52834
ELECTCAST,20191113,13.1,13.35,13.05,13.1,48667
ELECTHERM,20191113,142.35,144,139.55,142.35,41651
ELGIEQUIP,20191113,266.1,267.15,261,261.75,87291
ELGIRUBCO,20191113,18.4,18.4,16.3,17.5,3049
EMAMILTD,20191113,327,330.85,322,324.8,149828
EMAMIPAP,20191113,75.5,75.5,70.7,71.35,4202
EMAMIREAL,20191113,51.8,51.8,46.9,46.9,10369
EMCO,20191113,0.65,0.75,0.65,0.7,3967
EMKAY,20191113,78.2,78.8,74,75.6,26071
EMMBI,20191113,116.95,116.95,103.5,105.25,13619
ENDURANCE,20191113,1099.45,1109.85,1051.05,1071.6,16904
ENERGYDEV,20191113,5.1,5.25,5,5.1,22046
ENGINERSIN,20191113,108.3,108.3,101.5,101.75,1634693
ENIL,20191113,247.05,254.05,242,243.15,9497
EON,20191113,18.65,18.65,18.65,18.65,1679
EQ30,20191113,349,349,330,349,24
EQUITAS,20191113,91.3,91.55,85,85.9,6161278
ERIS,20191113,424.5,424.5,406.4,410,18050
EROSMEDIA,20191113,15.3,15.5,14.9,14.95,198521
ESABINDIA,20191113,1230.8,1270,1209.4,1236.95,3000
ESCORTS,20191113,672,673.95,649.5,651.8,1566431
ESSARSHPNG,20191113,7.5,7.5,7,7.5,12727
ESSELPACK,20191113,131.5,142,126.7,134.85,581894
ESTER,20191113,35.2,35.4,34.1,34.95,34289
EUROMULTI,20191113,0.4,0.4,0.35,0.35,2741
EUROTEXIND,20191113,12.35,12.35,12.35,12.35,134
EVEREADY,20191113,53.5,54.25,51.8,52.05,170326
EVERESTIND,20191113,288,294,284,289.4,15186
EXCEL,20191113,1.1,1.1,1,1.05,1890
EXCELINDUS,20191113,903,916,886.1,889.6,13405
EXIDEIND,20191113,191.65,193.8,186.6,187.35,2058014
EXPLEOSOL,20191113,271,286,271,276.65,3342
FACT,20191113,39.75,39.75,38.35,38.65,44398
FAIRCHEM,20191113,472,490,472,488.65,12338
FCL,20191113,28.5,29.25,27.5,27.65,111624
FCONSUMER,20191113,25.25,25.4,23.85,24.05,1028025
FCSSOFT,20191113,0.2,0.25,0.2,0.2,136636
FDC,20191113,181.95,182.15,175.15,175.75,30124
FEDERALBNK,20191113,83.1,83.85,82.3,82.55,7169868
FEL,20191113,25.35,25.35,23.85,24.2,647424
FELDVR,20191113,24.25,24.25,22.4,22.7,3558
FIEMIND,20191113,363.95,368.45,357.5,358.5,3819
FILATEX,20191113,41,41,37.6,37.85,101182
FINCABLES,20191113,366.65,371,357.1,361.5,56816
FINEORG,20191113,1956,1963,1861.1,1889.5,7599
FINPIPE,20191113,590,590,580.5,585.5,26782
FLEXITUFF,20191113,4,4,3.8,3.8,20628
FLFL,20191113,391,397,382.1,393.45,46916
FLUOROCHEM,20191113,625.1,631.3,598,610.75,47466
FMGOETZE,20191113,582.1,594.55,582.05,590.2,7249
FMNL,20191113,30.4,33.45,30.4,31.65,57033
FORCEMOT,20191113,1085.05,1104.95,1060,1065.45,13613
FORTIS,20191113,158.6,159.4,153.35,156.75,3863541
FOSECOIND,20191113,1378.95,1378.95,1331.55,1339.2,168
FRETAIL,20191113,359.9,363.15,345.15,349,599285
FSC,20191113,476.1,491.9,471,488.85,18632
FSL,20191113,44,44,41.5,41.6,1979534
GABRIEL,20191113,118.25,125.4,118.25,119.6,166418
GAEL,20191113,129,132.35,128,129.2,29418
GAIL,20191113,129.9,129.9,123.25,123.85,19372452
GAL,20191113,1.95,2,1.9,1.95,20422
GALAXYSURF,20191113,1598.95,1612.8,1552.65,1584.9,26998
GALLANTT,20191113,27.45,27.5,26.1,26.15,6480
GALLISPAT,20191113,19,20.5,18.25,19.9,28811
GAMMNINFRA,20191113,0.25,0.3,0.25,0.3,644489
GANDHITUBE,20191113,314,314,293.1,294.4,2380
GANECOS,20191113,270.85,270.9,260.2,262.75,4106
GANESHHOUC,20191113,36.8,36.8,33.95,34.6,20415
GANGESSECU,20191113,41,41.45,37.05,40,2603
GARDENSILK,20191113,11.1,11.45,10.9,11,13750
GARFIBRES,20191113,1282,1285,1213.6,1219.4,25309
GATI,20191113,58,59.45,57.5,58.75,913797
GAYAHWS,20191113,0.25,0.3,0.2,0.25,730763
GAYAPROJ,20191113,106.9,106.9,92.5,94.95,237781
GDL,20191113,87,88.2,83.35,83.85,147219
GEECEE,20191113,91.45,91.5,85.6,86.25,6948
GENESYS,20191113,79.3,79.95,72,73.15,32074
GENUSPAPER,20191113,5.25,5.25,5.05,5.05,28313
GENUSPOWER,20191113,25,25.1,22.7,23.85,96353
GEOJITFSL,20191113,29.45,29.45,28.65,28.75,60950
GEPIL,20191113,702,702.3,681.1,685,17514
GESHIP,20191113,298,306.2,298,303,107086
GET&D,20191113,168.9,189.95,158.1,179,178717
GFLLIMITED,20191113,83,83,80.2,80.9,33743
GHCL,20191113,209,209,206.3,207.8,84775
GICHSGFIN,20191113,159.55,163.9,156.5,157.2,97635
GICRE,20191113,273.8,286.7,265,270.55,1030476
GILLANDERS,20191113,33.8,33.8,30.05,31.9,2965
GILLETTE,20191113,7242.1,7373.9,7188.05,7237.6,4726
GINNIFILA,20191113,8.8,9.2,8.45,8.45,28770
GIPCL,20191113,69,69.9,66,66.4,118584
GISOLUTION,20191113,3.4,3.4,3.4,3.4,110
GKWLIMITED,20191113,727.7,730.55,725.1,729.95,145
GLAXO,20191113,1621,1634.95,1591.2,1604.8,40954
GLENMARK,20191113,292.1,292.35,272.25,274.8,2511009
GLFL,20191113,1,1,1,1,20
GLOBALVECT,20191113,52,52.6,51.85,51.85,8208
GLOBOFFS,20191113,6.15,6.25,6,6.05,2759
GLOBUSSPR,20191113,149,160.9,144,145.05,1438266
GMBREW,20191113,415.05,428.9,412.65,413.95,33040
GMDCLTD,20191113,62.5,64,61.8,62.1,121786
GMMPFAUDLR,20191113,1489,1555,1475,1545.15,38915
GMRINFRA,20191113,21.8,22.05,20.8,21.05,20319560
GNA,20191113,267.1,273.7,262.2,264,35232
GNFC,20191113,202.6,202.85,195.75,197.05,192252
GOACARBON,20191113,215.05,225,212.05,217.75,8061
GOCLCORP,20191113,294.95,296,279.3,283.8,5940
GODFRYPHLP,20191113,1164,1271,1164,1249.65,361277
GODREJAGRO,20191113,486,486,475.3,479.1,99596
GODREJCP,20191113,733,743.1,720,729.35,688455
GODREJIND,20191113,444,459,426.35,430.4,422091
GODREJPROP,20191113,947,950,926.75,933.8,854833
GOKEX,20191113,85.95,85.95,82.3,83.35,32071
GOKUL,20191113,12.9,13.05,12.25,13,5066
GOKULAGRO,20191113,13.25,13.7,13.25,13.7,848
GOLDBEES,20191113,3395,3395,3350.55,3382.55,14117
GOLDENTOBC,20191113,34,35.75,34,35.75,7505
GOLDIAM,20191113,131,136.7,126.5,131.3,74170
GOLDSHARE,20191113,3351,3390,3351,3386.1,651
GOLDTECH,20191113,9.5,9.8,9,9.35,12990
GOODLUCK,20191113,53,54,51.25,52.05,6865
GPIL,20191113,145.7,151.55,140.9,141.55,48046
GPPL,20191113,81.75,84.3,81.75,82.4,740060
GPTINFRA,20191113,40.95,44,39.55,42.15,3111
GRANULES,20191113,120.3,121.95,117,119.15,819857
GRAPHITE,20191113,301.25,313.9,298.2,308.55,2670091
GRASIM,20191113,760,768.85,736.25,739.55,2160990
GRAVITA,20191113,47.3,49.5,43.55,44.6,191074
GREAVESCOT,20191113,134.9,140.85,133.25,137.25,325798
GREENLAM,20191113,1032,1036.5,985,1013.9,4808
GREENPANEL,20191113,53.2,53.2,45,48.35,815608
GREENPLY,20191113,156.35,163.95,156.35,161.35,54986
GREENPOWER,20191113,1.7,1.7,1.7,1.7,16184
GRINDWELL,20191113,599.85,600.35,587.1,597.45,19648
GROBTEA,20191113,305,315,288,301.65,56
GRPLTD,20191113,850.05,850.05,820,820.9,507
GRSE,20191113,224,227.2,218.05,219.1,247040
GSCLCEMENT,20191113,19.9,20.35,19.5,19.55,29525
GSFC,20191113,75.75,76.55,73.6,73.8,311766
GSKCONS,20191113,8881,8961,8880,8940.8,16951
GSPL,20191113,214.1,219,212.7,217.05,668708
GSS,20191113,35,37.4,34.3,36.55,19483
GTL,20191113,1.45,1.45,1.4,1.4,106355
GTLINFRA,20191113,0.45,0.45,0.4,0.4,1017884
GTNIND,20191113,5.6,6.6,5.6,5.65,7692
GTPL,20191113,70.05,71.65,65,67.15,35289
GUFICBIO,20191113,68.2,69.4,67.3,69,38182
GUJALKALI,20191113,411,420.9,411,415.05,41646
GUJAPOLLO,20191113,131,135.8,131,132.9,658
GUJGASLTD,20191113,199,204.6,197.1,198.6,812531
GUJRAFFIA,20191113,7.2,7.55,7.2,7.55,184
GULFOILLUB,20191113,864.9,864.9,803.3,809.1,7455
GULFPETRO,20191113,39.15,40.5,39.05,39.95,15441
GULPOLY,20191113,41.1,42.15,39.55,40.05,10782
GVKPIL,20191113,4.5,4.6,4.45,4.45,932178
HAL,20191113,795,823.45,792.35,803.2,143966
HARITASEAT,20191113,434.15,440.05,434,435.4,787
HARRMALAYA,20191113,49,50.3,48.45,48.9,66192
HATHWAY,20191113,20.9,21,20.15,20.3,187235
HATSUN,20191113,580,612.7,580,591.05,29715
HAVELLS,20191113,693.5,704.1,671.7,674.3,1229427
HAVISHA,20191113,0.65,0.65,0.65,0.65,1121
HBLPOWER,20191113,17.1,17.5,16.8,16.9,129678
HCC,20191113,8.2,8.65,7.8,7.95,2915574
HCG,20191113,113.5,118.1,111.55,113.25,8679
HCL-INSYS,20191113,7.95,7.95,7.35,7.5,204487
HCLTECH,20191113,1150,1156.1,1134.7,1138.6,1689175
HDFC,20191113,2227.95,2231.95,2195.45,2207.45,2791867
HDFCAMC,20191113,3385,3650,3376.05,3595.95,1766176
HDFCBANK,20191113,1261.95,1270,1253.6,1257.55,4646748
HDFCLIFE,20191113,572,593,572,589.15,6532837
HDFCMFGETF,20191113,3441,3458,3432.05,3449.65,7772
HDFCNIFETF,20191113,1245.05,1252.93,1239.61,1240.62,374
HDFCSENETF,20191113,4265,4265,4228.89,4254.38,19
HDIL,20191113,2.1,2.1,2.1,2.1,782428
HEG,20191113,1017.55,1078.8,1012,1066,878028
HEIDELBERG,20191113,195,195,188.2,188.8,194999
HERCULES,20191113,94.95,95.45,90.05,92.05,28372
HERITGFOOD,20191113,327.5,327.5,318.2,325,58070
HEROMOTOCO,20191113,2585,2627.7,2575.4,2589.1,692298
HESTERBIO,20191113,1625,1636.05,1595,1600.45,2907
HEXATRADEX,20191113,13,13,11.8,11.95,35093
HEXAWARE,20191113,342.7,342.7,327.2,330.1,955444
HFCL,20191113,17,18.1,16.95,17.55,5856989
HGINFRA,20191113,198.95,231,194.05,222.85,389227
HGS,20191113,606,623.95,605.1,614.95,34566
HIKAL,20191113,114.8,114.8,107,109.5,318765
HIL,20191113,1115.1,1124.9,1090,1094.1,10423
HILTON,20191113,15.55,15.55,15.55,15.55,9770
HIMATSEIDE,20191113,137,138.6,133,134,79830
HINDALCO,20191113,197.05,201.95,192.35,193.15,13457979
HINDCOMPOS,20191113,182,184,175.05,177.4,2613
HINDCOPPER,20191113,40.8,41,38.75,39.2,646793
HINDMOTORS,20191113,6.05,6.1,5.5,5.5,103881
HINDNATGLS,20191113,35.95,35.95,34.25,34.35,3505
HINDOILEXP,20191113,97.7,97.7,93.4,93.95,155890
HINDPETRO,20191113,296.9,299.5,288,291.3,5844574
HINDUNILVR,20191113,2084,2094.9,2072.45,2091,868433
HINDZINC,20191113,210.3,210.9,208,208.6,378032
HIRECT,20191113,199.9,219.4,199.9,212.35,447712
HISARMETAL,20191113,60.7,64.5,53.55,56.9,5344
HITECH,20191113,157.2,166.85,151.5,152.55,51617
HITECHCORP,20191113,93,93,85.1,86.2,914
HITECHGEAR,20191113,184.75,185,175.2,177.65,3831
HMVL,20191113,78.5,80.7,75.85,79.7,19977
HNDFDS,20191113,650,672.2,640,663.7,4984
HNGSNGBEES,20191113,3300.01,3300.01,2988,3130.2,644
HONAUT,20191113,27764.9,27764.9,27500,27517.85,1424
HONDAPOWER,20191113,1340,1341,1282.5,1290.8,5616
HOTELEELA,20191113,7.55,8,7.5,7.55,479978
HOVS,20191113,59.9,61.75,59.2,60.25,4818
HPL,20191113,44.6,46.4,44.5,44.65,33822
HSCL,20191113,72.15,73.25,65.75,66.75,973884
HSIL,20191113,49.3,50.5,48.15,48.7,95742
HTMEDIA,20191113,17.25,17.4,16.55,16.65,221539
HUBTOWN,20191113,14,14.6,13.55,14,60555
HUDCO,20191113,42,42.25,41.05,41.35,1347652
IBMFNIFTY,20191113,124.08,124.08,117,117.49,494
IBREALEST,20191113,76,79.7,75,77.75,4004509
IBULHSGFIN,20191113,241,245.6,215.2,218.25,47625825
IBULISL,20191113,93.5,93.5,84.85,85.65,278956
IBVENTURES,20191113,144,148.7,136.6,147.6,1612798
ICICI500,20191113,156.7,157.42,156,156.17,4058
ICICIB22,20191113,35.5,35.87,35,35.03,468262
ICICIBANK,20191113,496.8,497.5,483.3,485.75,24272664
ICICIBANKN,20191113,310.4,312.95,305.8,306.86,83021
ICICIBANKP,20191113,172.85,172.85,168.81,169.99,2332
ICICIGI,20191113,1345.2,1369,1342.95,1365.5,602252
ICICIGOLD,20191113,34.35,34.75,34.3,34.6,16761
ICICILIQ,20191113,1200,1200,992.85,1000,7728
ICICILOVOL,20191113,94.8,94.8,92.11,92.51,1285
ICICIMCAP,20191113,64.73,65,64,64.06,5814
ICICINF100,20191113,129.53,129.53,128.3,128.51,1033
ICICINIFTY,20191113,125.8,125.8,123.52,124.48,502347
ICICINV20,20191113,57.9,57.9,57.09,57.28,3848
ICICINXT50,20191113,29.2,29.2,28.52,28.55,13874
ICICIPRULI,20191113,531.95,537.3,526.15,529.2,3677384
ICICISENSX,20191113,426,439,425.86,426.4,1007
ICIL,20191113,55.25,55.25,52.25,52.75,324138
ICRA,20191113,2500,2900,2500,2777.2,1934
IDBI,20191113,33.8,33.95,32,32.15,2343089
IDBIGOLD,20191113,3519,3522,3491,3507.55,470
IDEA,20191113,3.75,4,3.65,3.7,219386908
IDFC,20191113,33.6,35.9,33.6,34.15,9499721
IDFCFIRSTB,20191113,42.6,42.7,41.7,41.85,9870946
IDFNIFTYET,20191113,122.8,124.69,118.75,122.66,42
IEX,20191113,140,144,139.1,142.05,130603
IFBAGRO,20191113,417.55,430,411.4,413.1,5581
IFBIND,20191113,735.25,769,735,737.05,21721
IFCI,20191113,7.9,8,7.55,7.6,1775627
IFGLEXPOR,20191113,149.05,150,145,148.8,33330
IGARASHI,20191113,235,245.7,232.65,243.75,95983
IGL,20191113,427,430.5,421.4,423.1,2580101
IGPL,20191113,152.75,152.75,143.3,144.65,20161
IIFL,20191113,135.5,146.8,135.05,140.75,268395
IIFLSEC,20191113,26.45,26.45,25.25,25.65,82122
IIFLWAM,20191113,1248,1248,1211,1235.15,13525
IITL,20191113,63,63,62.7,62.75,300
IMFA,20191113,202.75,202.75,192.05,193.85,11566
IMPAL,20191113,615.1,644,608,617.85,2322
IMPEXFERRO,20191113,0.3,0.3,0.3,0.3,150
INDBANK,20191113,7.55,7.75,7.4,7.5,23439
INDHOTEL,20191113,151,157.9,148.5,155.9,4819293
INDIACEM,20191113,84.25,84.35,82.5,82.55,1008622
INDIAGLYCO,20191113,236.6,239.7,226,227.05,114317
INDIAMART,20191113,2012.1,2100,1980,2001.4,173879
INDIANB,20191113,122.65,123.2,117.45,118.9,1432439
INDIANCARD,20191113,106.45,110.45,106,110.45,167
INDIANHUME,20191113,243.9,246.75,234,236.6,33029
INDIGO,20191113,1482,1494.95,1466.4,1477.55,898600
INDLMETER,20191113,24.45,24.55,23,23.95,14978
INDNIPPON,20191113,337.95,338.8,324,328.45,4190
INDOCO,20191113,148.4,148.4,140,140.85,35474
INDORAMA,20191113,26,26.85,26,26.35,5570
INDOSTAR,20191113,193.7,193.7,182.25,184.8,162755
INDOTECH,20191113,90.75,106.35,88.75,106.35,82309
INDOTHAI,20191113,25.5,25.5,22.6,23.3,6913
INDOWIND,20191113,3.15,3.35,3.15,3.15,65820
INDRAMEDCO,20191113,42.45,43.4,41.3,41.5,97530
INDSWFTLAB,20191113,30.45,30.45,27.6,27.75,83747
INDSWFTLTD,20191113,4.1,4.1,3.8,3.85,6482
INDTERRAIN,20191113,70.55,75.95,67.2,70.7,5832
INDUSINDBK,20191113,1445,1462.45,1408.55,1414.2,4578522
INEOSSTYRO,20191113,675.65,677.05,666.45,671.95,8408
INFIBEAM,20191113,45.25,46,44.35,45.25,2011426
INFOBEAN,20191113,67.15,69.3,67,67,14246
INFRABEES,20191113,336,337.43,320.18,320.18,1208
INFRATEL,20191113,221.9,221.9,216.05,218.2,4721406
INFY,20191113,696.5,700,687.75,691.35,9973690
INGERRAND,20191113,613.55,618,609,610.6,6215
INOXLEISUR,20191113,365.35,365.65,353.9,354.85,604150
INOXWIND,20191113,34.45,34.45,33.1,33.5,63029
INSECTICID,20191113,560.95,571,545.2,554.75,56328
INSPIRISYS,20191113,44.45,44.45,41.5,41.7,7957
INTELLECT,20191113,151.55,155.4,148.15,150.6,399083
INTENTECH,20191113,31.45,31.45,29.6,29.95,17158
INVENTURE,20191113,14,14,11.75,13,55812
IOB,20191113,10.15,10.25,9.95,10,588789
IOC,20191113,135.6,135.6,133.15,133.85,5808305
IOLCP,20191113,212,212.5,202.15,202.8,410145
IPAPPM,20191113,309,312,307.55,308.95,3578
IPCALAB,20191113,1051,1098,1051,1089.95,381608
IRB,20191113,73,74.3,71.55,73.05,3690618
IRCON,20191113,435.7,448,427,437.45,240965
IRCTC,20191113,955,980.9,903.2,932.05,6174470
ISEC,20191113,302,320,298.6,317.45,335086
ISFT,20191113,90.75,91.45,87.15,87.4,1717
ISMTLTD,20191113,4.2,4.25,3.9,3.9,33329
ITC,20191113,258.9,259.25,253.15,253.85,10269356
ITDC,20191113,379.5,381,366.15,368.45,101847
ITDCEM,20191113,56.1,56.9,53.35,53.45,224012
ITI,20191113,90.7,90.7,86.4,87.15,740810
IVC,20191113,3.95,4.1,3.8,3.8,428431
IVP,20191113,59.5,59.5,57.65,58.9,111
IVZINGOLD,20191113,3431,3431,3431,3431,1
IZMO,20191113,31.15,33.6,31.15,33.05,5210
J&KBANK,20191113,31.7,31.8,30.95,31.05,482991
JAGRAN,20191113,54.25,57.4,53.5,54.75,1349149
JAGSNPHARM,20191113,27,27.55,26.5,26.75,7027
JAIBALAJI,20191113,21,22.15,20.25,20.4,6180
JAICORPLTD,20191113,98.85,101.45,96.8,97.55,1946337
JAINSTUDIO,20191113,1.8,1.8,1.75,1.75,470
JAMNAAUTO,20191113,44.6,44.95,43.55,43.65,908406
JASH,20191113,149,149.9,131.5,138.2,3671
JAYAGROGN,20191113,133.1,136.4,131,133,4271
JAYBARMARU,20191113,216.6,219.45,212,213.55,207618
JAYNECOIND,20191113,3.8,3.9,3.7,3.7,30430
JAYSREETEA,20191113,50.15,50.45,49.05,49.6,27713
JBCHEPHARM,20191113,408.4,408.95,393.3,395.7,218610
JBFIND,20191113,7.2,7.4,7,7.1,31456
JBMA,20191113,227.9,227.9,223,224.75,31641
JCHAC,20191113,1956.05,1978.65,1910.05,1913.95,3187
JHS,20191113,17.5,17.95,16.45,16.7,29434
JIKIND,20191113,0.4,0.4,0.3,0.4,39917
JINDALPHOT,20191113,13,14,13,14,1500
JINDALPOLY,20191113,224.05,228.7,224,225.85,12118
JINDALSAW,20191113,83.45,84.25,81.35,81.65,361449
JINDALSTEL,20191113,151.7,153.05,140.8,142.15,31554355
JINDCOT,20191113,1.65,1.7,1.6,1.7,2117
JINDRILL,20191113,80,83.55,77,79.65,16642
JINDWORLD,20191113,60.95,62.6,58,58.95,122267
JISLDVREQS,20191113,11.3,11.3,10.75,10.75,26261
JISLJALEQS,20191113,14,14.85,13.85,13.95,2205640
JITFINFRA,20191113,6.75,6.75,6.5,6.5,3743
JIYAECO,20191113,38.7,38.7,36.05,36.6,184799
JKCEMENT,20191113,1160.45,1186,1150,1182.1,72797
JKIL,20191113,154.35,157.5,151.5,155.95,152544
JKLAKSHMI,20191113,311,311,300,300.5,83162
JKPAPER,20191113,117.85,119.85,116.1,116.65,701109
JKTYRE,20191113,69.3,69.7,68.15,68.3,369815
JMA,20191113,24,25.35,22.75,24.5,1204
JMCPROJECT,20191113,113.5,114.95,106.95,110.9,68629
JMFINANCIL,20191113,89.25,91.2,87.75,88.7,473241
JMTAUTOLTD,20191113,1.5,1.5,1.4,1.5,251048
JOCIL,20191113,106.45,107.5,102.25,105.15,5844
JPASSOCIAT,20191113,2.15,2.2,2.1,2.1,4664951
JPINFRATEC,20191113,1.3,1.35,1.3,1.3,621079
JPOLYINVST,20191113,11,11,10.5,11,1081
JPPOWER,20191113,1.1,1.15,1.05,1.05,5179274
JSL,20191113,38,39.45,36.35,36.7,1496710
JSLHISAR,20191113,70.8,74.75,70.7,71.2,272507
JSWENERGY,20191113,73.1,74.25,71.1,71.8,775363
JSWHL,20191113,2554,2573,2450,2481.8,1362
JSWSTEEL,20191113,251.5,254.7,247.35,248.75,6493201
JTEKTINDIA,20191113,86.7,86.7,81.55,82.3,51827
JUBILANT,20191113,539.7,541.15,514.15,519.9,146397
JUBLFOOD,20191113,1623.3,1629.7,1569.3,1577.9,834228
JUBLINDS,20191113,102,106.5,97.3,98.95,10048
JUMPNET,20191113,72.2,73.7,72.2,72.95,809290
JUNIORBEES,20191113,297,297.94,291,294.21,318180
JUSTDIAL,20191113,552.8,552.8,506,512.55,6380253
JYOTHYLAB,20191113,178,180,174.4,177.2,291581
KABRAEXTRU,20191113,71.05,71.05,65.55,66.1,6407
KAJARIACER,20191113,529.2,529.75,518.25,520.15,556715
KAKATCEM,20191113,153,156.7,151,152.45,8340
KALPATPOWR,20191113,457.45,457.9,440.15,450.15,68680
KALYANIFRG,20191113,165.05,167,158.15,159.45,1459
KAMATHOTEL,20191113,35.6,36.4,35.05,35.5,158351
KAMDHENU,20191113,105.3,107.45,98.55,100.2,29648
KANANIIND,20191113,2.65,2.65,2.65,2.65,5
KANORICHEM,20191113,43.4,44.4,42.15,43.2,14505
KANSAINER,20191113,543,545,538.9,541.7,85576
KARDA,20191113,159.6,164,153,158.35,29255
KARMAENG,20191113,9.7,9.9,8.3,9.15,13920
KARURVYSYA,20191113,58.05,59.55,56.9,57.05,1054209
KAUSHALYA,20191113,0.55,0.55,0.5,0.55,12156
KAYA,20191113,402.35,407.5,376.25,385.2,8156
KCP,20191113,65.15,65.3,62.3,62.5,103619
KCPSUGIND,20191113,14.4,14.4,13.7,13.75,209213
KDDL,20191113,349.4,349.4,305,315.55,1691
KEC,20191113,276.85,279.95,268.75,277.9,601891
KECL,20191113,11.05,11.55,11.05,11.05,52269
KEI,20191113,550,551.35,535.3,540.65,297200
KELLTONTEC,20191113,17,17.3,16.5,16.8,43387
KENNAMET,20191113,1071,1098,1050,1073.9,11926
KERNEX,20191113,21.8,22.1,21.8,22.1,250
KESARENT,20191113,31.25,31.25,31.25,31.25,1797
KESORAMIND,20191113,63.35,64.8,60.6,61.2,410140
KGL,20191113,0.45,0.45,0.4,0.45,659478
KHADIM,20191113,222.5,226.7,215,217.4,35142
KHAITANLTD,20191113,18.9,18.9,18.9,18.9,57
KICL,20191113,1603.05,1618.95,1570,1574.4,339
KILITCH,20191113,135,137.55,130.6,132.1,8215
KINGFA,20191113,648,690,648,663.15,1919
KIOCL,20191113,130.95,131.05,118.25,122.8,109972
KIRIINDUS,20191113,393,396.95,380,381.95,180464
KIRLFER,20191113,60.2,65.95,60.2,64,4993
KIRLOSBROS,20191113,146.35,148.35,143.05,145.35,11017
KIRLOSENG,20191113,171,174.45,168.05,170.85,11339
KIRLOSIND,20191113,664.5,664.5,630,641.35,805
KITEX,20191113,105,108.4,103.55,105.25,271753
KKCL,20191113,992.5,999,990,993.35,146
KMSUGAR,20191113,7,7.2,6.8,6.9,199453
KNRCON,20191113,238.8,238.8,230.15,231.05,45248
KOHINOOR,20191113,12.5,12.5,12.15,12.25,33926
KOKUYOCMLN,20191113,72.85,75.1,71.3,72.15,30807
KOLTEPATIL,20191113,264.75,264.75,245.3,249.45,59480
KOPRAN,20191113,28.85,28.85,28.3,28.35,16770
KOTAKBANK,20191113,1617,1628,1601.1,1605.8,2603834
KOTAKBKETF,20191113,318,319,312.07,313.23,28745
KOTAKGOLD,20191113,335.4,336.8,335,335.45,53221
KOTAKNIFTY,20191113,123.39,123.55,122.17,122.34,24139
KOTAKNV20,20191113,58.83,58.83,58.01,58.4,14168
KOTAKPSUBK,20191113,245,245,236.51,237.86,1833
KOTARISUG,20191113,10.9,11.9,10.5,10.75,68158
KOTHARIPET,20191113,16.95,17.1,16.35,16.65,9087
KOTHARIPRO,20191113,64.95,64.95,61.35,61.5,1966
KPITTECH,20191113,91,93,87.1,91.25,248986
KPRMILL,20191113,653.05,668,652.85,657.15,40403
KRBL,20191113,206.7,211.5,195,201.7,201389
KREBSBIO,20191113,80.95,91,80.95,87.05,453
KRIDHANINF,20191113,5.55,5.55,5.4,5.5,132945
KRISHANA,20191113,53,53,52,52,102
KSB,20191113,710,717.05,690,707.7,6045
KSCL,20191113,538.4,550,522,541.5,230830
KSERASERA,20191113,0.1,0.1,0.05,0.1,237055
KSK,20191113,0.65,0.65,0.65,0.65,520318
KSL,20191113,215,222.25,210.55,211.5,54533
KTIL,20191113,33.95,33.95,30.7,31.15,5604
KTKBANK,20191113,77.25,77.25,75.1,75.95,811668
KUANTUM,20191113,437,472,432.65,452.8,517
KWALITY,20191113,3.45,3.45,3.45,3.45,889459
L&TFH,20191113,99.15,100.4,95.1,95.6,7892528
LAKSHVILAS,20191113,19,20.1,18.65,18.65,3784356
LALPATHLAB,20191113,1480,1510,1473.25,1503,387616
LAMBODHARA,20191113,32.5,33.95,30.9,32.3,26313
LAOPALA,20191113,155.1,157.05,146,150.15,95230
LASA,20191113,18.7,18.7,18.25,18.7,94281
LAURUSLABS,20191113,370,370,359.5,361.1,48522
LAXMIMACH,20191113,3391.15,3392.05,3309,3315.25,10724
LEMONTREE,20191113,58.3,59,57.15,57.6,271926
LFIC,20191113,55.1,55.1,50.2,51,131
LGBBROSLTD,20191113,285,289.95,273.05,276.4,7004
LGBFORGE,20191113,2.25,2.4,2.25,2.3,32293
LIBAS,20191113,48.05,52.5,48.05,52.5,2173
LIBERTSHOE,20191113,139.75,140.75,128.2,129.1,337806
LICHSGFIN,20191113,440,443.85,417.45,419.95,2349598
LICNETFGSC,20191113,21.86,22.98,20.3,20.64,3525
LICNETFN50,20191113,125.25,125.25,122.36,124.45,140
LICNFNHGP,20191113,125,127,125,125.5,83
LINCOLN,20191113,175.9,184,170.85,172.55,59269
LINCPEN,20191113,199.95,204.95,192,192.8,1208
LINDEINDIA,20191113,575.25,598.3,575.25,594.6,112478
LIQUIDBEES,20191113,995.55,1000.01,995.55,1000,1046781
LIQUIDETF,20191113,999.99,1000.01,999.99,1000,55403
LOKESHMACH,20191113,34.9,35.45,33.1,34.15,14482
LOTUSEYE,20191113,21.25,23.45,21.05,23.2,12333
LOVABLE,20191113,68.75,68.8,65,65.45,10270
LPDC,20191113,1.8,1.85,1.75,1.85,1647
LSIL,20191113,0.55,0.6,0.5,0.5,1144247
LT,20191113,1418.45,1419.85,1389.05,1393,2929404
LTI,20191113,1629.5,1664,1629.5,1650.05,104204
LTTS,20191113,1450.05,1460,1425,1429.35,100460
LUMAXIND,20191113,1251.65,1273.75,1251,1259.95,2775
LUMAXTECH,20191113,97.1,102.8,97.1,100.5,17411
LUPIN,20191113,754,758.8,727,730.35,3036458
LUXIND,20191113,1220.8,1279.8,1214,1252.9,48758
LYKALABS,20191113,17.5,17.5,16.7,16.9,33914
LYPSAGEMS,20191113,4.65,4.85,4.15,4.45,8058
M&M,20191113,574,580.9,572,574.7,3342543
M&MFIN,20191113,331.3,337.9,323.1,326.15,1755456
M100,20191113,17.59,17.72,17.41,17.53,26141
M50,20191113,116.83,116.83,115.85,115.85,956
MAANALU,20191113,61,64.35,61,62.05,2464
MADHAV,20191113,22.75,23.9,22.75,23.5,3685
MADHUCON,20191113,5.05,5.15,5,5.1,19313
MADRASFERT,20191113,20,20,19.6,19.65,69743
MAGADSUGAR,20191113,106.65,107.45,100.05,100.7,29654
MAGMA,20191113,48.5,49.85,45.1,45.6,159610
MAGNUM,20191113,3.45,3.75,3.45,3.75,1134
MAHABANK,20191113,11.55,11.7,11.25,11.35,423698
MAHAPEXLTD,20191113,88.2,88.2,80.05,87.95,4931
MAHASTEEL,20191113,158.55,166,158,162.45,46256
MAHESHWARI,20191113,233,289.95,233,241.1,21313
MAHINDCIE,20191113,148.95,149.55,141.4,143.8,281950
MAHLIFE,20191113,390,400,383,397.55,21854
MAHLOG,20191113,396,400,386.1,391.4,45745
MAHSCOOTER,20191113,4802,4840,4730,4802.2,5928
MAHSEAMLES,20191113,368.55,370,362.05,366.8,4057
MAITHANALL,20191113,436,444,435.1,436.45,8979
MAJESCO,20191113,411,415.05,408,410.45,23774
MALUPAPER,20191113,23.6,23.95,22.6,22.65,15181
MAN50ETF,20191113,120.35,120.35,120.35,120.35,7
MANAKALUCO,20191113,5.1,5.1,4.65,4.85,3856
MANAKCOAT,20191113,3.9,4.05,3.85,3.9,1382
MANAKSIA,20191113,40.5,40.8,39.25,39.55,63724
MANAKSTEEL,20191113,10.55,10.75,10.25,10.4,4588
MANALIPETC,20191113,18.1,18.1,17.3,17.35,214092
MANAPPURAM,20191113,166.9,166.9,161.9,163,3068182
MANGALAM,20191113,31.3,34.45,31.3,33.35,6816
MANGCHEFER,20191113,29.35,29.65,28.85,29.25,24036
MANGLMCEM,20191113,293,296.5,281.55,286.3,181613
MANGTIMBER,20191113,5.4,5.6,5.1,5.1,2568
MANINDS,20191113,45.45,45.5,43.5,44,44465
MANINFRA,20191113,23.3,24.3,23,23.1,197438
MANUGRAPH,20191113,14,14.65,14,14,4629
MARALOVER,20191113,18.65,19,17.75,19,3571
MARATHON,20191113,77.55,81.75,77.55,78.9,3072
MARICO,20191113,371.3,374.35,363.85,366.45,2924211
MARKSANS,20191113,15.6,15.9,14.6,14.75,1097410
MARUTI,20191113,7130,7169.85,7095,7154.6,687017
MASFIN,20191113,738,738,702.55,710.2,4839
MASTEK,20191113,324.05,328.1,318.2,320.7,25905
MATRIMONY,20191113,498,504,493.3,495.4,147763
MAWANASUG,20191113,35.75,35.75,28.6,32.85,191946
MAXINDIA,20191113,75,77.35,74.1,74.4,493984
MAXVIL,20191113,37.6,38.25,37,37.3,101717
MAYURUNIQ,20191113,226,230.2,220,223.85,223391
MAZDA,20191113,399,424.4,387.2,393.7,48060
MBAPL,20191113,79.95,79.95,70.05,77.2,2175
MBECL,20191113,4.65,4.65,4.65,4.65,6214
MBLINFRA,20191113,5.1,5.3,4.9,5.05,17941
MCDHOLDING,20191113,18.05,18.25,17.75,17.8,13132
MCDOWELL-N,20191113,627.9,634,617.9,620.15,687275
MCLEODRUSS,20191113,7.65,7.7,7.05,7.1,702855
MCX,20191113,1132.5,1180,1125,1173.45,674303
MEGASOFT,20191113,6.7,6.9,6.55,6.9,7885
MEGH,20191113,57.2,58.9,56.85,57.3,771816
MELSTAR,20191113,0.8,0.8,0.8,0.8,152
MENONBE,20191113,57.3,57.5,54.85,55.05,14319
MEP,20191113,34.25,34.9,33.6,33.95,249614
MERCATOR,20191113,1.35,1.35,1.3,1.3,682581
METALFORGE,20191113,9.75,9.9,9.45,9.45,22152
METROPOLIS,20191113,1426,1434.95,1383.5,1397.5,82621
MFSL,20191113,469,482.85,457.35,472.35,2656610
MGL,20191113,980.4,1046.65,960.1,1003.45,4278979
MHRIL,20191113,229.95,229.95,217,218.7,51232
MIC,20191113,0.8,0.8,0.7,0.75,49223
MIDHANI,20191113,171.35,183.65,171,174.2,1586815
MINDACORP,20191113,93.5,102.2,85.65,91.5,292648
MINDAIND,20191113,336.8,336.8,324,326.9,248006
MINDTECK,20191113,34.25,34.4,32.1,32.95,2767
MINDTREE,20191113,685.1,687.4,678.1,682.55,374844
MIRCELECTR,20191113,8.5,8.5,7.9,8,194028
MIRZAINT,20191113,60,60.2,57.8,58.1,300204
MMFL,20191113,415,417.05,402.1,412.05,4720
MMTC,20191113,19.5,19.7,18.8,19.05,954084
MODIRUBBER,20191113,41.8,41.8,40.45,40.5,576
MOHITIND,20191113,5.35,5.7,5.35,5.7,435
MOHOTAIND,20191113,8.75,8.75,8.1,8.1,10055
MOIL,20191113,145.85,148.45,145.5,146.35,331483
MOLDTECH,20191113,49.5,49.65,47.1,48.85,4233
MOLDTKPAC,20191113,287.4,290.8,275,278.15,38637
MONTECARLO,20191113,236.1,241,236,239.2,9562
MORARJEE,20191113,13,13.95,12.8,13.6,1308
MOREPENLAB,20191113,17.25,17.9,15.9,16.35,1318321
MOTHERSUMI,20191113,134.2,136.45,132.75,134.45,13311393
MOTILALOFS,20191113,671.25,687.85,662.55,670.05,87018
MOTOGENFIN,20191113,37.35,37.35,33.85,34,1518
MPHASIS,20191113,897,899.45,882.1,891.35,143355
MPSLTD,20191113,510.35,514.55,510,510,7544
MRF,20191113,63380,63380,62400,62959.15,4688
MRO-TEK,20191113,27.05,28.45,26.9,28.45,1058
MRPL,20191113,48.3,49.2,48,48.1,224301
MSPL,20191113,6.7,6.7,6.25,6.4,13296
MSTCLTD,20191113,155.8,184.85,155.8,174.5,4263131
MTEDUCARE,20191113,21.4,21.4,19.4,19.4,36298
MTNL,20191113,11.15,11.15,11.15,11.15,174026
MUKANDENGG,20191113,11.35,12.3,11.35,12,1810
MUKANDLTD,20191113,35.95,35.95,30.75,32,27379
MUKTAARTS,20191113,41.1,41.95,38.7,39.1,30268
MUNJALAU,20191113,46,46,43.1,43.65,88272
MUNJALSHOW,20191113,132,134,129.25,130.2,6696
MURUDCERA,20191113,16.1,19.3,16.05,16.9,324083
MUTHOOTCAP,20191113,446,452,443.55,448.05,7136
MUTHOOTFIN,20191113,669.3,672.35,647.5,650.1,597227
MVL,20191113,0.1,0.1,0.05,0.05,181429
N100,20191113,589.7,628,578,580.03,13589
NACLIND,20191113,25.65,27.25,25.65,26.9,168846
NAGAFERT,20191113,4.3,4.3,4.3,4.3,47473
NAGAROIL,20191113,0.3,0.35,0.25,0.35,2100721
NAGREEKCAP,20191113,6.7,7.35,6.7,7.35,854
NAGREEKEXP,20191113,14.65,15.35,14.6,14.8,1149
NAHARCAP,20191113,72,83.95,72,78.1,27390
NAHARINDUS,20191113,25.3,26.95,25.3,26.45,11581
NAHARPOLY,20191113,35,37,35,35.7,17500
NAHARSPING,20191113,49,49.05,44.6,45.45,48810
NATCOPHARM,20191113,553,564,552.95,560.15,256480
NATHBIOGEN,20191113,354.05,355,343,344.8,7685
NATIONALUM,20191113,46,46.1,43.2,43.55,9869505
NATNLSTEEL,20191113,2.1,2.1,1.95,2.1,7322
NAUKRI,20191113,2601.05,2685,2571.3,2599.9,909659
NAVINFLUOR,20191113,870,907.9,866.15,890,81768
NAVKARCORP,20191113,34,34.7,33.6,33.95,83649
NAVNETEDUL,20191113,99.95,102,98.5,99,35207
NBCC,20191113,40.95,41.25,39.05,39.15,12592904
NBIFIN,20191113,1390.2,1430,1390.2,1410.1,16
NBVENTURES,20191113,70.4,70.9,58.05,65.6,307343
NCC,20191113,57.8,59.5,55.85,56.15,19923176
NCLIND,20191113,89.6,90,81.3,82.15,304692
NDGL,20191113,568.95,575,568.95,575,207
NDL,20191113,33.8,34.85,32.2,32.9,14205
NDTV,20191113,31.55,32.4,29,30.2,47322
NECCLTD,20191113,5.4,5.4,5,5.3,24683
NECLIFE,20191113,14.65,15.2,14.25,14.8,124676
NELCAST,20191113,41.05,41.5,39.55,39.85,39014
NELCO,20191113,242,246.75,235.15,236.3,50469
NEOGEN,20191113,398,409,389,393.6,31240
NESCO,20191113,600,640,591,605.7,238445
NESTLEIND,20191113,14108.45,14329.6,14070.25,14233.25,66651
NETF,20191113,121,121,119.76,119.76,118
NETFCONSUM,20191113,53.53,54.04,53.33,53.34,870
NETFDIVOPP,20191113,30.08,30.08,29.64,29.7,93
NETFLTGILT,20191113,20.1,20.1,20.03,20.09,3039
NETFMID150,20191113,62.2,62.2,60.81,61.49,318397
NETFNIF100,20191113,125,128,123.3,123.3,82
NETFNV20,20191113,583.17,588.34,579.09,579.24,1460
NETWORK18,20191113,23.2,23.45,22.7,22.8,162856
NEULANDLAB,20191113,508.9,519,501,503.9,59034
NEWGEN,20191113,200,200,185,186.3,32387
NEXTMEDIA,20191113,10.5,10.5,10.25,10.4,2556
NFL,20191113,26.55,26.75,26.05,26.1,276602
NH,20191113,291.4,316.9,290,303.7,630708
NHPC,20191113,23.95,24.25,23.5,23.65,8380504
NIACL,20191113,152.4,159.4,148.55,150.75,823405
NIBL,20191113,8,8,7.3,7.9,824
NIFTYBEES,20191113,1270,1270,1255.1,1256.97,39515
NIFTYEES,20191113,14890,15400,14850,14850,3
NIITLTD,20191113,101.7,103.9,101.7,103.15,554786
NIITTECH,20191113,1573,1578.2,1479.05,1483.2,349897
NILAINFRA,20191113,6.25,6.4,5.05,5.4,1272107
NILASPACES,20191113,1.4,1.4,1.3,1.4,62275
NILKAMAL,20191113,1239,1285,1231,1270.55,18524
NIPPOBATRY,20191113,440.05,531.6,440.05,531.6,22555
NITCO,20191113,22.75,23.95,22.7,23.5,90080
NITINSPIN,20191113,52.25,54.65,49,49.55,79943
NKIND,20191113,24,24,24,24,11
NLCINDIA,20191113,56.1,56.1,54.15,54.3,314966
NMDC,20191113,103.75,107.5,100.25,100.8,10995944
NOCIL,20191113,106.45,107.8,103.6,104.45,442811
NOIDATOLL,20191113,3.95,4.1,3.95,4,5938
NPBET,20191113,173.8,173.8,171.9,171.91,152
NRAIL,20191113,219,225,213,219.3,7887
NRBBEARING,20191113,101,104.3,100.05,100.8,33046
NSIL,20191113,842.25,860,820.3,854.7,1114
NTL,20191113,0.3,0.35,0.3,0.3,4063
NTPC,20191113,117.9,119.25,117.55,118.3,12220298
NUCLEUS,20191113,298.55,306.7,298.55,301.1,8979
NXTDIGITAL,20191113,327.2,331.95,324.05,326.7,731
OAL,20191113,199,200,191.5,191.8,6745
OBEROIRLTY,20191113,518,533.25,515.6,520.4,209778
OCCL,20191113,1005,1005,980.15,982.95,2909
OFSS,20191113,3110,3154.15,3106,3130.1,65881
OIL,20191113,163.75,164.35,160.25,160.7,482386
OILCOUNTUB,20191113,6.35,6.4,6.05,6.1,8774
OISL,20191113,4.25,4.55,4.2,4.25,33717
OLECTRA,20191113,188.75,188.75,182,182.85,47007
OMAXAUTO,20191113,47.8,47.8,43.55,44.25,22001
OMAXE,20191113,185.7,185.75,183.85,184.25,109986
OMKARCHEM,20191113,4.75,5.1,4.7,5.1,37608
OMMETALS,20191113,27.4,27.4,23.35,24.35,117491
ONELIFECAP,20191113,7.2,7.2,7.2,7.2,302
ONEPOINT,20191113,12.05,12.5,11,11.75,7688
ONGC,20191113,139.1,140.4,137.5,138.2,7969923
ONMOBILE,20191113,35.75,36.8,34.2,34.55,124101
ONWARDTEC,20191113,66.9,68.95,66.9,68.7,19551
OPTIEMUS,20191113,38.2,41.8,38.2,41.8,4316
OPTOCIRCUI,20191113,4,4.1,3.95,4.1,332096
ORBTEXP,20191113,82.55,82.55,81,81.95,3216
ORICONENT,20191113,18.85,18.85,18.25,18.45,31689
ORIENTABRA,20191113,18,18.4,17.55,18.2,14492
ORIENTALTL,20191113,13.1,13.55,12.8,13,85423
ORIENTBANK,20191113,52.8,52.8,50.5,50.8,456555
ORIENTBELL,20191113,122.4,125.15,119.25,120.25,6309
ORIENTCEM,20191113,79.45,79.45,75.25,75.45,83784
ORIENTELEC,20191113,192.95,192.95,188.9,190.1,139342
ORIENTHOT,20191113,36,36,32.1,33.9,32324
ORIENTLTD,20191113,99.05,100,96.35,96.65,188
ORIENTPPR,20191113,26.8,27.3,25.05,25.3,663573
ORIENTREF,20191113,211.55,212.9,210,212,11675
ORISSAMINE,20191113,1479.85,1507,1440.1,1455.4,27458
ORTINLABSS,20191113,10.25,10.75,9.25,9.65,7100
OSWALAGRO,20191113,5.55,5.75,5.45,5.45,12741
PAEL,20191113,3.3,3.3,3.2,3.2,2245
PAGEIND,20191113,23987,24140.6,23500,23706.35,19345
PAISALO,20191113,440.05,455,425,433.25,58947
PALASHSECU,20191113,32.9,32.9,27.6,29.85,2020
PALREDTEC,20191113,20.1,20.75,20,20.55,517
PANACEABIO,20191113,132,137.95,132,134.9,24945
PANAMAPET,20191113,69.15,69.15,66,66.2,91929
PAPERPROD,20191113,248.55,250.45,247.7,248.25,13203
PARABDRUGS,20191113,1.45,1.45,1.45,1.45,8964
PARACABLES,20191113,9.5,9.5,8.8,8.9,31938
PARAGMILK,20191113,132.8,133.45,131.6,132.15,96856
PARSVNATH,20191113,2.3,2.35,2.25,2.3,190608
PATELENG,20191113,14.55,15.25,14.45,14.45,203584
PATINTLOG,20191113,22.3,22.5,21.25,22.2,23234
PATSPINLTD,20191113,6.05,6.4,5.5,5.85,3503
PCJEWELLER,20191113,34.4,35.4,33.8,34.6,8045129
PDMJEPAPER,20191113,15.2,16,15.15,15.3,62321
PDPL,20191113,2.45,2.45,2.45,2.45,1943
PDSMFL,20191113,317.45,335.9,313,330,20786
PEARLPOLY,20191113,10.1,10.9,10.1,10.9,25171
PEL,20191113,1769.4,1824.5,1761.55,1810,1516160
PENIND,20191113,28.9,29.9,28.05,28.3,315409
PENINLAND,20191113,4.8,4.8,4.4,4.4,240920
PERSISTENT,20191113,627.7,627.7,618,624.65,126521
PETRONENGG,20191113,6.25,6.55,6.25,6.25,517
PETRONET,20191113,284,285,278,278.7,2609859
PFC,20191113,113,113.6,110.3,110.55,4236165
PFIZER,20191113,3966.25,4088.85,3966.25,4003.15,54840
PFOCUS,20191113,84.45,88.9,81,86.65,396461
PFS,20191113,12.9,13.1,12.65,12.8,497515
PGEL,20191113,42,42.9,40.1,41.25,132185
PGHH,20191113,11208,11299,10940,10980.85,3472
PGHL,20191113,4410,4415.95,4300,4306.4,16753
PGIL,20191113,189,202.8,181,184.05,63945
PHILIPCARB,20191113,122.5,126.75,122.35,124.6,1072301
PHOENIXLTD,20191113,745,745,707.55,725.3,67683
PIDILITIND,20191113,1321,1346.4,1314.6,1324,1386806
PIIND,20191113,1417,1424,1400,1416.15,104851
PILANIINVS,20191113,1844,1844,1785.05,1788.55,3225
PILITA,20191113,6,6.05,5.85,5.85,39231
PIONDIST,20191113,144,147.1,139.1,142.1,8463
PIONEEREMB,20191113,26.1,26.9,24.05,25,4124
PIRPHYTO,20191113,24.5,24.5,23.3,24.5,1858
PITTIENG,20191113,42.7,43.9,41,41.55,41797
PKTEA,20191113,127.05,131.95,127.05,131.9,158
PLASTIBLEN,20191113,179,179,174.9,174.95,1920
PNB,20191113,61.85,62.5,60.05,60.3,16397965
PNBGILTS,20191113,28.45,28.5,28.15,28.3,50037
PNBHOUSING,20191113,563.1,567.75,550,555.35,314817
PNC,20191113,14.7,14.8,14.05,14.35,571
PNCINFRA,20191113,176.8,178.8,172.45,176.9,90334
PODDARHOUS,20191113,370,370,369.95,369.95,26
PODDARMENT,20191113,175.1,179.8,170.4,178.75,2106
POKARNA,20191113,174.8,176,168.3,173,24789
POLYCAB,20191113,881.25,903,880.1,888.55,224409
POLYMED,20191113,215.95,215.95,211.05,212,182022
POLYPLEX,20191113,492.55,504.9,492.55,495.7,42950
PONNIERODE,20191113,158,174,155,164.6,190254
POWERGRID,20191113,192,194.35,188.3,189.25,5319551
POWERMECH,20191113,708.7,710.95,685,686.9,4221
PPAP,20191113,176,181,171,176.75,9345
PPL,20191113,76.25,78.5,75.1,77.9,73518
PRABHAT,20191113,88.1,89,87,87.85,37907
PRADIP,20191113,0.5,0.55,0.45,0.55,54
PRAENG,20191113,8,8.1,7.5,7.65,6572
PRAJIND,20191113,111.5,112.65,108.4,109,586843
PRAKASH,20191113,50.7,51.4,48.65,49.6,307812
PRAKASHSTL,20191113,0.2,0.25,0.2,0.25,109012
PRAXIS,20191113,60.3,64.9,60.3,64.4,11817
PRECAM,20191113,32.4,32.4,30.1,32.05,56233
PRECOT,20191113,30,30,30,30,1
PRECWIRE,20191113,178.3,178.3,153.55,164.25,35885
PREMEXPLN,20191113,160.15,164.5,160.15,162.4,3684
PREMIER,20191113,2.1,2.15,2.1,2.1,15400
PREMIERPOL,20191113,18,21.2,16.2,18.65,3308
PRESSMN,20191113,20.7,21.5,20.3,20.6,15014
PRESTIGE,20191113,309.8,309.8,298,300.6,98772
PRICOLLTD,20191113,32.55,33.95,32.5,33.65,111130
PRIMESECU,20191113,47.95,48.5,41.95,46.55,65356
PROSEED,20191113,0.3,0.35,0.25,0.25,85683
PROVOGE,20191113,0.7,0.7,0.7,0.7,41016
PROZONINTU,20191113,19.8,21,19.8,20.15,16839
PRSMJOHNSN,20191113,72.5,72.95,68.1,69.65,293816
PSB,20191113,18.8,19.25,18.7,18.75,48372
PSL,20191113,0.6,0.7,0.6,0.7,11150
PSPPROJECT,20191113,549.7,549.7,517.1,521.4,24046
PSUBNKBEES,20191113,270.7,272.33,262.15,263.21,6180
PTC,20191113,58.15,58.2,56.4,56.75,454648
PTL,20191113,37,37.85,35.7,36.25,16490
PUNJABCHEM,20191113,525.05,528,510,514.95,388
PURVA,20191113,63,63.6,60.65,61.1,66795
PVR,20191113,1771.7,1771.7,1728,1735,313684
QGOLDHALF,20191113,1672,1684,1671,1682,2331
QNIFTY,20191113,1223,1223,1216,1216.5,59
QUESS,20191113,529,550.95,517.55,544.85,288449
QUICKHEAL,20191113,138.8,140.9,132.35,133.8,135335
RADICO,20191113,324.9,331.85,320,320.85,236362
RADIOCITY,20191113,29.8,32.7,28.5,29.15,56323
RAIN,20191113,105,105,96,98.5,1599819
RAJESHEXPO,20191113,677.05,696.95,665,683,202709
RAJSREESUG,20191113,17.45,18.25,17,17.85,17877
RAJTV,20191113,41,44.4,40.1,41.6,6041
RALLIS,20191113,167.5,173.8,167.5,170,347650
RAMANEWS,20191113,15.65,15.65,15.05,15.1,2326
RAMASTEEL,20191113,46.55,48.8,45.1,46.15,9136
RAMCOCEM,20191113,795.9,798.85,784.9,789.75,241237
RAMCOIND,20191113,193,195.25,186,193.5,60743
RAMCOSYS,20191113,149.4,151.1,147.95,149.4,25304
RAMKY,20191113,46.1,46.95,44.05,45.25,57845
RANASUG,20191113,2.8,3.2,2.7,2.95,1433178
RANEENGINE,20191113,210,210,198.05,199.05,2085
RANEHOLDIN,20191113,867.2,867.2,797.05,806.5,10047
RATNAMANI,20191113,954,960.4,947.05,954.2,6066
RAYMOND,20191113,749,800,749,791.65,3684542
RBL,20191113,503.8,511.5,493.3,495.75,11005
RBLBANK,20191113,345.3,352.75,328.8,332.6,21763110
RCF,20191113,51.7,52.4,50.6,51.1,737082
RCOM,20191113,0.7,0.7,0.65,0.65,67949989
RECLTD,20191113,140.75,141.8,137.65,137.95,3406565
REDINGTON,20191113,113.5,116.9,110.45,114.15,176160
REFEX,20191113,53,54.45,50.35,53.9,291468
REGENCERAM,20191113,1.7,1.7,1.7,1.7,400
RELAXO,20191113,550.85,553.6,545,545.4,62837
RELCAPITAL,20191113,23.3,23.3,23.3,23.3,201591
RELIANCE,20191113,1430,1475.9,1430,1472.3,11532364
RELIGARE,20191113,58.05,59,55.05,55.05,1417242
RELINFRA,20191113,42.25,42.25,42.25,42.25,312987
REMSONSIND,20191113,77,86.8,77,81.55,21595
RENUKA,20191113,9.7,10.95,9.65,10.25,8861711
REPCOHOME,20191113,304.5,305.8,286.55,288.7,80651
REPRO,20191113,612.6,648.9,612.55,638.55,7869
RESPONIND,20191113,92,92.35,90.05,90.35,151344
REVATHI,20191113,404,404,362.2,368.9,1256
RGL,20191113,250,258.05,245,248.9,2241
RHFL,20191113,5.65,5.65,5.65,5.65,119503
RICOAUTO,20191113,46.5,46.95,43.85,44.1,254363
RIIL,20191113,315.4,322.9,307,309.95,580342
RITES,20191113,289.7,294,285.05,287.65,455998
RKDL,20191113,5.8,6.3,5.8,6.15,3300
RKFORGE,20191113,288.2,290,281.1,285.05,20800
RMCL,20191113,3.9,3.9,3.65,3.65,48186
RML,20191113,247.65,251.8,240,241.75,3743
RNAM,20191113,327,364.4,327,361.2,10060164
RNAVAL,20191113,4.85,4.85,4.85,4.85,725446
ROHITFERRO,20191113,0.7,0.8,0.7,0.8,7110
ROHLTD,20191113,77.4,77.4,74.6,75.05,18221
ROLLT,20191113,1.9,2,1.9,2,155
ROLTA,20191113,5.2,5.2,5.15,5.15,35607
ROSSELLIND,20191113,70,73.85,67.2,73.85,96439
RPGLIFE,20191113,290,292.3,273.4,277.05,31086
RPOWER,20191113,4.4,4.4,4.4,4.4,1173923
RPPINFRA,20191113,90.15,90.45,89,89.8,5235
RSSOFTWARE,20191113,21,21.3,20.65,20.65,8274
RSWM,20191113,99.85,107,97.05,99.65,65316
RSYSTEMS,20191113,48.55,49.85,47.1,47.5,5166
RTNINFRA,20191113,1.7,1.7,1.7,1.7,32419
RTNPOWER,20191113,1.75,1.75,1.75,1.75,818825
RUBYMILLS,20191113,192,199,187.1,196.05,1979
RUCHINFRA,20191113,2.05,2.15,2,2.15,17920
RUCHIRA,20191113,82.45,83.1,81.3,81.8,36295
RUCHISOYA,20191113,3.5,3.55,3.35,3.35,5760839
RUPA,20191113,183.9,188,174,176.85,107048
RUSHIL,20191113,119.6,119.6,119.6,119.6,1148
RVNL,20191113,24.05,24.25,23.75,23.8,3925251
SABTN,20191113,1.6,1.6,1.6,1.6,3141
SADBHAV,20191113,122.15,123.25,116.25,118.75,145621
SADBHIN,20191113,39.55,40.5,39,39.6,2433
SAFARI,20191113,558.65,569.9,546,553.2,2937
SAGARDEEP,20191113,70,70,67,68.95,9460
SAGCEM,20191113,577.65,580,556.3,564.2,2337
SAIL,20191113,39.35,39.9,37.55,37.85,29978471
SAKAR,20191113,52.45,52.45,51.5,51.5,21292
SAKHTISUG,20191113,10.2,10.55,9.15,9.8,356621
SAKSOFT,20191113,243,254,231.4,235.8,41182
SAKUMA,20191113,7.2,7.25,6.9,7,311646
SALASAR,20191113,129.5,132.15,115,117.5,40021
SALONA,20191113,65.1,69,64.5,67.1,309
SALSTEEL,20191113,2.45,2.65,2.45,2.65,9326
SALZERELEC,20191113,123,123,120.25,120.95,8116
SAMBHAAV,20191113,4.15,4.15,3.6,3.75,82607
SANCO,20191113,15.85,15.9,15,15.45,44533
SANDESH,20191113,624.95,649.9,605.1,614.85,1859
SANDHAR,20191113,235.1,241,235.1,239.8,6447
SANGAMIND,20191113,51.2,53.85,49.3,50.15,4165
SANGHIIND,20191113,42.5,42.5,39.25,39.7,238024
SANGHVIMOV,20191113,72.6,77.35,72.6,76.85,215194
SANGINITA,20191113,148,149,147.2,147.8,122894
SANOFI,20191113,6598,6600,6375.25,6539.55,19032
SANWARIA,20191113,2.45,2.45,2.45,2.45,966259
SARDAEN,20191113,190.3,192,178.7,180,38592
SAREGAMA,20191113,411.95,417.4,402.5,406.5,11667
SARLAPOLY,20191113,25,25,23.25,23.4,44835
SASKEN,20191113,619.05,634,619.05,630.15,19682
SASTASUNDR,20191113,91.9,91.9,83,87.5,481
SATHAISPAT,20191113,3.1,3.1,2.95,2.95,19725
SATIA,20191113,83.5,85,78.55,81.7,54382
SATIN,20191113,238.4,238.4,227,231.6,26319
SBIETFQLTY,20191113,100.5,101.64,100,100.13,3030
SBILIFE,20191113,984.5,1000.95,966.2,988.15,4039409
SBIN,20191113,316.05,318.6,305.65,306.8,32675829
SCAPDVR,20191113,0.4,0.45,0.4,0.4,1888
SCHAEFFLER,20191113,4229,4303.6,4203,4257.55,4096
SCHAND,20191113,75,76.15,70.15,75.3,105088
SCHNEIDER,20191113,69.95,72.5,68.5,68.65,94309
SCI,20191113,61.8,62.15,58.55,59.45,4315709
SDBL,20191113,116.75,117.9,113.15,114.8,8826
SEAMECLTD,20191113,435.1,458.95,430,452.7,14856
SELAN,20191113,160.7,164.1,155.95,156.75,50607
SELMCL,20191113,0.75,0.75,0.7,0.75,10922
SEPOWER,20191113,3.25,3.25,3,3,3289
SEQUENT,20191113,69,71.9,66.8,67.95,1775705
SESHAPAPER,20191113,177.95,183.8,174,179.45,81569
SETCO,20191113,15.5,15.5,14.9,14.9,51380
SETF10GILT,20191113,183.2,185,183.1,185,49
SETFGOLD,20191113,3501.3,3501.3,3430,3449,5132
SETFNIF50,20191113,122.32,122.84,121.57,121.81,99279
SETFNIFBK,20191113,313.96,314.68,308.12,308.37,54139
SETFNN50,20191113,291,294.13,291,292.21,12592
SETUINFRA,20191113,1.4,1.45,1.4,1.45,30409
SEYAIND,20191113,166.8,166.8,158.85,158.85,10411
SFL,20191113,1341,1345.15,1249.65,1260.45,161539
SGL,20191113,7.4,7.4,7.05,7.25,3887
SHAHALLOYS,20191113,9.1,9.1,8.65,9.1,813
SHAKTIPUMP,20191113,241.35,248.9,239.1,240.1,35981
SHALBY,20191113,112,115,103.5,104.95,82897
SHALPAINTS,20191113,91.7,93.95,89.5,90.95,135808
SHANKARA,20191113,364.95,364.95,339,342.85,37098
SHANTIGEAR,20191113,101.95,113,99.95,103.05,14531
SHARDACROP,20191113,266.8,271.55,260,260.95,101149
SHARDAMOTR,20191113,1098.95,1100,1080.65,1089.95,4336
SHARIABEES,20191113,264.9,264.9,254.86,254.96,648
SHEMAROO,20191113,171,174,167,168.4,7876
SHILPAMED,20191113,335,335,315.5,318.65,14817
SHIRPUR-G,20191113,6.7,6.7,6.7,6.7,4960
SHIVAMAUTO,20191113,29.8,31.2,29.6,29.85,598985
SHIVAMILLS,20191113,33.5,34.4,32.65,33.65,2140
SHIVATEX,20191113,112.9,113,105.25,107.9,1603
SHK,20191113,124.75,126.6,120.55,121.35,43967
SHOPERSTOP,20191113,378.95,379,359,361.5,26825
SHREDIGCEM,20191113,21.1,22,20.3,21.25,1035395
SHREECEM,20191113,19825,20268.75,19700,19744.4,15764
SHREEPUSHK,20191113,100.5,107.9,100.05,101.75,78989
SHREERAMA,20191113,4.05,4.05,4.05,4.05,5128
SHRENIK,20191113,54.75,54.75,49.55,50.4,24600
SHREYANIND,20191113,126.3,126.95,123.5,124.3,15233
SHREYAS,20191113,78.95,78.95,76.2,76.75,2534
SHRIPISTON,20191113,749,749,702,738,289
SHRIRAMCIT,20191113,1320,1351.55,1316,1333.8,3784
SHRIRAMEPC,20191113,6.7,7,6.65,6.7,262132
SHYAMCENT,20191113,2.9,3.15,2.9,2.9,13607
SICAGEN,20191113,18.5,18.55,17.6,17.8,5350
SICAL,20191113,20.85,20.85,20.85,20.85,48377
SIEMENS,20191113,1689,1695,1624,1634.55,842980
SIGIND,20191113,21.3,21.3,20.15,20.45,25974
SIL,20191113,11.95,11.95,11.15,11.25,4331
SILINV,20191113,154.4,158,145.55,148.9,1796
SIMBHALS,20191113,6.65,7.25,6.65,6.9,12469
SIMPLEXINF,20191113,54.55,57,52.65,53.9,176875
SINTEX,20191113,0.75,0.75,0.75,0.75,4165065
SIRCA,20191113,184.85,190,184,189.35,46479
SIS,20191113,912,937.4,905.6,923.45,21999
SITINET,20191113,2,2,1.9,1.9,143187
SIYSIL,20191113,230,261,230,247.1,52786
SJVN,20191113,25.5,25.6,24.45,24.55,5579424
SKFINDIA,20191113,2121,2155.95,2121,2150.15,3668
SKIL,20191113,5.75,5.75,5.5,5.5,23485
SKIPPER,20191113,56.25,56.35,54.7,55.75,19031
SKMEGGPROD,20191113,41.05,41.75,40.1,40.45,22099
SMARTLINK,20191113,82.15,84.5,76.3,78,34795
SMLISUZU,20191113,544.5,549,537.5,539.15,3928
SMSLIFE,20191113,291.7,304.1,291.25,297.9,8530
SMSPHARMA,20191113,39.5,42.65,39.45,40.65,86729
SNOWMAN,20191113,38,38.25,36.25,36.5,145287
SOBHA,20191113,429,429,400.1,401.9,517793
SOLARA,20191113,419.65,432,419.65,430.8,14300
SOLARINDS,20191113,1039,1050,1020,1023.9,45208
SOMANYCERA,20191113,186,186.7,183,183.65,262557
SOMATEX,20191113,3.1,3.1,2.95,3.1,1246
SOMICONVEY,20191113,15.6,15.6,12.65,13.8,3807
SONATSOFTW,20191113,313.5,313.5,305.65,306.55,88676
SORILINFRA,20191113,134.5,134.5,121.7,121.7,117489
SOTL,20191113,920,928,900.1,903,290
SOUTHBANK,20191113,11,11,10.75,10.8,3208070
SOUTHWEST,20191113,15.8,17.8,15.8,16.9,32224
SPAL,20191113,230.9,239,223.1,235.25,15975
SPANDANA,20191113,1370,1370,1310,1328.1,69602
SPARC,20191113,158.45,159.2,152.05,153.1,586038
SPCENET,20191113,0.8,0.85,0.8,0.85,27010
SPECIALITY,20191113,72.6,72.6,69,69.5,86389
SPENCERS,20191113,71.2,75.7,70.7,71.4,302825
SPENTEX,20191113,0.35,0.35,0.3,0.35,57687
SPIC,20191113,20.15,20.6,19.4,19.55,21421
SPICEJET,20191113,115.45,116,113.2,113.85,539613
SPLIL,20191113,31.8,33.3,31.1,31.3,16937
SPMLINFRA,20191113,11.8,11.8,11.75,11.75,5333
SPTL,20191113,1.25,1.35,1.25,1.35,56914055
SPYL,20191113,0.3,0.3,0.25,0.25,11873
SREEL,20191113,171.6,173.5,168,168.75,2818
SREINFRA,20191113,9.5,9.75,9.3,9.5,785650
SRF,20191113,3170,3190,3130,3144.7,354111
SRHHYPOLTD,20191113,103.75,106.05,102.15,102.4,4287
SRIPIPES,20191113,172.9,174,170.9,172.75,41572
SRTRANSFIN,20191113,1119.95,1151.95,1119.95,1131.55,1101927
SSWL,20191113,775,775.05,767,771.75,2313
STAMPEDE,20191113,0.65,0.7,0.65,0.7,64743
STAR,20191113,385,401.9,385,391.25,286423
STARCEMENT,20191113,96,96,93.05,93.35,18905
STARPAPER,20191113,104.9,106.35,103.6,104.05,52737
STCINDIA,20191113,56.1,59,56.1,56.15,16541
STEELCITY,20191113,31.25,31.95,30.85,30.85,600
STEELXIND,20191113,11.3,11.95,10.9,11.7,155157
STEL,20191113,75.35,78,75.35,76.95,12347
STERTOOLS,20191113,187,198.8,185,186.65,9760
STRTECH,20191113,134.5,134.65,130.1,130.8,763134
SUBCAPCITY,20191113,6.05,6.05,6.05,6.05,10
SUBEX,20191113,5.2,5.35,5.15,5.2,359183
SUBROS,20191113,242.5,242.55,236.05,238.05,9841
SUDARSCHEM,20191113,400,416,396.35,399.6,382566
SUJANAUNI,20191113,0.15,0.2,0.15,0.15,491943
SUMEETINDS,20191113,2.6,2.6,2.4,2.6,695866
SUMIT,20191113,21,21,20.45,20.85,1054
SUMMITSEC,20191113,470.85,472.05,453,456.25,1060
SUNCLAYLTD,20191113,2245,2262.3,2205,2256,1709
SUNDARAM,20191113,1.4,1.45,1.35,1.35,322562
SUNDARMFIN,20191113,1615,1654.85,1581.3,1604.2,31679
SUNDARMHLD,20191113,67.55,70.1,67,67.4,41796
SUNDRMBRAK,20191113,243.5,243.5,235.5,238.25,3144
SUNDRMFAST,20191113,455,464.5,453.3,462.25,95711
SUNFLAG,20191113,30,30.35,28.5,28.8,383702
SUNPHARMA,20191113,420,426.9,410,412,6033467
SUNTECK,20191113,433,437.45,407.4,415.55,171136
SUNTV,20191113,517,520.9,455.25,470.1,11262961
SUPERHOUSE,20191113,90,90.5,88,89.55,1769
SUPERSPIN,20191113,4.6,5.25,4.45,5.1,166025
SUPPETRO,20191113,169.1,173,167.5,170.9,7519
SUPRAJIT,20191113,181,181,171.1,172.25,91820
SUPREMEIND,20191113,1141,1155.75,1120.2,1132.3,32265
SURANASOL,20191113,5.45,5.95,5.45,5.7,6366
SURANAT&P,20191113,3.45,3.65,3.45,3.5,4602
SURYALAXMI,20191113,18.45,18.7,17.95,17.95,6660
SURYAROSNI,20191113,168.5,172.6,168.1,169.7,38724
SUTLEJTEX,20191113,31.45,31.85,30.7,31.65,10806
SUVEN,20191113,288,297,287.9,294.55,286305
SUZLON,20191113,2.85,2.9,2.7,2.7,18575195
SWANENERGY,20191113,102.1,105.2,101.3,103.75,67492
SWARAJENG,20191113,1099,1107.35,1085.1,1101.2,2770
SWELECTES,20191113,126.3,130.05,126.3,130.05,59586
SWSOLAR,20191113,526,541.45,518,522.5,447853
SYMPHONY,20191113,1300,1315.95,1208.7,1226.7,33938
SYNCOM,20191113,0.95,1,0.9,0.95,6769
SYNDIBANK,20191113,27.5,27.6,26.45,26.65,670630
SYNGENE,20191113,327.1,331.45,327.1,329.95,121275
TAINWALCHM,20191113,52,53.05,49.7,50.2,995
TAJGVK,20191113,169.9,171,164.15,165.5,17920
TAKE,20191113,107,111.75,106.1,108.3,90797
TALBROAUTO,20191113,119,119,112,113.6,6718
TALWALKARS,20191113,5.4,5.4,5.4,5.4,35833
TALWGYM,20191113,5.3,5.3,4.85,5.2,89893
TANLA,20191113,47,48.3,46.95,48.3,90687
TANTIACONS,20191113,1.1,1.1,1.1,1.1,20
TARAPUR,20191113,4.15,4.15,4.15,4.15,110
TARMAT,20191113,28.95,29.2,28.65,29.05,6444
TASTYBITE,20191113,9212.3,9689,9150.1,9201.4,314
TATACHEM,20191113,635.9,641.85,629.35,632.3,716757
TATACOFFEE,20191113,83.95,84.95,81.2,81.6,215359
TATACOMM,20191113,361.05,366.95,353.3,357.4,135375
TATAELXSI,20191113,808,813,785,791.9,628471
TATAGLOBAL,20191113,296.2,296.7,287.4,289.5,2579434
TATAINVEST,20191113,836.5,841,812.35,821.9,7416
TATAMETALI,20191113,570.5,584,565.45,581.25,59852
TATAMOTORS,20191113,171.5,176,169.4,170.6,33926248
TATAMTRDVR,20191113,79.65,81.7,78,78.45,4343044
TATAPOWER,20191113,57.85,57.95,55.05,55.4,10060059
TATASTEEL,20191113,400.9,408.85,392.7,397.9,17511469
TATASTLBSL,20191113,25.3,25.75,24.75,24.95,651211
TATASTLLP,20191113,409.65,409.65,393,394.85,24759
TBZ,20191113,40.2,40.8,38.35,38.7,89916
TCI,20191113,278.45,278.45,272,272.8,19549
TCIDEVELOP,20191113,340,360,340,352.05,1120
TCIEXP,20191113,764.9,764.9,746.05,750.8,10799
TCIFINANCE,20191113,8.9,8.9,8.5,8.75,24220
TCNSBRANDS,20191113,689,715.5,687,689.6,20567
TCPLPACK,20191113,286.95,289.95,275,275.95,1765
TCS,20191113,2118,2183.8,2118,2178.6,3823365
TDPOWERSYS,20191113,145,146.9,144.1,145.6,3935
TEAMLEASE,20191113,2591,2605,2422,2507.65,30622
TECHIN,20191113,3,3,2.85,3,241
TECHM,20191113,768,773.8,746,757.05,2434874
TECHNOE,20191113,264.55,298.6,264.05,265.6,23534
TECHNOFAB,20191113,21.65,21.65,21.65,21.65,2925
TEJASNET,20191113,74.7,76,73.05,73.5,68990
TERASOFT,20191113,28.25,29.65,28.25,29.65,21338
TEXINFRA,20191113,43.5,49.8,42.5,46.65,773933
TEXMOPIPES,20191113,17,17,15.3,15.45,114689
TEXRAIL,20191113,42.9,47.75,42.3,46.1,1121297
TFCILTD,20191113,84.4,85.8,80.1,80.4,84448
TFL,20191113,3.95,4.2,3.95,4.2,1374
TGBHOTELS,20191113,3.35,3.35,3.25,3.35,12207
THANGAMAYL,20191113,358.3,358.3,340,350,2547
THEINVEST,20191113,131.15,131.45,122.75,123.05,3351
THEMISMED,20191113,281.4,304.95,281.4,294.3,1467
THERMAX,20191113,1094,1100,1061.2,1071.4,28828
THOMASCOOK,20191113,136.3,139,133.5,137.7,169401
THYROCARE,20191113,542.35,570,542.35,565.1,42527
TI,20191113,14.25,14.25,13.35,13.65,39316
TIDEWATER,20191113,5001,5100,5001,5050,886
TIIL,20191113,317.95,340.15,305.35,310.6,29284
TIINDIA,20191113,442,450,440.25,445.45,258298
TIJARIA,20191113,9.65,9.65,9.6,9.6,21199
TIL,20191113,188.1,193,181,189.65,8548
TIMESGTY,20191113,33.15,34.95,31.2,31.3,1024
TIMETECHNO,20191113,63.5,64.6,60.6,60.9,204368
TIMKEN,20191113,855,878.7,851,871.25,29857
TINPLATE,20191113,138,138.6,135.3,136.5,704405
TIPSINDLTD,20191113,72.05,74,72,73.2,4131
TIRUMALCHM,20191113,64.5,67.3,64.05,64.45,332233
TITAN,20191113,1155.7,1167,1150.1,1159.05,2336007
TMRVL,20191113,20.25,20.25,19.25,19.25,13803
TNPETRO,20191113,36,38.9,34.9,37.8,402774
TNPL,20191113,186,189.95,183.2,185.1,98963
TNTELE,20191113,1.15,1.15,1.15,1.15,579
TOKYOPLAST,20191113,72.15,76,72.15,73.4,38840
TORNTPHARM,20191113,1803.1,1814,1765.15,1772.5,67585
TORNTPOWER,20191113,304,305.6,291.45,294.35,1786512
TPLPLASTEH,20191113,132.9,134.95,128.5,129.05,3340
TREEHOUSE,20191113,5.7,6.05,5.7,5.8,29565
TREJHARA,20191113,16.2,16.2,15.45,15.75,651
TRENT,20191113,512.7,517,500,502.4,120026
TRF,20191113,113,115.9,108.1,108.95,33457
TRIDENT,20191113,62.2,65.3,62.05,63.5,720552
TRIGYN,20191113,55.8,56.7,53,53.75,34795
TRIL,20191113,7.8,8.05,7.65,7.8,54118
TRITURBINE,20191113,102,102.8,100.25,100.85,24974
TRIVENI,20191113,66.95,67.1,64.55,65.15,411088
TTKHLTCARE,20191113,494,494,475,479.3,339
TTKPRESTIG,20191113,6074.85,6074.85,5934.95,5958.35,5668
TTL,20191113,40.6,46.7,40.1,42,19072
TTML,20191113,3.1,3.2,2.85,2.85,1217372
TV18BRDCST,20191113,23.25,23.35,22.5,22.6,1747761
TVSELECT,20191113,120.05,120.1,114,114,40436
TVSMOTOR,20191113,447,463.2,446.05,459.8,2650866
TVSSRICHAK,20191113,1809,1886.7,1750.1,1776.95,9957
TVTODAY,20191113,303,303,295.3,300.55,18885
TVVISION,20191113,1.4,1.4,1.4,1.4,200
TWL,20191113,42.2,49.6,42.2,48.55,4810129
UBL,20191113,1252,1260,1237,1242.25,367679
UCALFUEL,20191113,138.95,153.55,138.5,142.95,328676
UCOBANK,20191113,13.55,13.9,13.35,13.5,440373
UFLEX,20191113,199.6,199.7,195.25,197.75,32035
UFO,20191113,138.5,138.5,130.4,131.25,25150
UGARSUGAR,20191113,13.1,13.65,13.1,13.2,149000
UJAAS,20191113,3.3,3.3,3.1,3.1,151536
UJJIVAN,20191113,274.6,278.45,265.05,267.9,1815958
ULTRACEMCO,20191113,4137.05,4172.4,4105.1,4115.6,519389
UMANGDAIRY,20191113,37.5,39.65,37.5,38.45,7281
UMESLTD,20191113,0.95,0.95,0.95,0.95,32
UNICHEMLAB,20191113,157.2,160.2,151.8,152.95,76568
UNIENTER,20191113,66.85,66.85,65,65,1273
UNIONBANK,20191113,55.05,55.6,52.4,52.75,8501076
UNIPLY,20191113,31.4,31.95,30,31.95,225197
UNITECH,20191113,0.75,0.75,0.75,0.75,2317783
UNITEDBNK,20191113,8.85,8.95,8.6,8.65,463210
UNITEDTEA,20191113,269,269,269,269,5
UNIVCABLES,20191113,175.8,178.75,162.2,163.9,64610
UPL,20191113,551,553.75,538.5,541.3,2509847
URJA,20191113,1.8,1.8,1.7,1.7,799724
USHAMART,20191113,33,33.3,30.15,30.45,777496
UTINEXT50,20191113,290,296.75,290,295.7,14185
UTINIFTETF,20191113,1255.56,1266.2,1249.85,1250.42,108
UTISENSETF,20191113,425,428.5,424,424.26,185
UTISXN50,20191113,315,315,315,315,5
UTTAMSTL,20191113,8.4,8.45,7.75,8.35,63380
UTTAMSUGAR,20191113,103,103.8,99.05,100,107150
UVSL,20191113,0.1,0.1,0.05,0.1,3115707
V2RETAIL,20191113,118.6,120.8,117.9,118.6,30243
VADILALIND,20191113,774.75,792,755,763.05,77222
VAIBHAVGBL,20191113,820,830,805.5,815.65,20778
VAKRANGEE,20191113,40.4,41,38.1,39.65,7598642
VARDHACRLC,20191113,34.25,34.95,34.25,34.35,13329
VARDMNPOLY,20191113,1.9,1.9,1.9,1.9,1302
VARROC,20191113,471,471,445.1,449.85,45122
VASCONEQ,20191113,13.2,13.75,12.65,12.8,189091
VASWANI,20191113,5.4,5.4,4.9,5,2686
VBL,20191113,764,770.9,700.05,711.1,753971
VEDL,20191113,152.4,154.45,147.65,148.4,12134093
VENKEYS,20191113,1776,1780,1690,1700.55,275250
VENUSREM,20191113,24.3,26.3,24.3,25.55,8415
VESUVIUS,20191113,999,1014,971,994.95,25274
VETO,20191113,47,51.05,46.05,48.6,33164
VGUARD,20191113,236,237.55,232,233.2,221819
VHL,20191113,1341,1449.95,1341,1436.1,320
VICEROY,20191113,1.7,1.7,1.6,1.6,16400
VIDHIING,20191113,63.8,65.9,63.65,64.35,14490
VIJIFIN,20191113,0.45,0.5,0.4,0.45,540128
VIKASECO,20191113,4,4,3.7,3.7,990648
VIKASMCORP,20191113,3.8,4.15,3.8,3.95,155639
VIKASPROP,20191113,4.3,4.3,4.3,4.3,357145
VIKASWSP,20191113,9.9,10.2,9.5,10.2,662576
VIMTALABS,20191113,99,113,95,97.1,110316
VINATIORGA,20191113,2068.95,2068.95,1941,1950.35,109404
VINDHYATEL,20191113,853.95,864,826,829.75,8890
VINYLINDIA,20191113,65,66.5,64.1,64.35,21939
VIPCLOTHNG,20191113,8.05,8.05,8.05,8.05,47091
VIPIND,20191113,438.05,445,435,440.55,190840
VIPULLTD,20191113,26.5,28.2,24.1,25.25,75241
VISAKAIND,20191113,265.05,268.3,257.65,259,21656
VISASTEEL,20191113,5.45,5.8,5.45,5.65,7504
VISESHINFO,20191113,0.1,0.1,0.05,0.05,6290163
VISHAL,20191113,315,315,312,312,40
VISHNU,20191113,129.9,136.5,128,129.25,3334
VISHWARAJ,20191113,75,75,68,68.7,108654
VIVIDHA,20191113,0.2,0.2,0.2,0.2,726084
VIVIMEDLAB,20191113,13.75,14.55,13.1,13.7,144851
VLSFINANCE,20191113,53.4,55.4,52.65,52.95,18726
VMART,20191113,1710,1727.15,1661.05,1680.05,114725
VOLTAMP,20191113,1070,1112.3,1069.95,1086.3,12291
VOLTAS,20191113,688,707,686.9,702,1885292
VRLLOG,20191113,268.8,271,263.7,266.6,36556
VSSL,20191113,67.95,67.95,63.3,65.25,6654
VSTIND,20191113,4168.7,4300,4152.5,4271.95,60928
VSTTILLERS,20191113,1271,1271,1212.25,1220.35,8627
VTL,20191113,894.9,896,874.05,883.55,15791
WABAG,20191113,185,186.45,177,177.85,119821
WABCOINDIA,20191113,6155.1,6249.95,6141.1,6157.9,2435
WALCHANNAG,20191113,67.5,68.75,64.2,64.8,408004
WANBURY,20191113,12.8,13.2,12.8,13.2,790
WATERBASE,20191113,140.4,144.85,134.15,135.4,226345
WEBELSOLAR,20191113,23.9,23.9,22.55,22.55,58528
WEIZFOREX,20191113,270.2,288,270,277,1037
WEIZMANIND,20191113,21.95,22.45,21.3,21.45,6253
WELCORP,20191113,140.4,142,138.2,139.1,1257872
WELENT,20191113,85,85.8,82,82.4,146113
WELINV,20191113,171.15,181,171.15,172.75,994
WELSPUNIND,20191113,56.05,56.75,53.65,54.2,1083403
WENDT,20191113,3055.95,3055.95,2950,2956.75,198
WESTLIFE,20191113,375,375,348.5,350.45,54407
WHEELS,20191113,665,689.8,649.55,651.7,8165
WHIRLPOOL,20191113,2234,2234,2121.7,2185.75,111013
WILLAMAGOR,20191113,14.5,14.5,13.35,13.9,2471
WINDMACHIN,20191113,19.65,21,19.65,20.5,8651
WIPL,20191113,58.8,58.8,57,58,6558
WIPRO,20191113,257.3,259,252.15,253.1,1861473
WOCKPHARMA,20191113,287.95,292.4,281.75,283.8,382296
WONDERLA,20191113,286,286,274,275,22448
WSTCSTPAPR,20191113,226.65,231,216,217.4,145061
XCHANGING,20191113,54,55.45,52.65,52.9,117834
XELPMOC,20191113,71,72.95,67.05,67.5,4379
XLENERGY,20191113,0.5,0.5,0.4,0.45,29597
XPROINDIA,20191113,23,23.85,21.75,22.5,9276
YESBANK,20191113,74.4,75.3,67.1,68.2,317911123
ZEEL,20191113,302.3,302.3,290,290.55,18302144
ZEELEARN,20191113,21.35,21.75,21,21.1,66629
ZEEMEDIA,20191113,7.4,7.4,7.05,7.4,1708060
ZENITHBIR,20191113,0.65,0.7,0.65,0.65,7745
ZENITHEXPO,20191113,42.05,44,39.1,42.75,2330
ZENSARTECH,20191113,190.1,191,186.25,187.65,47619
ZENTEC,20191113,61,65,61,62.05,61842
ZICOM,20191113,1.5,1.5,1.5,1.5,8311
ZODIACLOTH,20191113,186.2,190,186.2,187,981
ZODJRDMKJ,20191113,30,35,30,31.15,1055
ZOTA,20191113,192.85,192.85,190.25,190.7,21652
ZUARI,20191113,91.65,91.65,87,88.9,17462
ZUARIGLOB,20191113,57.1,58.25,55.5,56,29033
ZYDUSWELL,20191113,1600,1627.4,1472.5,1491.35,128705
NSENIFTY,20191113,11908.30,11946.80,11823.20,11840.45,659035969,0
NIFTYJUNIOR,20191113,28535.85,28746.45,28214.20,28298.60,496340481,0
NIFTYMIDCAPLIQ15,20191113,3905.95,3918.05,3845.35,3853.00,42179659,0
NSE100,20191113,12053.65,12099.00,11961.75,11980.65,1159719494,0
NIFTY200,20191113,6146.90,6169.40,6098.60,6108.40,1512198368,0
NSE500,20191113,9698.10,9730.60,9618.25,9633.95,1821347033,0
NSEMIDCAP150,20191113,6194.75,6206.25,6127.00,6137.80,370686641,0
MIDCAP50,20191113,4626.60,4631.15,4541.85,4548.05,297464103,0
NSEMIDCAP,20191113,16834.20,16883.65,16663.45,16698.60,352478874,0
NIFTYSMALLCAP250,20191113,-,-,-,4739.65,-,0
NIFTYSMALLCAP50,20191113,-,-,-,2736.15,-,0
NSESMLCAP100,20191113,5743.00,5751.60,5670.50,5688.85,-,0
NIFTYLARGEMIDCAP250,20191113,-,-,-,5885.26,1530406135,0
NIFTYMIDSMALLCAP400,20191113,-,-,-,5637.40,-,0
NIFTYAUTO,20191113,8146.55,8211.65,8135.10,8150.20,116472134,0
BANKNIFTY,20191113,31084.75,31198.50,30488.10,30541.55,474514279,0
NIFTYFINSERVICE,20191113,13955.45,13996.20,13785.30,13806.40,159374857,0
NIFTYFMGC,20191113,31913.90,31999.95,31525.15,31582.45,24491690,0
NSEIT,20191113,15307.90,15374.05,15192.30,15240.95,28471486,0
NIFTYMEDIA,20191113,1865.75,1866.30,1789.55,1793.85,120756716,0
NIFTYMETAL,20191113,2617.95,2637.80,2546.80,2556.65,146928227,0
NIFTYPHARMA,20191113,7795.30,7853.00,7642.00,7660.45,30299828,0
NIFTYPVTBANK,20191113,17218.25,17277.35,16884.90,16915.65,402747670,0
NIFTYPSUBANK,20191113,2458.85,2469.15,2376.50,2383.70,95983447,0
NIFTYREALTY,20191113,284.45,286.15,277.20,278.30,28206760,0
NIFTYCOMMODITIES,20191113,3395.30,3413.45,3356.50,3362.15,225327148,0
NIFTYCONSUMPTION,20191113,5048.85,5063.30,5014.95,5026.50,78829905,0
NIFTYCPSE,20191113,2013.60,2013.95,1978.80,1983.95,70418775,0
NIFTYENERGY,20191113,15923.75,16072.80,15899.35,15962.65,85749081,0
NIFTY100ESG,20191113,-,-,-,2199.20,1034424715,0
NIFTY100ENHESG,20191113,-,-,-,2227.17,998860308,0
NIFTYINFRA,20191113,3255.95,3268.70,3231.20,3236.50,197637977,0
NIFTYMNC,20191113,13937.45,13985.00,13825.15,13852.80,298457549,0
NIFTYPSE,20191113,3343.75,3352.30,3282.60,3290.20,184677451,0
NIFTYSMEEMERGE,20191113,-,-,-,1365.80,487850,0
NIFTYSERVSECTOR,20191113,16806.70,16849.95,16615.95,16646.05,581518014,0
NIFTYSHARIAH25,20191113,-,-,-,4377.88,81603162,0
NIFTY50SHARIAH,20191113,-,-,-,2480.26,80883414,0
NIFTY500SHARIAH,20191113,-,-,-,2959.38,281029157,0
NIFTYABGROUP,20191113,-,-,-,2798.03,238135318,0
NIFTYMAHINDRA,20191113,-,-,-,10058.17,7936424,0
NIFTYTATA,20191113,-,-,-,6926.69,84251598,0
NIFTYTATA25CAP,20191113,-,-,-,4758.33,77777950,0
NIFTYABGROUP,20191113,-,-,-,2798.03,238135318,0
NIFTYLIQ15,20191113,3753.40,3765.55,3671.55,3678.80,515902280,0
NIFTY500VALUE50,20191113,-,-,-,3634.96,327840769,0
NIFTYALPHALOWVOL30,20191113,-,-,-,12022.19,121990064,0
NIFTYQUALLOWVOL30,20191113,-,-,-,8557.16,77566771,0
NIFTYALPHAQUALLOWVOL30,20191113,-,-,-,9706.33,87067029,0
NIFTYALPHAQUALVALLOWVOL30,20191113,-,-,-,7357.01,113557438,0
NIFTY50EQUALWEIGHT,20191113,12366.10,12395.25,12196.75,12209.05,659035969,0
NIFTY100EQUALWEIGHT,20191113,13337.40,13404.20,13164.55,13184.50,1159719494,0
NIFTY100LOWVOL30,20191113,9023.00,9052.40,8957.15,8968.05,104437529,0
NSEDEFTY,20191113,-,-,-,5691.21,-,0
NIFTY50DIVPOINT,20191113,117.35,117.35,117.35,117.35,-,0
NIFTYDIVOPPS50,20191113,2592.40,2599.65,2565.60,2570.55,260133008,0
NIFTYALPHA50,20191113,12827.30,12844.20,12634.95,12666.50,143363491,0
NIFTY50ARBITRAGE,20191113,-,-,-,1870.57,-,0
NIFTY50FUTINDEX,20191113,-,-,-,4013.15,-,0
NIFTY50FUTTRINDEX,20191113,-,-,-,11942.56,-,0
NIFTYHIGHBETA50,20191113,-,-,-,1338.61,1034944185,0
NIFTYLOWVOL50,20191113,-,-,-,10549.18,127440833,0
NIFTY200QUALITY30,20191113,-,-,-,9893.80,-,0
NIFTY50VALUE20,20191113,5448.50,5487.20,5442.35,5459.20,457382833,0
NIFTYGROWSECT15,20191113,6380.90,6393.90,6316.35,6324.80,73920274,0
NIFTY50TR2XLEV,20191113,6629.15,6671.50,6534.65,6553.60,-,0
NIFTY50PR2XLEV,20191113,5100.10,5132.65,5027.35,5041.95,-,0
NIFTY50TR1XINV,20191113,342.85,345.30,341.75,344.80,-,0
NIFTY50PR1XINV,20191113,390.85,393.60,389.60,393.05,-,0
NIFTY-GS-COMPSITE,20191113,2040.42,2045.82,2040.42,2045.65,-,0
NIFTY-GS-4-8YR,20191113,2133.42,2137.12,2133.42,2137.49,-,0
NIFTY-GS-8-13YR,20191113,2004.26,2010.66,2004.26,2010.22,-,0
NIFTY-GS-10YR,20191113,1850.43,1855.67,1850.43,1854.98,-,0
NIFTY-GS-10YR-CLN,20191113,942.94,945.63,942.94,945.28,-,0
NIFTY-GS-11-15YR,20191113,2121.84,2127.49,2121.84,2127.22,-,0
NIFTY-GS-15YRPLUS,20191113,2290.15,2290.15,2290.15,2291.86,-,0
VIX,20191113,16.25,16.67,14.47,16.46,0,0
