<ticker>,<date>,<open>,<high>,<low>,<close>,<volume>,<o/i>
20MICRONS,20191107,39.1,39.75,38.6,39.05,66392
21STCENMGM,20191107,14,14,13.5,14,847
3IINFOTECH,20191107,2,2.05,1.95,2,1024879
3MINDIA,20191107,22600,22600,22300,22463.45,648
3PLAND,20191107,6.25,6.3,6.25,6.3,2
5PAISA,20191107,165,172.95,163,167.35,6854
63MOONS,20191107,119.45,120.45,117.75,118.2,66815
A2ZINFRA,20191107,10.1,10.1,9.55,9.7,201180
AARTIDRUGS,20191107,507.2,527,502.2,523.1,21649
AARTIIND,20191107,823,834,805,819.55,150177
AARVEEDEN,20191107,14.5,14.5,13.7,13.75,9057
AAVAS,20191107,1498.8,1565,1498,1545.2,44710
ABAN,20191107,33.95,33.95,30.75,32.2,130814
ABB,20191107,1465,1493,1457.05,1482.75,53442
ABBOTINDIA,20191107,11515,11760,11510,11695.25,5421
ABCAPITAL,20191107,83.6,85.5,83.6,84.7,4586782
ABFRL,20191107,206.6,206.6,196.55,202.5,722566
ABSLBANETF,20191107,307,315,306.6,308,85
ABSLNN50ET,20191107,297.4,297.4,287.57,287.57,20
ACC,20191107,1527,1546.15,1520,1527.15,824638
ACCELYA,20191107,951.15,960,940,955.5,2819
ACE,20191107,84.75,90.8,82,88.4,288028
ADANIENT,20191107,207.9,210.4,205.5,209.15,3959490
ADANIGAS,20191107,147.95,148.7,147.1,147.35,385595
ADANIGREEN,20191107,90.4,91.2,88.3,88.7,911495
ADANIPORTS,20191107,390.5,392,388.05,390.45,1615593
ADANIPOWER,20191107,71.3,71.5,70.25,70.55,5564428
ADANITRANS,20191107,283.8,303.7,283.2,298.55,1901839
ADFFOODS,20191107,313.8,313.8,304.3,308.35,37902
ADHUNIKIND,20191107,119.45,119.9,117.75,118.2,31841
ADLABS,20191107,3,3,3,3,2632
ADORWELD,20191107,315.05,319.6,310.2,315.5,1756
ADROITINFO,20191107,8.4,8.45,8,8.45,668
ADSL,20191107,14.9,15.2,14.3,15.05,24487
ADVANIHOTR,20191107,56.95,58.8,56.95,58.15,3255
ADVENZYMES,20191107,177.05,183.9,172.85,178.6,137701
AEGISCHEM,20191107,167.5,169.5,166.25,168.05,103663
AFFLE,20191107,1385,1393,1340,1356.35,63054
AGARIND,20191107,122.9,122.9,115.1,116.9,5574
AGCNET,20191107,111.65,116.9,111.65,116.8,4288
AGRITECH,20191107,47.2,47.95,46.5,46.65,5069
AGROPHOS,20191107,119.05,119.95,119.05,119.15,576808
AHLEAST,20191107,183.95,195.9,179.1,184.8,992
AHLUCONT,20191107,319.8,319.8,295,299.7,26280
AHLWEST,20191107,272,273.2,265,271.95,945
AIAENG,20191107,1690.9,1717.9,1679.95,1692.7,18570
AIONJSW,20191107,10.1,10.1,9.9,10,129354
AIRAN,20191107,12,12.25,11.4,11.55,2333292
AJANTPHARM,20191107,1012,1018.8,985,991.3,98143
AJMERA,20191107,141.9,141.9,135.2,136.3,257102
AKASH,20191107,62.5,64,61,62.5,2305
AKSHARCHEM,20191107,215.15,217.4,212,215,2746
AKSHOPTFBR,20191107,7.75,7.8,7.5,7.55,173849
AKZOINDIA,20191107,2225,2247.95,2175.1,2186.2,9782
ALANKIT,20191107,15.8,16.95,15.6,15.6,66805
ALBERTDAVD,20191107,405.8,408,403,403.95,1321
ALBK,20191107,26.8,27.15,26.8,27,517167
ALCHEM,20191107,0.85,0.85,0.85,0.85,214
ALEMBICLTD,20191107,50.05,50.5,48.6,48.75,67176
ALICON,20191107,389.35,391.5,383.1,389,325
ALKALI,20191107,52,54.1,52,52.75,17709
ALKEM,20191107,2058.45,2070,1992.05,2006.95,127514
ALKYLAMINE,20191107,962,1015,945.3,998.65,75567
ALLCARGO,20191107,105.5,107.8,105.5,106.6,73331
ALLSEC,20191107,284.9,287,279.2,282.7,1333
ALMONDZ,20191107,9.6,10.05,9.5,9.6,50
ALOKTEXT,20191107,1.75,1.75,1.75,1.75,2371054
ALPA,20191107,17.3,18.1,17.1,17.7,16608
ALPHAGEO,20191107,186.25,195.5,185.9,188.8,10333
ALPSINDUS,20191107,0.5,0.5,0.5,0.5,852
AMARAJABAT,20191107,663.9,667.9,658.65,662.5,253184
AMBER,20191107,975.15,1049.9,975.15,999.55,36691
AMBIKCO,20191107,914.95,914.95,886.25,899.05,1951
AMBUJACEM,20191107,203.5,205,201.75,203.2,2560585
AMDIND,20191107,19.45,20.7,19,19.2,31500
AMJLAND,20191107,18.95,19.5,18.35,19.1,4162
AMRUTANJAN,20191107,462.25,494.9,447.8,488,250818
ANANTRAJ,20191107,35,35.25,32.8,33.25,424154
ANDHRABANK,20191107,18.5,19.5,18.45,18.65,3340083
ANDHRACEMT,20191107,2.7,2.75,2.7,2.75,45374
ANDHRSUGAR,20191107,284.45,284.45,275,278.65,33223
ANIKINDS,20191107,8.6,9,8.25,9,5609
ANKITMETAL,20191107,0.45,0.55,0.45,0.5,12033
ANSALAPI,20191107,5.3,5.3,5.3,5.3,9646
ANSALHSG,20191107,7.45,7.6,7.05,7.6,626233
ANTGRAPHIC,20191107,0.6,0.7,0.6,0.65,30364
ANUP,20191107,470.05,484.65,465,481.1,7772
APARINDS,20191107,539.05,566,532,549.6,64494
APCL,20191107,159.75,165,152,161,13918
APCOTEXIND,20191107,166.7,167.95,164.95,165.55,6478
APEX,20191107,234.4,279.75,233.7,279.75,1830210
APLAPOLLO,20191107,1466.5,1485.05,1442.8,1454.15,17439
APLLTD,20191107,578,581.5,575,576.45,48519
APOLLO,20191107,84.5,86,80.35,82.15,52753
APOLLOHOSP,20191107,1422.7,1469,1420.5,1463.9,909619
APOLLOTYRE,20191107,168.4,169.7,166,167,4178035
APOLSINHOT,20191107,780.05,797.05,775.1,796.8,1768
APTECHT,20191107,176,177.55,169.4,170.55,169045
ARCHIDPLY,20191107,28.9,30.8,28.85,29.3,57789
ARCHIES,20191107,19.5,19.85,18.5,19.35,20060
ARCOTECH,20191107,2,2,2,2,8212
ARENTERP,20191107,9.5,9.5,9.5,9.5,100
ARIES,20191107,65.45,65.6,62.6,64.35,26134
ARIHANT,20191107,20.95,23.15,20,23.15,8934
ARIHANTSUP,20191107,25.25,26.55,25.1,26.5,80737
ARMANFIN,20191107,565.05,585,551.55,567.15,4904
AROGRANITE,20191107,41.45,41.65,39.5,39.7,11086
ARROWGREEN,20191107,52.95,53.7,50.65,53.05,7150
ARROWTEX,20191107,10.5,12.2,9.7,12.2,40476
ARSHIYA,20191107,18.25,18.95,17.75,18,20363
ARSSINFRA,20191107,26.15,26.15,25,25,5733
ARVIND,20191107,51.3,52.8,51.2,51.5,658458
ARVINDFASN,20191107,435,437.55,427,431.5,23651
ARVSMART,20191107,98.6,102.7,98.6,101.75,8707
ASAHIINDIA,20191107,200,207.95,194.3,195.05,18497
ASAHISONG,20191107,155.85,156.9,151.75,152.8,2646
ASAL,20191107,35.35,35.35,32.5,33.3,16091
ASHAPURMIN,20191107,31.85,31.85,28.85,29,47913
ASHIANA,20191107,103.2,105,100.5,101.8,45677
ASHIMASYN,20191107,7.8,8,7.3,7.75,37099
ASHOKA,20191107,99.25,99.9,96.85,97.1,276882
ASHOKLEY,20191107,76.5,77.15,75.15,76.7,15633155
ASIANHOTNR,20191107,109,109,99.95,101.9,1133
ASIANPAINT,20191107,1810,1830.9,1798.2,1826.95,1380635
ASIANTILES,20191107,232.6,234,226.15,229.25,40013
ASPINWALL,20191107,144.85,149,140.05,144,3724
ASTEC,20191107,358.05,364.65,353.05,359.9,12307
ASTERDM,20191107,138,144.35,137.7,140.95,121385
ASTRAL,20191107,1056.7,1109,1052.5,1090.45,259535
ASTRAMICRO,20191107,77.4,77.4,75,76.9,54031
ASTRAZEN,20191107,2520,2569,2470.4,2495.1,11064
ASTRON,20191107,42.05,43.2,41.05,41.05,2349161
ATFL,20191107,610,641,608,634.5,10189
ATLANTA,20191107,7.1,7.2,6.9,7.1,7684
ATUL,20191107,4268.1,4268.1,4184.05,4225.65,9873
ATULAUTO,20191107,222,223.6,216.35,220.1,22620
AUBANK,20191107,670.5,691,667.5,685.1,358799
AURIONPRO,20191107,79.5,80.8,75.7,79.5,6727
AUROPHARMA,20191107,451.5,454.8,442.6,452,3916537
AUSOMENT,20191107,28.05,29.3,27,28.65,322
AUTOAXLES,20191107,866,866,835.05,841.5,10976
AUTOIND,20191107,25.8,25.8,23.15,23.9,13441
AUTOLITIND,20191107,21.45,25,21.45,22.7,1280
AVADHSUGAR,20191107,268,278.85,252.65,257.55,245416
AVANTIFEED,20191107,490,535,490,523.8,3529633
AVTNPL,20191107,24.65,24.85,24,24.5,21624
AXISBANK,20191107,750,756,732.5,734.75,9871570
AXISCADES,20191107,68.9,73.5,67.9,71.75,131184
AXISGOLD,20191107,3362.05,3414.85,3357.7,3369.55,215
AXISNIFTY,20191107,1242.37,1242.37,1230.34,1231.99,21
AYMSYNTEX,20191107,31.15,31.35,30.3,31,1634
BAGFILMS,20191107,1.95,1.95,1.9,1.95,56527
BAJAJ-AUTO,20191107,3244,3277,3222.95,3265.85,326912
BAJAJCON,20191107,258.45,259,253.3,255.75,119713
BAJAJELEC,20191107,350.1,352,332.95,335.15,454947
BAJAJFINSV,20191107,8798,8859.7,8762.05,8832.9,213383
BAJAJHIND,20191107,6.95,7,6.8,6.9,745475
BAJAJHLDNG,20191107,3745,3850,3726.05,3799.95,39080
BAJFINANCE,20191107,4204.7,4239.2,4188.2,4225.85,1141603
BALAJITELE,20191107,57.3,58.4,56,56.4,93319
BALAMINES,20191107,335.5,392.7,335.3,377.25,230764
BALAXI,20191107,80,80,78,78.35,335
BALKRISHNA,20191107,18,19,18,18.4,5355
BALKRISIND,20191107,875,876.4,859.9,865.95,392317
BALLARPUR,20191107,0.5,0.55,0.5,0.55,2419131
BALMLAWRIE,20191107,197.45,199.95,196.7,198.35,58165
BALPHARMA,20191107,48.5,48.5,44.2,45.4,17300
BALRAMCHIN,20191107,155.5,156.3,151.1,152.75,1313852
BANARBEADS,20191107,34,35.5,33.7,33.85,1022
BANARISUG,20191107,1208.95,1230.05,1180,1200,266
BANCOINDIA,20191107,113,113.35,108.65,110,84788
BANDHANBNK,20191107,589.7,589.7,565.4,568.6,1794482
BANG,20191107,18,18.4,16.65,17.9,13986
BANKBARODA,20191107,99.9,100.65,95.65,96.2,34005915
BANKBEES,20191107,3125,3141,3114,3128.67,9496
BANKINDIA,20191107,70.25,70.65,68.05,68.75,7872854
BANSWRAS,20191107,66.65,69.9,66.6,69.6,7147
BARTRONICS,20191107,1.5,1.55,1.5,1.55,12867
BASF,20191107,1012.25,1020,950,962.85,116227
BASML,20191107,144.4,144.4,135.2,138.35,931
BATAINDIA,20191107,1705,1729.9,1695.3,1725.75,321619
BAYERCROP,20191107,3699.8,3699.8,3537,3549.35,2946
BBL,20191107,909.95,920.05,901,904.8,9505
BBTC,20191107,1189.4,1212,1181.95,1187,89436
BCG,20191107,3.15,3.2,2.95,3.1,289094
BCP,20191107,8.4,8.4,8.4,8.4,1997
BDL,20191107,315.25,333,315.25,325.65,70185
BEARDSELL,20191107,12.15,12.2,10.55,11.85,4211
BEDMUTHA,20191107,11.5,11.8,11.3,11.75,4559
BEL,20191107,109.55,110.25,107.7,108.9,8715227
BEML,20191107,972.5,1008,972.5,980.75,815622
BEPL,20191107,52.45,52.6,49.25,50,503468
BERGEPAINT,20191107,495.65,509.5,495.65,506.7,3373835
BFINVEST,20191107,321,332.7,317.15,322.2,85954
BFUTILITIE,20191107,296.5,307.1,283.5,292.2,268667
BGLOBAL,20191107,1.95,1.95,1.85,1.85,681
BGRENERGY,20191107,33.7,34.45,32.75,33.2,146891
BHAGERIA,20191107,108.5,109.8,108.05,108.15,5504
BHAGYANGR,20191107,19.85,19.85,19.2,19.5,2279
BHAGYAPROP,20191107,20,20.5,19.65,20.5,1059
BHANDARI,20191107,1.2,1.35,1.2,1.3,390712
BHARATFORG,20191107,467.1,474,460.15,469.15,1103108
BHARATGEAR,20191107,84.7,85.65,80.05,81.95,50973
BHARATRAS,20191107,6000,6056,5951,5970.85,614
BHARATWIRE,20191107,31.85,31.85,28.55,30.7,27681
BHARTIARTL,20191107,374.8,375.5,369.05,371.75,4816149
BHEL,20191107,55.7,56.1,54.75,55.45,13782432
BIGBLOC,20191107,23.65,24.8,23.35,24.35,3371
BIL,20191107,160,160,150.3,158.05,2515
BILENERGY,20191107,1.35,1.35,1.35,1.35,37852
BINDALAGRO,20191107,11.1,11.3,10.8,10.85,16719
BIOCON,20191107,260.1,264.85,256.05,263.95,5664711
BIOFILCHEM,20191107,4.55,4.55,4.55,4.55,150
BIRLACABLE,20191107,80.3,80.35,72.3,73.35,255408
BIRLACORPN,20191107,633,639,626.9,634.85,97276
BIRLAMONEY,20191107,35.9,36.6,35.65,35.8,75959
BKMINDST,20191107,0.85,0.85,0.75,0.8,1032747
BLBLIMITED,20191107,4.05,4.05,3.5,3.6,5006
BLISSGVS,20191107,143.4,144.7,139.45,140.65,63187
BLKASHYAP,20191107,10.2,10.2,10.2,10.2,30910
BLS,20191107,68.75,68.75,67,67.15,23282
BLUEBLENDS,20191107,0.7,0.7,0.7,0.7,310
BLUECOAST,20191107,1.55,1.6,1.55,1.6,70
BLUEDART,20191107,2329,2329,2267,2289.85,1639
BLUESTARCO,20191107,797,809,787.05,800.8,20188
BODALCHEM,20191107,77,77.9,76,76.75,113014
BOMDYEING,20191107,85.05,87.25,85.05,85.5,2837053
BOROSIL,20191107,173,174,169.5,172.75,50617
BOSCHLTD,20191107,15100,15370.35,14590.55,15259.7,53604
BPCL,20191107,524.3,526.55,510.3,513.2,4101853
BPL,20191107,19.25,19.35,18.45,18.65,51776
BRFL,20191107,4.5,4.5,4.3,4.5,13942
BRIGADE,20191107,210.15,212.5,203.3,207.25,177636
BRITANNIA,20191107,3249,3256.6,3204.9,3223.8,288996
BRNL,20191107,63,64.75,60,61.3,13067
BROOKS,20191107,33.65,34.2,33.05,33.1,12439
BSE,20191107,534,551,526.1,541.3,155312
BSELINFRA,20191107,1.1,1.1,1,1.05,32586
BSL,20191107,25.8,26.8,24.65,25.4,3385
BSLGOLDETF,20191107,3583,3583,3537.95,3537.95,14
BSLNIFTY,20191107,130.96,130.96,130.32,130.62,45
BSOFT,20191107,63.8,65.9,61.3,61.95,473481
BURNPUR,20191107,1.2,1.3,1.2,1.3,44068
BUTTERFLY,20191107,192,202,188.15,196.1,100843
BVCL,20191107,11,11,11,11,504
BYKE,20191107,21.5,21.5,20.15,20.4,16208
CADILAHC,20191107,239.85,241.5,232.1,234.9,1413454
CALSOFT,20191107,15.85,17.45,15.85,17.35,11892
CAMLINFINE,20191107,64.5,65.8,64.45,65.1,112259
CANBK,20191107,213.95,215,208.35,209.6,8214699
CANFINHOME,20191107,415.2,423.7,407.1,408.6,330004
CANTABIL,20191107,219.5,219.5,206.35,208.7,23736
CAPACITE,20191107,235,245.9,225.5,227.75,409469
CAPLIPOINT,20191107,392.5,398.5,390,392.5,35170
CAPTRUST,20191107,79,79,79,79,278
CARBORUNIV,20191107,311,312,305,307.05,165530
CAREERP,20191107,120.1,134.9,120.1,128,163119
CARERATING,20191107,534.75,536.1,533,534.9,119687
CASTEXTECH,20191107,0.7,0.7,0.6,0.7,212805
CASTROLIND,20191107,155,155.55,151.8,153,877152
CCHHL,20191107,3.5,3.55,3.3,3.4,36865
CCL,20191107,208.9,208.9,202,203.05,57226
CDSL,20191107,224.65,239.65,221.75,234.25,1936445
CEATLTD,20191107,1003,1017.1,979,983.1,116643
CEBBCO,20191107,14,14.3,13.5,13.65,15767
CELEBRITY,20191107,5.95,6,5.7,5.7,3261
CELESTIAL,20191107,3.45,3.45,3.45,3.45,6422
CENTENKA,20191107,182.15,190.75,179.9,183.95,443615
CENTEXT,20191107,2.9,3,2.75,2.85,118372
CENTRALBK,20191107,21.25,21.25,20.5,20.7,550034
CENTRUM,20191107,20.85,20.85,19.65,20.1,245094
CENTUM,20191107,385.65,409.15,385.05,387.85,943
CENTURYPLY,20191107,167,168.8,165,168.05,196410
CENTURYTEX,20191107,404,405.05,390.5,397.4,1419781
CERA,20191107,2575.25,2644.3,2551.25,2615.95,3718
CEREBRAINT,20191107,22,22,21.15,21.4,990761
CESC,20191107,779.4,786.85,770.4,776.65,231951
CESCVENT,20191107,338.65,352.7,330.6,342.75,8765
CGCL,20191107,219,221,213.05,217.75,367065
CGPOWER,20191107,16.8,16.8,16.8,16.8,392360
CHALET,20191107,339,339,326.3,331,952
CHAMBLFERT,20191107,164.85,170.95,163.5,164.6,238999
CHEMFAB,20191107,171,176.05,170.1,173.3,1714
CHENNPETRO,20191107,156.5,156.75,153.5,154.65,58628
CHOLAFIN,20191107,305,309.55,297.1,297.95,1070025
CHOLAHLDNG,20191107,465,480,461.35,475.4,114977
CHROMATIC,20191107,0.5,0.5,0.45,0.45,2375
CIGNITITEC,20191107,292.85,292.85,280.5,284.65,52208
CIMMCO,20191107,20.1,20.55,20,20.15,13442
CINELINE,20191107,33,33.45,32.55,32.95,5718
CINEVISTA,20191107,12,12.5,11.4,11.4,27174
CIPLA,20191107,482,487.4,470,471.85,5892783
CKFSL,20191107,0.5,0.5,0.4,0.5,368179
CLEDUCATE,20191107,83.85,83.9,77.1,79,7844
CLNINDIA,20191107,300,304.75,292.05,293.1,361063
CMICABLES,20191107,74.75,76.55,70.6,71.4,60172
CNOVAPETRO,20191107,8.9,8.9,8.05,8.8,878
COALINDIA,20191107,213.5,213.75,210.9,212.5,3529240
COCHINSHIP,20191107,396,409,396,398.15,96870
COFFEEDAY,20191107,38.9,38.9,38.9,38.9,40070
COLPAL,20191107,1549,1611,1535,1601.3,1368053
COMPINFO,20191107,9.2,9.2,8.6,8.9,52414
COMPUSOFT,20191107,8.3,8.5,7.95,8.15,37164
CONCOR,20191107,580,586.4,577.8,579.6,542342
CONFIPET,20191107,27.5,28.75,26.8,27.05,96902
CONSOFINVT,20191107,36.1,36.1,36.1,36.1,152
CONTROLPR,20191107,285.95,289,277.45,281.5,3087
CORALFINAC,20191107,13.45,13.7,12.75,13.5,8857
CORDSCABLE,20191107,44.05,45,43.1,43.45,10489
COROMANDEL,20191107,476.9,476.9,464.9,469.25,82685
CORPBANK,20191107,18.75,18.75,17.55,17.65,838394
COSMOFILMS,20191107,221.45,247,217.55,234.35,95161
COUNCODOS,20191107,1.8,1.8,1.7,1.7,9193
COX&KINGS,20191107,1.5,1.5,1.5,1.5,527658
CPSEETF,20191107,24.98,24.98,24.5,24.52,1894454
CREATIVE,20191107,67,72,66,69.9,11287
CREDITACC,20191107,694,700.05,685.65,693.8,46307
CREST,20191107,101.05,101.05,95.3,97.65,4920
CRISIL,20191107,1487.05,1508.25,1468.7,1495.6,49045
CROMPTON,20191107,250.5,256.8,249.1,255.1,913035
CTE,20191107,27.7,29.8,27.7,28.9,5540
CUB,20191107,205,212.5,204.15,211.65,1215034
CUBEXTUB,20191107,13.35,14.55,13.35,13.5,700
CUMMINSIND,20191107,553.85,553.85,545.25,552.2,681069
CUPID,20191107,206.3,207.2,199.85,203.85,54538
CURATECH,20191107,1.55,1.55,1.55,1.55,250
CYBERTECH,20191107,49.85,49.9,48.65,49.05,3293
CYIENT,20191107,387.6,392.8,384.05,385.45,455960
DAAWAT,20191107,24.8,25.15,24.75,24.9,757795
DABUR,20191107,478.55,480.8,472,477.7,1456741
DALBHARAT,20191107,821.55,829,815,825.2,121314
DALMIASUG,20191107,92.4,92.4,90.5,91.1,53676
DAMODARIND,20191107,28,28.75,27.15,27.6,157
DATAMATICS,20191107,76.25,77.6,74.85,75.1,37984
DBCORP,20191107,146.05,148.5,145.95,148.2,17290
DBL,20191107,421.6,433.7,414.4,417,239064
DBREALTY,20191107,8.45,8.45,8.4,8.45,368782
DBSTOCKBRO,20191107,9,9,9,9,10
DCAL,20191107,123.45,128.65,120.2,124.15,716940
DCBBANK,20191107,185.9,187,182,182.85,546493
DCM,20191107,20.1,21.75,20.1,20.85,1454
DCMFINSERV,20191107,0.9,0.9,0.9,0.9,10
DCMNVL,20191107,25.15,30.6,25.15,28.3,2409
DCMSHRIRAM,20191107,360,363.55,355.5,356.6,61005
DCW,20191107,15.55,15.65,15.25,15.3,70868
DECCANCE,20191107,359.95,360,348.6,349.95,3932
DEEPAKFERT,20191107,106.85,107.85,99.15,101.1,301823
DEEPAKNTR,20191107,349,363.95,348.9,356.55,480522
DEEPIND,20191107,105.75,105.8,102.05,102.95,5925
DELTACORP,20191107,202.45,202.7,196.65,198.7,551575
DELTAMAGNT,20191107,36,37.8,34.3,37.8,7262
DEN,20191107,45.7,45.7,42,42.95,95731
DENORA,20191107,201.2,213.2,201.2,211,2663
DFMFOODS,20191107,247.05,247.5,246.05,246.7,15140
DGCONTENT,20191107,4.25,4.45,4.15,4.3,16256
DHAMPURSUG,20191107,210.3,210.3,203.5,206,276359
DHANBANK,20191107,14.5,15.05,14.25,14.8,584821
DHANUKA,20191107,308,312.2,300.3,301.7,9083
DHARSUGAR,20191107,7.7,8.2,7.7,7.7,2802
DHFL,20191107,22.2,22.2,22.2,22.2,229396
DHUNINV,20191107,211,214.9,205.3,214.5,295
DIAMONDYD,20191107,964.95,989,950,967.2,4064
DICIND,20191107,330.05,332.05,325.95,329.85,697
DIGISPICE,20191107,6.7,7.15,6.7,7.1,6558
DISHTV,20191107,14.2,14.55,13.85,14.15,29499355
DIVISLAB,20191107,1703,1723.55,1681.1,1718,362279
DIXON,20191107,2782,2809.75,2662.55,2747,28715
DLF,20191107,197,197.8,188.3,192.5,23939489
DLINKINDIA,20191107,96,100.45,96,99.4,44728
DMART,20191107,1995,1995,1976,1987.85,232357
DNAMEDIA,20191107,0.35,0.4,0.35,0.4,10372
DOLAT,20191107,79.6,79.6,74.35,76.2,96434
DOLLAR,20191107,178.95,180.95,176,177.8,1356
DONEAR,20191107,31.2,33,29.65,29.95,22383
DPSCLTD,20191107,9.5,9.5,9.5,9.5,2882
DQE,20191107,2.45,2.45,2.35,2.35,1220
DREDGECORP,20191107,345.2,351,336.15,339.85,180708
DRREDDY,20191107,2862,2883.2,2829,2871.05,441155
DSSL,20191107,25,26.75,24.6,25.35,2216
DTIL,20191107,165,166.8,162.45,164.25,8875
DUCON,20191107,6.45,6.45,6.45,6.45,27269
DVL,20191107,70.45,73,70.45,72.35,5004
DWARKESH,20191107,26.2,26.9,25.1,25.7,528953
DYNAMATECH,20191107,1165,1167.05,1120.45,1155.4,489
DYNPRO,20191107,142,142,137.6,139.7,6500
EASTSILK,20191107,0.55,0.55,0.5,0.55,3109
ECLERX,20191107,438.05,442.65,429,431.85,8082
EDELWEISS,20191107,105.6,105.6,105.6,105.6,154265
EICHERMOT,20191107,21670,21700,21171.15,21423.95,105586
EIDPARRY,20191107,171,172,165.1,168.8,122000
EIHAHOTELS,20191107,316.55,329.95,301,317.5,4680
EIHOTEL,20191107,161.5,161.5,157.5,158,130066
EIMCOELECO,20191107,300,314,294.6,295.8,491
EKC,20191107,26.95,27,25.6,26.15,54240
ELECON,20191107,38.8,39.75,37.15,38.45,41958
ELECTCAST,20191107,13.25,13.4,13.1,13.4,56665
ELECTHERM,20191107,144.9,145.35,139.05,140.1,17528
ELGIEQUIP,20191107,280,284,276.1,279.95,3505
ELGIRUBCO,20191107,17.4,17.9,16.5,17.3,17330
EMAMILTD,20191107,330.15,330.9,322.65,325.75,539891
EMAMIPAP,20191107,77,77,72.55,76,3389
EMAMIREAL,20191107,46.65,46.7,45.5,46.7,19521
EMCO,20191107,0.75,0.75,0.75,0.75,1448
EMKAY,20191107,80.8,84.6,76.05,77.15,10021
EMMBI,20191107,113.25,114.5,109,109.5,17632
ENDURANCE,20191107,1120,1139,1110.8,1122.2,14740
ENERGYDEV,20191107,5.45,5.45,5.05,5.05,37580
ENGINERSIN,20191107,113.4,115.5,110.55,110.85,757911
ENIL,20191107,252,253.65,245,248.7,5734
EON,20191107,19.65,19.65,19.65,19.65,8875
EQ30,20191107,350,350,350,350,5
EQUITAS,20191107,100,102.9,99,99.35,3952456
ERIS,20191107,411.85,430.5,407.2,425.55,107568
EROSMEDIA,20191107,15.4,15.7,14.75,15.1,77300
ESABINDIA,20191107,1329.6,1329.6,1270,1283.95,2562
ESCORTS,20191107,657,659.25,643.4,647.9,1223367
ESSARSHPNG,20191107,7.35,7.8,7.25,7.3,4613
ESSELPACK,20191107,118,119.9,115.7,118.65,82038
ESTER,20191107,37,37,34.1,36.1,41340
EUROMULTI,20191107,0.35,0.4,0.3,0.4,20196
EUROTEXIND,20191107,12.45,12.45,12.45,12.45,65
EVEREADY,20191107,53.1,54.4,52.5,53.2,156161
EVERESTIND,20191107,286.55,293.15,285,288.3,23539
EXCEL,20191107,1.1,1.1,1,1.1,26323
EXCELINDUS,20191107,970.65,970.7,951,956.05,6047
EXIDEIND,20191107,192.05,192.65,188,188.7,3411971
EXPLEOSOL,20191107,293.85,293.85,271.65,272.8,4685
FACT,20191107,39.65,40.1,39.3,39.75,60627
FAIRCHEM,20191107,492.95,498,475.85,493.9,11224
FCL,20191107,27,27.45,27,27.15,69676
FCONSUMER,20191107,26.2,26.6,25.45,25.65,711368
FCSSOFT,20191107,0.2,0.25,0.2,0.25,898012
FDC,20191107,178.4,179.5,176.75,177.65,195588
FEDERALBNK,20191107,84.9,85.45,83.5,83.95,10363401
FEL,20191107,25.2,25.3,24.65,25.05,134015
FELDVR,20191107,26.95,26.95,23.85,24.5,3490
FIEMIND,20191107,375.2,382.2,372.85,375,2250
FILATEX,20191107,38.8,39.4,38,38.05,110578
FINCABLES,20191107,380.4,383.95,375,375.95,27041
FINEORG,20191107,1905,1940,1905,1932.5,3263
FINPIPE,20191107,589.8,617.8,583,608.15,64180
FLEXITUFF,20191107,4.5,4.5,4.1,4.1,24019
FLFL,20191107,400.9,400.9,390.9,398.05,5680
FLUOROCHEM,20191107,603.1,632.9,601.3,608.4,11792
FMGOETZE,20191107,545,650,543.4,630.65,353887
FMNL,20191107,33.5,34.4,32,33.15,10260
FORCEMOT,20191107,1133,1133.4,1090,1105,26305
FORTIS,20191107,151,154.4,147.9,150.8,13476171
FOSECOIND,20191107,1335,1369.8,1335,1352.65,239
FRETAIL,20191107,357,366,351.65,360.35,219007
FSC,20191107,475,490.05,475,485.25,4590
FSL,20191107,45.8,46.75,45.5,46.3,1566112
GABRIEL,20191107,133,133.25,120.4,121.7,245329
GAEL,20191107,133,134.95,129.55,132.85,26051
GAIL,20191107,137.25,137.35,131.3,132.1,11264143
GAL,20191107,1.85,1.85,1.8,1.85,2024
GALAXYSURF,20191107,1480,1498,1470.05,1480.6,3531
GALLANTT,20191107,26.75,26.85,25.8,26.4,13058
GALLISPAT,20191107,20.6,20.6,19.05,19.25,9032
GAMMNINFRA,20191107,0.3,0.3,0.25,0.3,1503965
GANDHITUBE,20191107,296.05,300,295,299.5,467
GANECOS,20191107,268.25,279,264.25,269.6,3327
GANESHHOUC,20191107,37.55,39.6,35.3,36,71156
GANGESSECU,20191107,36,43.85,34.3,40.1,6867
GARDENSILK,20191107,11.1,11.5,11,11.05,13421
GARFIBRES,20191107,1191,1208.7,1191,1203.55,1327
GATI,20191107,60.95,64.3,60.3,63.95,2559960
GAYAHWS,20191107,0.25,0.3,0.2,0.2,381959
GAYAPROJ,20191107,111.3,114.75,110.25,112.45,35065
GDL,20191107,90.1,90.5,88.8,89.8,174135
GEECEE,20191107,96.8,96.85,94.1,95.45,1851
GENESYS,20191107,79.9,80,75.05,77.85,4526
GENUSPAPER,20191107,5.1,5.1,4.95,4.95,54795
GENUSPOWER,20191107,24.7,25.25,24,24.8,81307
GEOJITFSL,20191107,29,29.35,28.45,28.85,109341
GEPIL,20191107,690.05,697.9,676.1,683.85,16279
GESHIP,20191107,292.05,299,286.4,292.45,187110
GET&D,20191107,172.7,173.5,167,168.6,32126
GFLLIMITED,20191107,82.9,82.9,80.25,81.25,80907
GHCL,20191107,215,215,210,210.3,54914
GICHSGFIN,20191107,165.7,168.9,161,163,240364
GICRE,20191107,287.05,292.05,278.05,281.1,263358
GILLANDERS,20191107,28.2,30.25,26.4,29.55,2110
GILLETTE,20191107,7683,7683,7491,7511.85,5817
GINNIFILA,20191107,10.5,10.5,9.55,9.6,37478
GIPCL,20191107,72,72,71.25,71.5,31206
GKWLIMITED,20191107,715.35,794.8,700,758.4,130
GLAXO,20191107,1618,1636.9,1601,1620.65,38537
GLENMARK,20191107,304,304,287.3,293.85,2794278
GLOBALVECT,20191107,57.85,57.85,56,56.5,1063
GLOBOFFS,20191107,5.9,6.1,5.9,6,3437
GLOBUSSPR,20191107,138.5,152.6,136.3,149.6,768031
GMBREW,20191107,420,434,415,425.1,82589
GMDCLTD,20191107,63.5,63.55,62.5,63.15,62100
GMMPFAUDLR,20191107,1458,1486,1439.95,1460.25,20888
GMRINFRA,20191107,22.15,22.55,21.8,22.3,22980160
GNA,20191107,278,279,268,270.95,30228
GNFC,20191107,205.45,209.25,203,206,351698
GOACARBON,20191107,220,229.45,216.6,227.75,17338
GOCLCORP,20191107,285.95,293,277.1,291.3,85281
GODFRYPHLP,20191107,1116,1147.25,1116,1135.2,56405
GODREJAGRO,20191107,492.15,497.4,480,491.95,103168
GODREJCP,20191107,760,764,742,752.65,1038973
GODREJIND,20191107,430,434,422.2,425,110753
GODREJPROP,20191107,1025,1025,985.8,989.8,404576
GOKEX,20191107,86.9,88.2,85.1,85.8,39798
GOKUL,20191107,10.7,11.5,10.65,11.35,560
GOKULAGRO,20191107,12.5,12.95,12.5,12.85,2307
GOLDBEES,20191107,3395,3555,3375.15,3378.7,11235
GOLDENTOBC,20191107,30,31.5,29.5,31,1374
GOLDIAM,20191107,141.5,142.1,139.15,140.4,31396
GOLDSHARE,20191107,3405.05,3422.95,3396,3403.85,419
GOLDTECH,20191107,9.95,10.4,9.65,9.7,5031
GOODLUCK,20191107,55,56.85,54,54.85,6979
GPIL,20191107,156.95,157.75,151,153.15,56459
GPPL,20191107,87.8,88.85,83.8,86.3,329204
GPTINFRA,20191107,41.95,41.95,38.7,39.8,53863
GRANULES,20191107,119.05,122,118.3,119.9,577518
GRAPHITE,20191107,299,310,296.1,307,1989859
GRASIM,20191107,778,782,771.4,777.85,1133781
GRAVITA,20191107,43.05,44.6,41.5,41.9,50362
GREAVESCOT,20191107,132.15,134.4,128.55,131.7,151313
GREENLAM,20191107,925,999,905,952.75,12447
GREENPANEL,20191107,32.75,38,32.75,35,939547
GREENPLY,20191107,161.35,163.05,158.85,160.25,47372
GREENPOWER,20191107,1.55,1.55,1.5,1.55,500223
GRINDWELL,20191107,597.05,602.45,593.2,598.2,142861
GROBTEA,20191107,312.45,315,309.95,313.2,78
GRPLTD,20191107,881,900,860,879.95,98
GRSE,20191107,223.7,234.2,220.4,228.65,672667
GSCLCEMENT,20191107,19.8,21.25,19.75,20.55,111805
GSFC,20191107,78.25,78.75,77.2,77.85,257257
GSKCONS,20191107,9300.1,9351,9162.2,9241.85,29631
GSPL,20191107,218.75,219.7,210.05,214.85,263768
GSS,20191107,32,34.45,32,32.8,34430
GTL,20191107,1.4,1.4,1.35,1.35,105201
GTLINFRA,20191107,0.4,0.45,0.4,0.45,3353319
GTNIND,20191107,5.8,6.1,5.65,5.7,1738
GTNTEX,20191107,6.35,6.95,6.35,6.95,600
GTPL,20191107,71,72,70.05,70.3,13281
GUFICBIO,20191107,71.4,72.3,69,69.95,23668
GUJALKALI,20191107,458,459.9,410,415.05,288667
GUJAPOLLO,20191107,134.9,143,127.2,139.85,1818
GUJGASLTD,20191107,196.05,198,192.8,194.15,738762
GUJRAFFIA,20191107,7.55,7.55,7.55,7.55,1034
GULFOILLUB,20191107,848,862.25,848,852.5,2317
GULFPETRO,20191107,39.7,40.45,39,39.1,11119
GULPOLY,20191107,42,43.3,40.55,42.1,3226
GVKPIL,20191107,5.5,5.5,5,5.05,3841597
HAL,20191107,765.25,778.5,753,755.4,12774
HARITASEAT,20191107,456.95,474.85,456.95,462.55,2017
HARRMALAYA,20191107,48.05,48.3,47.4,48.05,23277
HATHWAY,20191107,21.6,21.6,21,21.2,121183
HATSUN,20191107,607.95,607.95,593,597.15,2236
HAVELLS,20191107,694.8,714.6,690.8,710,2760947
HAVISHA,20191107,0.6,0.65,0.6,0.6,6240
HBLPOWER,20191107,17.75,17.75,17.05,17.5,98403
HCC,20191107,8.75,9.1,8.45,8.55,2756399
HCG,20191107,113,115,112.45,114.9,34770
HCL-INSYS,20191107,7.5,8,7.5,7.85,285001
HCLTECH,20191107,1149,1154.2,1136.1,1148.45,1269319
HDFC,20191107,2247.4,2264.8,2236.2,2251,5582130
HDFCAMC,20191107,2952,3039,2892.3,3016.75,1272330
HDFCBANK,20191107,1261,1269.7,1250,1263.7,8481517
HDFCLIFE,20191107,587.9,588.75,576.15,580.15,3217588
HDFCMFGETF,20191107,3465.15,3479.95,3459.4,3464.8,2317
HDFCNIFETF,20191107,1258.39,1258.39,1252,1256.03,886
HDFCSENETF,20191107,4280,4298.04,4252.57,4292.13,42
HDIL,20191107,1.9,1.9,1.9,1.9,108341
HEG,20191107,1022.4,1038.3,1005,1025.45,499278
HEIDELBERG,20191107,203.7,204,195.1,196.85,435120
HERCULES,20191107,93.05,100.95,93.05,95.55,18881
HERITGFOOD,20191107,345.75,345.75,330.1,340.2,26516
HEROMOTOCO,20191107,2670,2673.5,2643,2660.85,440308
HESTERBIO,20191107,1645,1675,1608.3,1642.25,13331
HEXATRADEX,20191107,11.3,11.7,11.3,11.3,102676
HEXAWARE,20191107,343.35,346.95,339.25,345.1,424681
HFCL,20191107,17.2,17.3,17.05,17.1,713575
HGINFRA,20191107,190,190,184,184.9,6443
HGS,20191107,604.95,605,589.95,596.05,3546
HIKAL,20191107,116,116.8,113.25,115.3,167059
HIL,20191107,1130,1150,1096.35,1105,16103
HILTON,20191107,12.3,12.3,12.3,12.3,7279
HIMATSEIDE,20191107,151.45,151.45,144.05,144.7,138992
HINDALCO,20191107,202.9,207.3,199.25,205.2,17556268
HINDCOMPOS,20191107,177.5,180,176,178.4,1008
HINDCOPPER,20191107,41.35,41.95,40.25,41.45,1081293
HINDMOTORS,20191107,5.55,5.6,5.5,5.5,78930
HINDNATGLS,20191107,35.9,35.9,35.1,35.1,3338
HINDOILEXP,20191107,98.95,100.75,98.05,98.8,195056
HINDPETRO,20191107,316.95,316.95,306.6,310.45,5893535
HINDUJAVEN,20191107,326.2,339.85,326.2,334.15,1466
HINDUNILVR,20191107,2190,2190,2128,2138.25,1970785
HINDZINC,20191107,209.2,214,206.7,213.2,845059
HIRECT,20191107,182,189,182,186.5,12036
HISARMETAL,20191107,58,58,55.5,56.2,2211
HITECH,20191107,162.95,164.05,157.4,158.75,13422
HITECHCORP,20191107,88.1,101.95,88,97.3,8081
HITECHGEAR,20191107,183.15,190.95,183.1,187.8,1750
HMVL,20191107,81.7,81.7,75.55,76.8,14463
HNDFDS,20191107,620.25,640,620.25,626.65,739
HNGSNGBEES,20191107,3610,3610,3385.9,3450,91
HONAUT,20191107,28140,28555.95,28100,28324.05,2963
HONDAPOWER,20191107,1200,1280,1199.95,1272.7,43113
HOTELEELA,20191107,7.55,7.7,7.45,7.65,121885
HOVS,20191107,61.45,61.5,59.1,61,2416
HPL,20191107,42.2,44.05,41.65,42.6,19838
HSCL,20191107,73.15,75,72.75,73.75,535773
HSIL,20191107,52.45,52.45,50.55,50.65,152782
HTMEDIA,20191107,16.4,16.8,15.7,16.1,896155
HUBTOWN,20191107,15,15.75,14.9,15.35,141783
HUDCO,20191107,42.55,43.4,41.85,42.3,3387907
IBMFNIFTY,20191107,115.15,140,115.15,119,972
IBREALEST,20191107,69.7,70.2,68.15,70.2,2203405
IBULHSGFIN,20191107,230,262.4,229.3,238.35,94317381
IBULISL,20191107,80.85,80.85,80.85,80.85,41357
IBVENTURES,20191107,128.55,128.55,128.55,128.55,38130
ICICI500,20191107,157.67,158.56,157.45,158.16,1786
ICICIB22,20191107,36.49,36.6,36.03,36.11,458340
ICICIBANK,20191107,483,483,475.65,478.55,18312032
ICICIBANKN,20191107,307,308.2,304.84,306.99,11817
ICICIBANKP,20191107,169,169.82,168.44,169.37,847
ICICIGI,20191107,1298.4,1334.6,1293.05,1319.6,551972
ICICIGOLD,20191107,35.45,35.45,34.25,34.7,15487
ICICILIQ,20191107,999.99,1000,999.99,1000,114840
ICICILOVOL,20191107,96.4,96.4,93.74,94.31,57575
ICICIMCAP,20191107,66.4,66.4,63.75,64.5,3430
ICICINF100,20191107,129.95,130.01,129.4,130,2232
ICICINIFTY,20191107,128.4,139.7,123.4,126.41,455707
ICICINV20,20191107,59.1,59.1,57.75,58.07,3097
ICICINXT50,20191107,29,29.1,28.1,28.85,18249
ICICIPRULI,20191107,525,526.7,514.2,518.1,2623595
ICICISENSX,20191107,444,444,380,431.47,1599
ICIL,20191107,53.45,59.8,53,59.15,1110899
ICRA,20191107,2756.85,2796.25,2719.95,2772.3,227
IDBI,20191107,33.85,34.1,33.4,33.6,964611
IDBIGOLD,20191107,3565,3565,3506.2,3525.85,319
IDEA,20191107,3.9,4.15,3.8,3.9,171478878
IDFC,20191107,34.2,34.7,33.5,33.75,1333672
IDFCFIRSTB,20191107,42.9,43.1,42.2,42.45,11324199
IDFNIFTYET,20191107,123.9,123.9,118,122.8,68
IEX,20191107,143.15,145.25,143.15,144.95,1027041
IFBAGRO,20191107,418,451.95,418,441,25401
IFBIND,20191107,730,752,725.6,738,15659
IFCI,20191107,8.1,8.3,8.05,8.15,1227636
IFGLEXPOR,20191107,164.05,164.05,151,152.6,5473
IGARASHI,20191107,247.55,250,241.6,244.05,48898
IGL,20191107,394.65,395,390,393.2,1225553
IGPL,20191107,150,154.9,150,150.4,7264
IIFL,20191107,122,133,121,128.45,354722
IIFLSEC,20191107,27.05,28.7,26.35,26.95,143305
IIFLWAM,20191107,1298.9,1300,1248.95,1252.95,8531
IITL,20191107,63.95,63.95,63.95,63.95,500
IMFA,20191107,190.7,201,185.4,198.65,40244
IMPAL,20191107,632,650,632,639.9,1575
IMPEXFERRO,20191107,0.25,0.35,0.25,0.35,8516
INDBANK,20191107,8.2,8.5,7.95,8,42333
INDHOTEL,20191107,151.9,152,150.25,150.85,267324
INDIACEM,20191107,86,86.7,84.3,85,1286145
INDIAGLYCO,20191107,230.1,237.4,229.5,232.7,72000
INDIAMART,20191107,1733,1757.2,1730,1740,70575
INDIANB,20191107,129,129.95,126,127.4,844838
INDIANCARD,20191107,100.2,107.95,100.2,104.65,262
INDIANHUME,20191107,259.15,260.95,255.6,256.95,14579
INDIGO,20191107,1477.7,1497.9,1456.1,1492.55,2561089
INDLMETER,20191107,21.3,21.3,21.3,21.3,1
INDNIPPON,20191107,334.95,349,334.95,340.8,3772
INDOCO,20191107,155.15,157.05,151.95,152.85,20293
INDORAMA,20191107,29.35,29.5,26.5,26.95,32905
INDOSTAR,20191107,204.9,210.4,198.5,202.3,102643
INDOTECH,20191107,93,97.9,89.05,92.75,2441
INDOTHAI,20191107,24.8,24.8,23.15,23.35,6550
INDOWIND,20191107,3.1,3.2,2.9,3.05,58041
INDRAMEDCO,20191107,42,42.65,39.45,39.75,164505
INDSWFTLAB,20191107,30,30.55,29.1,29.35,35590
INDSWFTLTD,20191107,3.8,3.8,3.65,3.75,3298
INDTERRAIN,20191107,76.75,76.85,72.5,74.35,1593
INDUSINDBK,20191107,1350,1397.85,1350,1381.9,5563949
INEOSSTYRO,20191107,655.25,665,655.25,660.6,3360
INFIBEAM,20191107,45.75,46.25,45,46.1,1092293
INFOBEAN,20191107,66,68.7,65.7,67.75,644
INFRABEES,20191107,340.89,340.89,337.55,337.86,437
INFRATEL,20191107,223,230.95,222.5,229.45,10721436
INFY,20191107,717,724.35,712.1,720.1,13733737
INGERRAND,20191107,626,626,611,613.85,6017
INOXLEISUR,20191107,365.6,368.6,352,367.45,200357
INOXWIND,20191107,35.55,36.4,34.2,35.25,170906
INSECTICID,20191107,568,572,558,562.3,2773
INSPIRISYS,20191107,46.95,47.8,45.15,47,4527
INTEGRA,20191107,0.25,0.25,0.25,0.25,821
INTELLECT,20191107,156,158.7,149.25,151.7,698961
INTENTECH,20191107,32.95,32.95,30.1,30.55,6583
INVENTURE,20191107,14,14.25,13.55,14.05,17687
IOB,20191107,10.4,10.55,10.3,10.5,599297
IOC,20191107,136.7,136.8,135.1,135.85,6545946
IOLCP,20191107,202.6,202.8,195.05,198.3,236774
IPAPPM,20191107,313,321.95,305.7,312.6,14393
IPCALAB,20191107,1010,1105,1003.6,1063.2,1039240
IRB,20191107,74,75.45,73.2,73.6,929756
IRCON,20191107,402.4,427.45,393.8,423.9,169331
IRCTC,20191107,889,892,880.1,881.5,775102
ISEC,20191107,299,303.75,296,297.85,112714
ISFT,20191107,92,94.35,91,94.35,7115
ISMTLTD,20191107,4.15,4.2,3.9,3.95,44449
ITC,20191107,262.9,266.3,262,265.85,14782434
ITDC,20191107,360.5,376.25,354.3,371.25,175428
ITDCEM,20191107,57.5,60.15,57.5,60.15,129253
ITI,20191107,89.05,89.3,87.5,87.85,521139
IVC,20191107,3.85,3.9,3.65,3.8,105647
IVP,20191107,67.8,68.85,64.6,64.9,1106
IZMO,20191107,29.75,31.55,29.55,31.55,10472
J&KBANK,20191107,31.9,31.9,30.5,31.15,594077
JAGRAN,20191107,54.9,55.1,54.05,54.25,128635
JAGSNPHARM,20191107,28.45,28.45,26.95,27.65,4898
JAIBALAJI,20191107,18.35,20.85,18.35,20.45,6915
JAICORPLTD,20191107,101,108.6,101,105.85,8573109
JAINSTUDIO,20191107,1.85,1.85,1.8,1.8,2676
JAMNAAUTO,20191107,45.3,46,44.1,44.45,2272568
JASH,20191107,123,125,112.5,124.15,3622
JAYAGROGN,20191107,135.45,139.6,132.5,134.2,5806
JAYBARMARU,20191107,218,222.4,212.5,213.7,226077
JAYNECOIND,20191107,3.75,4,3.75,4,35882
JAYSREETEA,20191107,50,50,49,49.3,17614
JBCHEPHARM,20191107,374.6,392.1,371.25,381.5,291520
JBFIND,20191107,7.2,7.55,6.85,7.45,25643
JBMA,20191107,231.8,235.7,228.45,229.65,45030
JCHAC,20191107,1981,2007,1975,1997.25,2574
JHS,20191107,18.75,18.95,17.75,18.05,34950
JIKIND,20191107,0.35,0.35,0.25,0.35,52737
JINDALPHOT,20191107,14.6,14.6,13.3,13.4,1653
JINDALPOLY,20191107,222,229,219.05,226.05,28430
JINDALSAW,20191107,86.75,87.4,85.6,86,383680
JINDALSTEL,20191107,136.6,152.9,135.35,148.6,63062505
JINDCOT,20191107,1.6,1.6,1.6,1.6,7456
JINDRILL,20191107,83.8,83.8,81.15,82.2,12864
JINDWORLD,20191107,64.2,64.2,58,59.05,106928
JISLDVREQS,20191107,10.8,11.25,10.5,11.25,39436
JISLJALEQS,20191107,15.5,15.75,15.05,15.3,1574748
JITFINFRA,20191107,6.5,6.9,6.35,6.8,2616
JIYAECO,20191107,39.5,40,39,39.25,199894
JKCEMENT,20191107,1150,1185.3,1145,1163.05,36751
JKIL,20191107,151.15,159.9,150.2,158,1398141
JKLAKSHMI,20191107,309.95,313,306.85,308.55,98495
JKPAPER,20191107,120.1,120.8,118.3,118.85,537525
JKTYRE,20191107,72.5,72.95,71.25,71.5,494097
JMA,20191107,23.65,24.8,23.65,24.15,3925
JMCPROJECT,20191107,116.7,116.7,110.2,111.65,96777
JMFINANCIL,20191107,83,91,82.65,89.55,1996291
JMTAUTOLTD,20191107,1.35,1.35,1.35,1.35,4626
JOCIL,20191107,98.05,106.85,95.4,103.9,4886
JPASSOCIAT,20191107,2.15,2.3,2.15,2.25,7743246
JPINFRATEC,20191107,1.35,1.35,1.35,1.35,3330600
JPOLYINVST,20191107,10.5,11.5,10.5,11.15,2500
JPPOWER,20191107,1.1,1.15,1.05,1.15,3498565
JSL,20191107,35.35,37,35.25,36.4,315900
JSLHISAR,20191107,71,71.3,68.9,69.4,172868
JSWENERGY,20191107,75.85,79.6,73.2,78.85,2146493
JSWHL,20191107,2637.25,2637.4,2576.3,2614.05,688
JSWSTEEL,20191107,250.2,254.8,243.1,252.65,12103874
JTEKTINDIA,20191107,90,92,88.55,89.2,51194
JUBILANT,20191107,538,544.8,527.1,537.25,143920
JUBLFOOD,20191107,1561,1624,1558.8,1617.25,1419412
JUBLINDS,20191107,111.3,113.95,108,111.05,20728
JUMPNET,20191107,70.95,71.7,69.55,70.5,1194014
JUNIORBEES,20191107,299,299.4,295,296.59,267630
JUSTDIAL,20191107,568,577.9,564,569.45,1741373
JYOTHYLAB,20191107,170.05,172.55,168.25,170.7,81732
KABRAEXTRU,20191107,69,71,67.5,68.9,8021
KAJARIACER,20191107,538,539,525,530,1075530
KAKATCEM,20191107,162.3,164.45,156.7,157.2,14711
KALPATPOWR,20191107,441,449,431.25,440.1,182048
KALYANIFRG,20191107,173.9,173.9,167.6,171.4,83
KAMATHOTEL,20191107,36.75,37.4,36.45,37.15,35996
KAMDHENU,20191107,106.95,109.95,106.95,107.55,3912
KANANIIND,20191107,2.75,2.95,2.75,2.95,1505
KANORICHEM,20191107,44.95,45,43.1,43.7,7171
KANSAINER,20191107,533,539.5,520,534.5,282542
KARDA,20191107,162.45,175.9,160.15,161.1,163176
KARMAENG,20191107,9.3,9.95,9.3,9.5,687
KARURVYSYA,20191107,59.7,60.45,58.5,58.75,592875
KAUSHALYA,20191107,0.45,0.5,0.4,0.5,15617
KAVVERITEL,20191107,2.65,2.65,2.65,2.65,1622
KAYA,20191107,401.65,428.8,401.65,412.3,19534
KCP,20191107,67.6,68.35,66.2,67.15,33550
KCPSUGIND,20191107,14.1,14.1,13.7,13.75,85664
KDDL,20191107,342,364,342,346.65,815
KEC,20191107,268.45,268.5,263.1,264.65,352323
KECL,20191107,14.1,14.1,12.8,12.8,42625
KEI,20191107,528.15,546.7,526.1,540.8,190836
KELLTONTEC,20191107,17.15,17.9,16.8,17.5,48860
KENNAMET,20191107,1100.3,1134,1095,1099.45,9532
KERNEX,20191107,21.35,23.45,21.35,22.2,11203
KESARENT,20191107,39.95,39.95,36.35,36.35,9398
KESORAMIND,20191107,61.7,61.8,57.5,58.4,464738
KGL,20191107,0.4,0.4,0.35,0.4,327794
KHADIM,20191107,243,246.15,234.3,238.15,28018
KHAITANLTD,20191107,18.9,18.9,18.9,18.9,11
KICL,20191107,1633.5,1675.05,1633.5,1634.25,663
KILITCH,20191107,136.9,136.9,130.5,131.8,6838
KINGFA,20191107,679.65,679.95,666,671.8,807
KIOCL,20191107,128.95,130,125.65,129.7,40971
KIRIINDUS,20191107,394.85,395.9,385,386.3,75870
KIRLOSBROS,20191107,148.5,151,144.6,149.2,17481
KIRLOSENG,20191107,166.05,169,163.55,166.5,13444
KIRLOSIND,20191107,652.85,652.9,628.15,634.45,1317
KITEX,20191107,92.3,93.2,90.15,92,109630
KKCL,20191107,995,1000,983,989,447
KMSUGAR,20191107,6.95,6.95,6.55,6.6,63808
KNRCON,20191107,243.95,252.8,242,246.95,103770
KOHINOOR,20191107,10.9,10.9,10.9,10.9,4583
KOKUYOCMLN,20191107,79.7,79.75,75.6,76.5,18609
KOLTEPATIL,20191107,262.2,274,262.2,267.25,123755
KOPRAN,20191107,30.15,30.25,29.25,29.3,46052
KOTAKBANK,20191107,1577,1587,1558.95,1584,2511912
KOTAKBKETF,20191107,314.98,315,311.5,313.92,316029
KOTAKGOLD,20191107,339.55,341.95,339.5,340.1,17614
KOTAKNIFTY,20191107,123.6,124.3,123.5,124,603936
KOTAKNV20,20191107,59.4,59.54,58.91,59.1,96773
KOTAKPSUBK,20191107,252,252,245.51,246.87,1930
KOTARISUG,20191107,10.5,10.5,10.05,10.2,13818
KOTHARIPET,20191107,16.9,17.35,16.55,16.85,11278
KOTHARIPRO,20191107,61.6,63.55,61.6,62.1,3967
KPITTECH,20191107,91.25,91.25,84.8,90,564261
KPRMILL,20191107,650.05,670,647.4,656.95,55847
KRBL,20191107,211,215,208.4,209.7,70365
KREBSBIO,20191107,87,91.45,85.1,90.9,2953
KRIDHANINF,20191107,5.1,5.1,5.1,5.1,13226
KRISHANA,20191107,53,58.8,53,53.05,28
KSB,20191107,718,722.85,702,717.5,5854
KSCL,20191107,539,548.95,534,540.9,126119
KSERASERA,20191107,0.1,0.1,0.05,0.1,1227435
KSK,20191107,0.7,0.75,0.65,0.7,699252
KSL,20191107,226.5,228.65,218.65,224.95,91307
KTIL,20191107,32.1,34.45,32.05,33.5,3238
KTKBANK,20191107,78.2,78.7,77.15,77.5,556865
KUANTUM,20191107,457.5,458,454.95,455.35,625
KWALITY,20191107,3,3,3,3,223097
L&TFH,20191107,98.3,104.15,98.2,99.05,19350125
LAKSHVILAS,20191107,19.5,19.5,19.5,19.5,215894
LALPATHLAB,20191107,1504,1505.9,1488.05,1495.75,81843
LAMBODHARA,20191107,31.5,33.5,31.05,31.7,12057
LAOPALA,20191107,164,165.75,163,164.3,8300
LASA,20191107,18.9,19,18.5,18.95,15909
LAURUSLABS,20191107,374.95,378,366.6,369.4,48804
LAXMIMACH,20191107,3468.3,3484.4,3375,3420,4296
LEMONTREE,20191107,59.5,60.05,58.55,59.1,318949
LFIC,20191107,60.75,60.75,50.3,53.5,828
LGBBROSLTD,20191107,309.7,309.7,292,293.55,3899
LGBFORGE,20191107,2.5,2.5,2.35,2.4,13668
LIBAS,20191107,50,52,50,52,12005
LIBERTSHOE,20191107,122.1,128.5,121,125.4,321153
LICHSGFIN,20191107,440,454.5,435.05,437.8,8391974
LICNETFGSC,20191107,21.7,21.7,20.79,20.93,4080
LICNETFN50,20191107,125.89,126,123.45,123.5,252
LICNETFSEN,20191107,501,501,501,501,1
LICNFNHGP,20191107,125,135.8,125,128.32,87
LINCOLN,20191107,160.45,161.85,155.1,156.55,16176
LINCPEN,20191107,209,210,193.05,198.45,5909
LINDEINDIA,20191107,548,561,547.15,551.85,8290
LIQUIDBEES,20191107,1000,1000.01,999.65,1000,573393
LIQUIDETF,20191107,999.99,1000.01,999.99,1000,42834
LOKESHMACH,20191107,38,38,35.15,35.65,49134
LOTUSEYE,20191107,20.15,20.85,20.05,20.45,1715
LOVABLE,20191107,71.35,71.35,68,68.3,5453
LPDC,20191107,1.7,1.8,1.7,1.75,2300
LSIL,20191107,0.6,0.6,0.55,0.6,663997
LT,20191107,1459.95,1459.95,1431,1435.05,1999085
LTI,20191107,1646,1680,1637.2,1668,104712
LTTS,20191107,1460,1476.9,1453,1463.85,62297
LUMAXIND,20191107,1260.35,1280,1256,1261.45,1375
LUMAXTECH,20191107,103,104,100,101.6,15950
LUPIN,20191107,745,754.15,735.25,737.45,6219780
LUXIND,20191107,1222.95,1228.4,1180.1,1202.95,42077
LYKALABS,20191107,17.4,17.55,16.7,16.9,7892
LYPSAGEMS,20191107,4.4,4.5,4.2,4.4,5415
M&M,20191107,579.8,583.5,572,580.35,3279435
M&MFIN,20191107,350,356.55,339.3,340.35,1416300
M100,20191107,17.45,17.58,17.4,17.54,13511
M50,20191107,115.55,117.97,115.55,117.42,1946
MAANALU,20191107,64.45,67,64.45,64.7,2985
MADHAV,20191107,24.9,24.9,23.8,23.9,2137
MADHUCON,20191107,4.35,4.6,4.25,4.55,18247
MADRASFERT,20191107,20.4,20.85,20.3,20.4,88675
MAGADSUGAR,20191107,106.1,117.9,105.75,108.6,98798
MAGMA,20191107,51.65,51.65,47.8,48.95,56304
MAGNUM,20191107,3.75,3.9,3.6,3.9,5803
MAHABANK,20191107,12.5,12.5,12.1,12.1,451693
MAHAPEXLTD,20191107,76.05,82.75,76.05,82.75,1073
MAHASTEEL,20191107,152.4,154,150,152.05,16279
MAHESHWARI,20191107,241.95,244.95,236.35,239.7,38289
MAHINDCIE,20191107,152.15,152.15,147.9,149.2,443657
MAHLIFE,20191107,409,409.2,390.15,392.3,81734
MAHLOG,20191107,378,414.85,377.7,399.3,211915
MAHSCOOTER,20191107,4840,4923,4821,4870.4,6649
MAHSEAMLES,20191107,372,385,365.55,369.95,4472
MAITHANALL,20191107,463,467.5,455.5,462.8,11103
MAJESCO,20191107,422.75,425,418.05,420.1,21346
MALUPAPER,20191107,24.6,24.6,23.25,23.8,22990
MAN50ETF,20191107,121.75,121.75,121.3,121.3,5002
MANAKALUCO,20191107,5.7,5.7,5.2,5.55,50234
MANAKCOAT,20191107,4.25,4.25,3.95,3.95,2901
MANAKSIA,20191107,39.5,40.95,38.3,39.7,46009
MANAKSTEEL,20191107,10.55,10.95,9.9,10.4,10587
MANALIPETC,20191107,18.65,18.75,18.45,18.6,143249
MANAPPURAM,20191107,171,172.8,165.65,166.8,8214888
MANGALAM,20191107,34.1,34.1,32.45,32.9,4423
MANGCHEFER,20191107,29.2,29.2,28.6,28.7,29820
MANGLMCEM,20191107,320,321.95,317,319.85,16768
MANGTIMBER,20191107,5.3,5.55,5.05,5.55,11955
MANINDS,20191107,44.6,45.5,44.6,44.85,28507
MANINFRA,20191107,27,27.75,26.05,26.5,115101
MANUGRAPH,20191107,15.35,16.1,15.35,16.1,3849
MARALOVER,20191107,22.55,22.55,20.6,20.6,15264
MARATHON,20191107,86.9,90,80.6,81.6,15389
MARICO,20191107,369,370.75,365.3,369.8,3761245
MARKSANS,20191107,14.8,15.05,14.5,14.65,853401
MARUTI,20191107,7357,7357,7241,7287.15,877885
MASFIN,20191107,724,729,702.35,711.5,10849
MASTEK,20191107,330.9,334.7,327.45,331.9,13572
MATRIMONY,20191107,507.5,508.9,501.85,503,1597
MAWANASUG,20191107,34.15,35.8,34.15,34.6,60804
MAXINDIA,20191107,73,81.4,72.05,78.8,797342
MAXVIL,20191107,38.65,39.9,38.6,39.45,195387
MAYURUNIQ,20191107,218.9,227,213.05,222.7,29399
MAZDA,20191107,366,366,354.5,356.15,9422
MBAPL,20191107,74,74,74,74,1000
MBECL,20191107,4.05,4.05,3.75,4.05,6540
MBLINFRA,20191107,5.4,5.4,5,5.05,79013
MCDHOLDING,20191107,18.75,19.05,18.2,18.85,26916
MCDOWELL-N,20191107,641.95,649.95,636,648.7,1521095
MCLEODRUSS,20191107,7.15,7.25,6.85,6.95,183060
MCX,20191107,1119.7,1133,1087,1100.65,565593
MEGASOFT,20191107,6.95,7.1,6.7,6.75,5540
MEGH,20191107,59,59.2,56.2,56.4,874112
MENONBE,20191107,57.25,58,57.1,57.7,4271
MEP,20191107,34.5,34.95,33.2,33.95,211281
MERCATOR,20191107,1.25,1.25,1.2,1.25,498679
METALFORGE,20191107,9.35,9.35,9,9.35,38245
METROPOLIS,20191107,1415.6,1430.6,1375,1386.5,11121
MFSL,20191107,423.8,489.05,414.1,478.25,9028838
MGL,20191107,979.9,983.5,954,957.9,360512
MHRIL,20191107,240.2,240.9,231,232.65,46163
MIC,20191107,0.7,0.8,0.7,0.75,60957
MIDHANI,20191107,167.4,180.5,164.2,172.55,1344272
MINDACORP,20191107,97.65,99.2,95.05,97.7,197138
MINDAIND,20191107,368,369.55,354.45,358.7,89851
MINDTECK,20191107,32.05,33.25,32,32.15,825
MINDTREE,20191107,708,709.35,697.3,707.25,323270
MIRCELECTR,20191107,8.35,8.45,8.2,8.3,48249
MIRZAINT,20191107,59.3,60.2,58,58.55,167922
MMFL,20191107,414.05,414.05,386.15,394.9,1448
MMTC,20191107,18.95,19.85,18.75,19.1,1400691
MODIRUBBER,20191107,41.8,41.8,41.8,41.8,142
MOHITIND,20191107,6.15,6.15,4.85,5.1,2006
MOHOTAIND,20191107,8.35,9.1,8.35,9.1,34499
MOIL,20191107,142.55,148.8,141.05,145.75,739611
MOLDTECH,20191107,49.85,50.8,48.9,49.55,18064
MOLDTKPAC,20191107,296.35,303,294,296.65,19533
MONTECARLO,20191107,234.2,239,233,236.2,10083
MORARJEE,20191107,13.95,15.5,13.7,14.1,3579
MOREPENLAB,20191107,17.1,17.35,17,17.05,317643
MOTHERSUMI,20191107,131.35,134.85,129.6,134.2,11792688
MOTILALOFS,20191107,675.6,692.3,675,686.85,195266
MOTOGENFIN,20191107,37.4,37.4,34,35.1,881
MPHASIS,20191107,918.35,920,900.25,904.7,58656
MPSLTD,20191107,518,518.05,505.05,509.65,11759
MRF,20191107,63755,63921.9,63310.05,63522.6,2116
MRO-TEK,20191107,31,31,28.5,28.75,454
MRPL,20191107,51.4,51.4,49.6,49.95,333397
MSPL,20191107,5.7,5.95,5.45,5.85,2825
MSTCLTD,20191107,124,147.45,121.55,147.45,3120255
MTEDUCARE,20191107,22.25,23.9,22.25,22.25,50112
MTNL,20191107,9.7,9.7,9.7,9.7,195751
MUKANDENGG,20191107,11.9,12.2,11.9,12.05,1827
MUKANDLTD,20191107,34.05,34.5,32.3,33.25,17979
MUKTAARTS,20191107,39.5,41.75,39.4,40.5,8792
MUNJALAU,20191107,46,48.5,45.05,47.05,407005
MUNJALSHOW,20191107,130.1,136.9,126.35,134.1,34976
MURUDCERA,20191107,17.55,18.05,16.85,17.15,192564
MUTHOOTCAP,20191107,475.9,478.9,455,457.05,9740
MUTHOOTFIN,20191107,694.45,698.8,683.3,685.05,300378
MVL,20191107,0.1,0.1,0.05,0.1,169691
N100,20191107,574.6,576,570.4,571.98,7377
NACLIND,20191107,28.85,28.9,27.5,27.7,39724
NAGAFERT,20191107,3.8,3.8,3.8,3.8,163710
NAGAROIL,20191107,0.25,0.25,0.2,0.25,557868
NAGREEKCAP,20191107,7,7.35,6.95,6.95,500
NAGREEKEXP,20191107,14.8,15.3,14.35,14.5,2378
NAHARCAP,20191107,74.15,77.7,73.55,75.85,2437
NAHARINDUS,20191107,26.8,27.5,26.45,27.25,6014
NAHARPOLY,20191107,35.4,36,34.05,35,9286
NAHARSPING,20191107,52.9,53.5,51.3,51.45,5226
NATCOPHARM,20191107,582,586,579.7,582.5,71666
NATHBIOGEN,20191107,329.05,346.95,329.05,342.1,15897
NATIONALUM,20191107,46.5,47.45,45.95,47.15,6163262
NATNLSTEEL,20191107,1.9,1.95,1.85,1.9,4137
NAUKRI,20191107,2524.1,2546.15,2461.95,2491.55,291505
NAVINFLUOR,20191107,859.6,862.7,825,851.55,71398
NAVKARCORP,20191107,34.05,35.2,32.4,33.2,256932
NAVNETEDUL,20191107,99.65,100.4,99,99.95,40765
NBCC,20191107,42.2,45.8,41.35,41.55,71090313
NBIFIN,20191107,1479.9,1510,1450.05,1493.5,739
NBVENTURES,20191107,72.4,72.45,71.2,71.75,41101
NCC,20191107,56.8,57.4,55,55.55,14464789
NCLIND,20191107,93.7,95.4,91.7,91.95,208000
NDGL,20191107,550,574,550,566.9,434
NDL,20191107,34.55,34.7,32.75,33.35,38920
NDTV,20191107,32.35,32.35,31.75,32.2,10303
NECCLTD,20191107,5.25,5.3,5.15,5.15,36500
NECLIFE,20191107,14.5,14.7,14.1,14.4,72421
NELCAST,20191107,44,44.2,43.2,43.6,19933
NELCO,20191107,249.3,249.5,243,245.75,22410
NEOGEN,20191107,375.25,383.8,374.6,381.45,9894
NESCO,20191107,570,570,560,560.95,12147
NESTLEIND,20191107,14710,14790.05,14551,14711.25,47438
NETF,20191107,121.91,121.91,121.91,121.91,2
NETFCONSUM,20191107,54.34,54.72,54.07,54.45,4208
NETFDIVOPP,20191107,30.65,30.65,30.26,30.57,1348
NETFLTGILT,20191107,20.12,20.14,20.12,20.12,31265
NETFMID150,20191107,61.54,62.36,61.54,62.34,21438
NETFNIF100,20191107,125,131,123.01,124.6,297
NETFNV20,20191107,594,594.97,590.04,591.73,164
NETWORK18,20191107,23.6,24.35,22.75,23.6,244828
NEULANDLAB,20191107,494,497.75,488.15,493.85,8877
NEWGEN,20191107,186.15,204.75,184.95,202.1,83971
NEXTMEDIA,20191107,10.8,11.3,10.75,10.9,5594
NFL,20191107,27.8,27.8,27.1,27.25,253435
NH,20191107,281,284.95,265,272.65,284776
NHPC,20191107,23.45,23.6,23.3,23.55,1211550
NIACL,20191107,159,160.65,151,152.05,307985
NIBL,20191107,7.35,7.65,7.35,7.65,2214
NIFTYBEES,20191107,1264.75,1288.88,1263.01,1269.79,39973
NIITLTD,20191107,97.05,101.35,97,100.45,675201
NIITTECH,20191107,1566.35,1579.45,1560,1574,101781
NILAINFRA,20191107,5.1,5.55,5.1,5.3,855384
NILASPACES,20191107,1.3,1.4,1.3,1.35,84802
NILKAMAL,20191107,1247.85,1298,1222.6,1238.85,15660
NIPPOBATRY,20191107,450.05,451.85,442.3,444.65,161
NITCO,20191107,24.25,24.75,23.25,23.45,193613
NITINSPIN,20191107,56,56.15,54.35,55.2,10999
NKIND,20191107,24.7,24.7,24.7,24.7,4
NLCINDIA,20191107,56.55,56.85,55.1,55.35,409168
NMDC,20191107,113.1,113.45,106,107.5,8742151
NOCIL,20191107,108.25,111.5,106.45,110.75,964186
NOIDATOLL,20191107,4,4.35,4,4.25,30989
NPBET,20191107,171.59,171.59,170.08,170.82,183
NRAIL,20191107,228.5,238,222.1,227.85,17664
NRBBEARING,20191107,106,107,103.4,104.1,37402
NSIL,20191107,830,861.05,790,807.55,1523
NTL,20191107,0.35,0.4,0.3,0.4,12526
NTPC,20191107,121.15,121.2,119.1,119.55,6794239
NUCLEUS,20191107,302.5,308.5,302.45,304.9,5423
OAL,20191107,197.05,210,196,199.95,5238
OBEROIRLTY,20191107,520,520.8,506.5,509.45,212533
OCCL,20191107,998,1003.55,989.35,999.6,3385
OFSS,20191107,3148.05,3148.05,3110,3120.55,6257
OIL,20191107,169.9,169.9,166.3,167,338753
OILCOUNTUB,20191107,6.55,6.75,6.4,6.4,18231
OISL,20191107,4.55,4.7,4.35,4.5,11380
OLECTRA,20191107,190,199,190,192.3,84419
OMAXAUTO,20191107,50.85,50.85,48,48.65,4102
OMAXE,20191107,187.95,187.95,182.3,183.15,498017
OMKARCHEM,20191107,4.8,5.05,4.75,5.05,3304
OMMETALS,20191107,20.75,21.85,20.5,20.9,79917
ONELIFECAP,20191107,6.3,6.3,6.3,6.3,100
ONEPOINT,20191107,13.2,13.55,11.8,13.25,2402
ONGC,20191107,144.95,145.05,140.4,142.05,7332352
ONMOBILE,20191107,39.65,40.8,37.85,38.95,401605
ONWARDTEC,20191107,66,69,65.05,68,30191
OPTIEMUS,20191107,48.7,48.7,44.1,44.1,18099
OPTOCIRCUI,20191107,4.05,4.15,4,4,663802
ORBTEXP,20191107,90,91.75,86.5,88.4,3235
ORICONENT,20191107,20.05,20.35,19.5,19.9,17220
ORIENTABRA,20191107,19.7,20.75,19.5,19.6,13269
ORIENTALTL,20191107,13.5,13.6,13.25,13.25,16325
ORIENTBANK,20191107,54,54.4,53.4,53.6,490053
ORIENTBELL,20191107,135.7,139,129.3,131.75,98363
ORIENTCEM,20191107,83,83,79.35,79.85,95393
ORIENTELEC,20191107,189.2,191.5,184.9,187.2,80892
ORIENTHOT,20191107,36.25,36.5,36,36.1,4171
ORIENTLTD,20191107,89.85,109.95,88.6,103.45,490
ORIENTPPR,20191107,27.3,27.4,27,27.05,145890
ORIENTREF,20191107,218.45,220,215.2,216.25,15103
ORISSAMINE,20191107,1400,1490,1398,1437.95,100227
ORTINLABSS,20191107,9.75,10.4,9.75,10.3,2489
OSWALAGRO,20191107,5.8,6.3,5.5,5.6,27064
PAEL,20191107,3.65,3.65,3.65,3.65,2427
PAGEIND,20191107,23920,24343.45,23743.75,24037.45,20669
PAISALO,20191107,469,475,455.45,457.5,61219
PALASHSECU,20191107,35.75,35.75,27.05,33.4,1912
PALREDTEC,20191107,22.75,22.75,20.8,21.05,2496
PANACEABIO,20191107,138.25,141.05,136.1,137.25,24927
PANAMAPET,20191107,70.8,73.4,66.95,70.75,240050
PAPERPROD,20191107,254.6,254.6,246.5,247.15,11801
PARABDRUGS,20191107,1.3,1.3,1.3,1.3,7849
PARACABLES,20191107,9.35,9.35,8.9,9.15,48026
PARAGMILK,20191107,138.85,138.85,133.5,134.45,167482
PARSVNATH,20191107,2.5,2.55,2.35,2.4,1259100
PATELENG,20191107,18.5,18.5,16.8,16.8,735647
PATINTLOG,20191107,22.5,23.2,22.1,23,4896
PATSPINLTD,20191107,7.2,7.2,6,6.15,3586
PCJEWELLER,20191107,35.25,36.8,35.1,36.05,14969274
PDMJEPAPER,20191107,16.2,16.35,15.7,15.9,40263
PDPL,20191107,2.55,2.55,2.55,2.55,31
PDSMFL,20191107,317.55,324.95,316.05,321,2019
PEARLPOLY,20191107,10,10,9.5,9.5,40320
PEL,20191107,1790,1874.2,1784.65,1799.9,2837336
PENIND,20191107,27.45,29.9,27.15,29.1,1425346
PENINLAND,20191107,5.2,5.75,5.1,5.4,2388714
PERSISTENT,20191107,600.15,616,600.15,612.1,96462
PETRONENGG,20191107,6.85,6.85,6.85,6.85,402
PETRONET,20191107,283.5,285.45,282.75,284.65,1488525
PFC,20191107,111.05,115,110.8,113.35,6239807
PFIZER,20191107,4024.9,4075,4010,4037.45,21861
PFOCUS,20191107,71,84,66.85,80.4,1305145
PFS,20191107,13.3,13.4,13.05,13.2,365582
PGEL,20191107,41.25,41.85,39.75,40.05,70371
PGHH,20191107,11894.7,11894.7,11575,11639.7,1820
PGHL,20191107,4738.9,4850,4625,4655.15,17557
PGIL,20191107,166.05,177.1,161.1,174.9,35268
PHILIPCARB,20191107,122.95,128,122.35,126.85,1220374
PHOENIXLTD,20191107,707.85,722.45,700.55,715.55,25844
PIDILITIND,20191107,1380,1385.85,1366.4,1382.6,331074
PIIND,20191107,1390,1404.75,1385,1396.05,49370
PILANIINVS,20191107,1800,1800,1790,1795.7,9408
PILITA,20191107,5.3,5.95,5.3,5.8,58340
PIONDIST,20191107,137.3,142.25,133.3,140.9,17242
PIONEEREMB,20191107,28.7,29,26.55,27.95,8483
PIRPHYTO,20191107,23.25,23.25,23.25,23.25,486
PITTIENG,20191107,41.65,43.15,41.5,42.45,32871
PKTEA,20191107,137,137,137,137,10
PLASTIBLEN,20191107,173.55,176.75,168.05,170.4,10102
PNB,20191107,64.25,64.6,61.75,61.95,30285269
PNBGILTS,20191107,29.7,29.7,28.05,28.6,296537
PNBHOUSING,20191107,590,595.2,575,580.7,1506455
PNC,20191107,14.9,14.9,14.15,14.7,321
PNCINFRA,20191107,173.8,178.85,170.25,174.85,72463
PODDARHOUS,20191107,398,398,372,372,21
PODDARMENT,20191107,182.5,188.95,176,181.8,7900
POKARNA,20191107,170.2,171.2,166.2,169.8,9640
POLYCAB,20191107,854.5,864.85,849.95,853.35,133978
POLYMED,20191107,209.95,209.95,204,205,206128
POLYPLEX,20191107,495.5,504.8,495.5,497.65,20054
PONNIERODE,20191107,130,130,122.05,127.85,529
POWERGRID,20191107,196,196.85,193.65,194.2,8717658
POWERMECH,20191107,689.95,709,665.05,694.25,17495
PPAP,20191107,186,186.25,175.05,176.3,19186
PPL,20191107,79.05,81,79,79.95,22174
PRABHAT,20191107,86.95,89.1,86.6,87.35,56715
PRADIP,20191107,0.5,0.6,0.5,0.5,1765
PRAENG,20191107,8,8.9,7.6,7.7,32866
PRAJIND,20191107,113,115,110.1,113.8,1087796
PRAKASH,20191107,53.4,59.65,52,55.35,1490106
PRAKASHSTL,20191107,0.2,0.2,0.15,0.2,75785
PRAXIS,20191107,63,65.75,61.55,65.6,4544
PRECAM,20191107,32.9,33.5,29.15,29.7,401320
PRECOT,20191107,29,33,27.55,28.05,2490
PRECWIRE,20191107,183.5,193.85,183.5,187,6267
PREMEXPLN,20191107,166,169.6,166,167.1,887
PREMIER,20191107,2.2,2.2,2.15,2.15,730
PREMIERPOL,20191107,18.55,19.8,17.25,18.15,1182
PRESSMN,20191107,21,21.75,20.5,20.95,6491
PRESTIGE,20191107,319,320.05,303.5,311.8,288926
PRICOLLTD,20191107,34.25,35,34,34.45,54034
PRIMESECU,20191107,46.9,48.75,45.5,47.3,44269
PROSEED,20191107,0.3,0.35,0.25,0.35,114971
PROVOGE,20191107,0.85,0.85,0.85,0.85,42871
PROZONINTU,20191107,20.8,21.9,20.6,21,49415
PRSMJOHNSN,20191107,75,76,71.8,74.4,5399775
PSB,20191107,19.6,20,19.6,19.8,49306
PSL,20191107,0.7,0.7,0.65,0.7,12043
PSPPROJECT,20191107,545.5,549.95,536,539.7,13659
PSUBNKBEES,20191107,279.68,280.64,273.08,273.34,10489
PTC,20191107,57.5,58.6,57.35,58.15,356283
PTL,20191107,37.55,37.55,37.05,37.2,4176
PUNJABCHEM,20191107,525,548.9,525,540,513
PURVA,20191107,68,69.9,65,65.75,274177
PVR,20191107,1769.45,1769.45,1746.4,1758.35,132772
QGOLDHALF,20191107,1692,1694,1681,1682.55,344
QUESS,20191107,510.15,536.35,510.15,516.75,241280
QUICKHEAL,20191107,140.9,143.8,138,139.4,332561
RADAAN,20191107,1.3,1.3,1.3,1.3,2600
RADICO,20191107,315.6,326.5,314.05,323.9,594880
RADIOCITY,20191107,30,30.3,29.1,29.2,38872
RAIN,20191107,102.05,104.8,100.5,104,1058549
RAJESHEXPO,20191107,673.1,688.95,670,675.5,351729
RAJSREESUG,20191107,17.35,17.75,17,17.4,1536
RAJTV,20191107,42.6,43.95,42.5,42.5,6861
RALLIS,20191107,170,170.5,167.3,168,103330
RAMANEWS,20191107,15.45,15.95,15.45,15.65,13884
RAMASTEEL,20191107,47.2,48.5,46,47,13877
RAMCOCEM,20191107,807.6,814.8,800.25,802.2,475774
RAMCOIND,20191107,191,196,186.25,189.6,33712
RAMCOSYS,20191107,156.5,158.9,148.05,153.5,64327
RAMKY,20191107,47.75,49.5,47.5,48.4,33688
RANASUG,20191107,2.65,2.65,2.45,2.55,273548
RANEENGINE,20191107,218.8,218.8,211,211.85,2285
RANEHOLDIN,20191107,882.15,890,865,886.35,3144
RATNAMANI,20191107,930,973,930,959.35,13344
RAYMOND,20191107,634,681,633.95,673.35,2621906
RBL,20191107,509.6,518.95,508.2,512.55,6635
RBLBANK,20191107,306.6,319.4,306.5,308.45,10313805
RCF,20191107,53.15,53.75,52.55,53.2,822660
RCOM,20191107,0.65,0.75,0.65,0.65,61108458
RECLTD,20191107,138.95,144,138,142.8,7850944
REDINGTON,20191107,114.85,115.05,112.75,113.55,51814
REFEX,20191107,43.1,47.1,43.1,47.1,136419
REGENCERAM,20191107,1.75,1.75,1.75,1.75,2000
RELAXO,20191107,573.85,578,555.05,560.8,101173
RELCAPITAL,20191107,24.5,24.55,24.3,24.55,462123
RELIANCE,20191107,1435,1463,1432.2,1458.6,6438749
RELIGARE,20191107,56,57.65,55.25,57.65,413398
RELINFRA,20191107,44.55,44.55,44.55,44.55,151798
REMSONSIND,20191107,85,87.4,80.6,83.35,22225
RENUKA,20191107,8,8.15,7.9,8.1,398120
REPCOHOME,20191107,309,314,302.65,305,201300
REPRO,20191107,640.5,674,640.1,650.55,6205
RESPONIND,20191107,91.7,95,91.55,93.65,136949
REVATHI,20191107,386.35,409,366.55,383.3,1157
RGL,20191107,248.15,254.7,248.15,250.2,1658
RHFL,20191107,6,6,6,6,28999
RICOAUTO,20191107,49,51.3,49,49.45,500035
RIIL,20191107,305,342.8,305,330.85,2089764
RITES,20191107,282,289.5,282,286.3,317517
RKDL,20191107,5.8,6.25,5.8,6.2,2117
RKFORGE,20191107,300,302,295.2,297.8,36679
RMCL,20191107,4.1,4.1,3.85,4.05,322728
RML,20191107,257.35,259.3,255,256.6,3385
RNAM,20191107,337,347,331.1,335.35,2097054
RNAVAL,20191107,4.25,4.25,4.25,4.25,57536
ROHITFERRO,20191107,0.7,0.7,0.7,0.7,1568
ROHLTD,20191107,82.2,82.95,82,82.1,4532
ROLLT,20191107,2.1,2.1,2.1,2.1,10
ROLTA,20191107,5.25,5.4,5,5.4,248146
ROSSELLIND,20191107,64.95,65.9,62.15,64.8,4477
RPGLIFE,20191107,304.6,306.75,290.1,290.9,67345
RPOWER,20191107,4.6,4.6,4.5,4.6,4723502
RPPINFRA,20191107,89.7,90,88.2,88.75,352
RSSOFTWARE,20191107,20.75,22.8,20.75,21.65,11330
RSWM,20191107,105,107.35,103.9,105.15,17924
RSYSTEMS,20191107,49.6,51.5,47.15,51,34781
RTNINFRA,20191107,1.55,1.55,1.55,1.55,27849
RTNPOWER,20191107,1.7,1.7,1.65,1.7,754933
RUBYMILLS,20191107,182.1,184,173.05,183.35,363
RUCHINFRA,20191107,2,2,2,2,2167
RUCHIRA,20191107,79.8,83.2,79.35,82.1,104528
RUCHISOYA,20191107,3.9,3.9,3.6,3.6,4895335
RUPA,20191107,180.9,181.7,176.5,178.35,22470
RUSHIL,20191107,98.9,103.45,97.15,103.4,29721
RVNL,20191107,23.95,24.35,23.85,23.95,4291872
SABTN,20191107,1.55,1.55,1.5,1.5,7306
SADBHAV,20191107,130.25,131.7,129.35,130.5,16849
SADBHIN,20191107,42,42.4,39,40.25,7061
SAFARI,20191107,564.25,574.95,551,555.3,1256
SAGARDEEP,20191107,62.5,62.6,61.85,62.6,4865
SAGCEM,20191107,580,586.8,572.05,575.8,2497
SAIL,20191107,39.4,40.7,38.5,39.95,38197820
SAKAR,20191107,55,55,52,52.4,12075
SAKHTISUG,20191107,8.9,9,8.5,8.8,18431
SAKSOFT,20191107,242.95,243,239.2,240.15,7352
SAKUMA,20191107,7.1,7.1,6.95,7.05,139492
SALASAR,20191107,133,139.9,122.2,130.55,114501
SALONA,20191107,65.4,70,65.4,69.9,239
SALSTEEL,20191107,2.5,2.6,2.4,2.6,15131
SALZERELEC,20191107,124.4,127.55,123.6,126.65,6118
SAMBHAAV,20191107,3.25,3.55,3,3.45,35521
SANCO,20191107,15.9,16.5,14.75,16.2,204620
SANDESH,20191107,610.25,629.8,588.8,608.95,550
SANDHAR,20191107,237.25,241.65,237.25,240,1302
SANGAMIND,20191107,52,54.5,50.2,52.15,62658
SANGHIIND,20191107,44.5,44.65,43.75,44.05,131830
SANGHVIFOR,20191107,30.15,32.4,30.15,32.35,40
SANGHVIMOV,20191107,75.9,75.9,72.75,74.05,20897
SANGINITA,20191107,151,151.05,146.4,147.1,88345
SANOFI,20191107,6560,6645,6480.6,6497.95,4914
SANWARIA,20191107,2.1,2.15,2.05,2.15,6318300
SARDAEN,20191107,194.45,199.95,190.2,191,89874
SAREGAMA,20191107,391.3,422,391.3,407.05,9250
SARLAPOLY,20191107,20.15,20.25,19.9,20.05,65133
SASKEN,20191107,640.1,651.9,628.05,633.95,36614
SASTASUNDR,20191107,87,87,84.05,86.65,2048
SATHAISPAT,20191107,3,3.15,2.85,3.15,50923
SATIA,20191107,80.05,82.6,77.3,79.15,36187
SATIN,20191107,238.7,239,225.05,228.8,103574
SBIETFQLTY,20191107,103,103.9,101,101.96,1163
SBILIFE,20191107,973.4,991,968.2,986.45,1351432
SBIN,20191107,318.25,323.3,316.8,318.15,33926772
SCAPDVR,20191107,0.4,0.5,0.4,0.5,1279
SCHAEFFLER,20191107,4159.95,4344.7,4150,4305.3,6023
SCHAND,20191107,67.3,69.9,64.1,65.35,33630
SCHNEIDER,20191107,69.8,71.85,68,69,141410
SCI,20191107,60,60,57.15,57.5,2122896
SDBL,20191107,122,122,115.2,120.4,11115
SEAMECLTD,20191107,425,484.3,424.95,464.2,28170
SELAN,20191107,142.5,155,142.5,153.05,56710
SELMCL,20191107,0.75,0.8,0.7,0.75,58397
SEPOWER,20191107,3.2,3.25,3,3.25,7780
SEQUENT,20191107,72.1,73.8,71.3,73.35,156746
SESHAPAPER,20191107,178.15,183.2,178,178.9,4119
SETCO,20191107,15.05,15.55,15,15.25,71537
SETF10GILT,20191107,187.1,187.1,187,187,4344
SETFGOLD,20191107,3525.9,3698.8,3452.5,3468.7,3929
SETFNIF50,20191107,123.16,123.8,122.81,123.34,603005
SETFNIFBK,20191107,310,311.08,307.81,308.97,461840
SETFNN50,20191107,295.95,295.95,292.33,294.52,3437
SETUINFRA,20191107,1.45,1.5,1.4,1.45,44436
SEYAIND,20191107,198.55,205,178.7,182.15,37377
SFL,20191107,1250,1251.1,1235,1240.6,2158
SGL,20191107,8,8.05,7.6,7.9,3098
SHAHALLOYS,20191107,8.55,8.8,8.45,8.45,3173
SHAKTIPUMP,20191107,259.5,261,257.65,258.35,15285
SHALBY,20191107,112.5,114.45,108.65,110.25,50063
SHALPAINTS,20191107,98.95,100,97.1,97.75,40425
SHANKARA,20191107,372,372,355.5,358.8,192708
SHANTIGEAR,20191107,100.3,102.8,100.25,101.5,13981
SHARDACROP,20191107,276.1,280.05,270.65,277.35,3987
SHARDAMOTR,20191107,1099.05,1115,1090.2,1096.1,1621
SHARIABEES,20191107,264.85,264.85,262,262.51,17
SHEMAROO,20191107,180.05,181.7,176.3,177.4,5041
SHILPAMED,20191107,310,325,310,322.55,11288
SHIRPUR-G,20191107,6.4,7,6.4,6.4,143604
SHIVAMAUTO,20191107,26.3,26.95,25.65,26.15,139815
SHIVAMILLS,20191107,34.8,34.95,33.2,34.5,2204
SHIVATEX,20191107,110.1,127.4,103.6,109.4,5054
SHK,20191107,130,130,126.3,128.15,25891
SHOPERSTOP,20191107,369,373.8,369,370.65,2571
SHREDIGCEM,20191107,22,22.15,20.5,21.35,177603
SHREECEM,20191107,19950,20157.65,19873.55,20040.75,24010
SHREEPUSHK,20191107,99.2,100.6,95.5,96.2,14017
SHREERAMA,20191107,3.95,4.1,3.8,4.05,13696
SHRENIK,20191107,57.5,57.5,55.65,56.75,43676
SHREYANIND,20191107,123.5,125.9,122.2,123.7,7528
SHREYAS,20191107,82.9,84,78.45,78.9,4610
SHRIPISTON,20191107,758.65,758.65,705,710.5,220
SHRIRAMCIT,20191107,1349.95,1349.95,1327.5,1331.9,3419
SHRIRAMEPC,20191107,7,7.1,6.75,6.8,321558
SHYAMCENT,20191107,2.95,2.95,2.8,2.95,17993
SICAGEN,20191107,19.05,19.6,18.1,18.7,10613
SICAL,20191107,23.4,23.65,22.25,23.65,472228
SIEMENS,20191107,1686.7,1699.95,1659,1665.05,649773
SIGIND,20191107,23,23.1,22.65,22.65,2579
SIL,20191107,11.1,11.85,11.1,11.85,501
SILINV,20191107,145.5,149.95,136.55,149.8,5339
SIMBHALS,20191107,6.95,6.95,6.55,6.65,5586
SIMPLEXINF,20191107,56.95,57,55.5,55.85,34458
SINTEX,20191107,0.6,0.6,0.6,0.6,3820485
SIRCA,20191107,171,179,171,173.35,5868
SIS,20191107,890,924.5,890,910.7,7485
SITINET,20191107,1.85,1.85,1.85,1.85,2906
SIYSIL,20191107,243,243.9,236.2,242.2,7727
SJVN,20191107,24.6,24.9,24.45,24.5,2746741
SKFINDIA,20191107,2160,2196.8,2155.25,2182.65,13071
SKIL,20191107,4.95,5,4.75,5,25777
SKIPPER,20191107,59.65,59.8,57.65,58,16637
SKMEGGPROD,20191107,42.65,46.8,40.1,44.15,173841
SMARTLINK,20191107,88.75,88.8,86.25,88.4,779
SMLISUZU,20191107,556,558.65,545.15,547.35,4931
SMSLIFE,20191107,325.05,325.05,310.1,317.55,15558
SMSPHARMA,20191107,41.75,41.75,40.2,41.05,59254
SNOWMAN,20191107,39.8,40.35,38.7,39.1,378031
SOBHA,20191107,470,470,433.5,439.8,451326
SOLARA,20191107,415,420.7,409.9,417,17189
SOLARINDS,20191107,1064.95,1068.8,1041.2,1059.55,4008
SOMANYCERA,20191107,189.7,195.8,182.9,184.75,392402
SOMATEX,20191107,3.1,3.15,2.9,3.1,376
SOMICONVEY,20191107,14.5,14.5,12.7,13.95,1468
SONATSOFTW,20191107,311.8,312.85,306,307.65,84635
SORILINFRA,20191107,116.2,116.2,116.2,116.2,4230
SOTL,20191107,948.05,959.95,940,940.4,449
SOUTHBANK,20191107,11,11.2,10.95,11.1,4229156
SOUTHWEST,20191107,16.55,17.8,16.5,17.45,50984
SPAL,20191107,219.75,229,212.4,222.9,13385
SPANDANA,20191107,1260,1345,1260,1313.05,203401
SPARC,20191107,153.3,167.1,149.1,164.55,2849857
SPCENET,20191107,0.95,0.95,0.9,0.9,11600
SPECIALITY,20191107,79.95,82,79.05,80.5,29117
SPENCERS,20191107,71.9,72.5,70,71.45,53336
SPENTEX,20191107,0.35,0.35,0.3,0.35,7126
SPIC,20191107,20.7,21.25,20.7,21.05,26997
SPICEJET,20191107,115.45,115.9,114.1,114.65,605545
SPLIL,20191107,30.5,30.8,30.05,30.25,28170
SPMLINFRA,20191107,12.35,12.35,12.35,12.35,55525
SPTL,20191107,1.4,1.4,1.4,1.4,565537
SPYL,20191107,0.25,0.3,0.25,0.25,73012
SREEL,20191107,172.25,179,168.25,173,15147
SREINFRA,20191107,9.05,9.9,9.05,9.05,2892010
SRF,20191107,3079,3165,3039,3148.75,720917
SRHHYPOLTD,20191107,102,105.8,101.05,103.5,4693
SRIPIPES,20191107,172.2,176.2,171.75,174.65,38223
SRTRANSFIN,20191107,1152.5,1181.55,1138,1152.45,1663203
SSWL,20191107,771.1,776.95,768.4,775.05,1451
STAMPEDE,20191107,0.7,0.7,0.65,0.7,71324
STAR,20191107,395.9,402.6,388.75,399.05,492601
STARCEMENT,20191107,98.6,99.65,95.75,96.4,104403
STARPAPER,20191107,105.9,106.5,104.5,105.4,38626
STCINDIA,20191107,65,66.95,63.2,64.4,18147
STEELCITY,20191107,37,37,31.65,31.65,3152
STEELXIND,20191107,11.9,11.95,11.25,11.45,2782
STEL,20191107,72,72.9,68.6,69.15,2646
STERTOOLS,20191107,195,195,176.2,186.25,18111
STINDIA,20191107,6.35,6.35,6.05,6.05,8
STRTECH,20191107,131.5,131.95,128.05,129.25,705123
SUBCAPCITY,20191107,5.55,5.55,5.55,5.55,3
SUBEX,20191107,5.35,5.4,5.15,5.25,209396
SUBROS,20191107,247.75,247.75,238.05,240,22574
SUDARSCHEM,20191107,395.2,410,386.3,399.55,212132
SUJANAUNI,20191107,0.15,0.2,0.15,0.15,171963
SUMEETINDS,20191107,2.3,2.3,2.3,2.3,32859
SUMIT,20191107,22,22,20.5,21.25,15775
SUMMITSEC,20191107,450,462,444,444.85,2027
SUNCLAYLTD,20191107,2179.8,2249.9,2179.8,2210.9,2308
SUNDARAM,20191107,1.4,1.4,1.35,1.4,294020
SUNDARMFIN,20191107,1592.4,1599.95,1580.3,1590.5,4690
SUNDARMHLD,20191107,68.1,68.55,67.4,67.9,86017
SUNDRMBRAK,20191107,247,249.9,242.3,247.25,1328
SUNDRMFAST,20191107,469.5,474.4,461.5,470.2,41686
SUNFLAG,20191107,27,28.65,27,27.95,167656
SUNPHARMA,20191107,431.7,444,423.4,440.6,14294406
SUNTECK,20191107,440.1,445.8,430.55,434.05,320120
SUNTV,20191107,524,529,514.8,527.5,806540
SUPERHOUSE,20191107,92,93.7,88.1,91.1,4179
SUPERSPIN,20191107,4.25,4.3,3.95,4.05,29687
SUPPETRO,20191107,170.05,171.3,168.55,169.65,2327
SUPRAJIT,20191107,183.5,183.5,175.3,177.65,17372
SUPREMEIND,20191107,1157,1163.8,1135,1149.25,27790
SURANASOL,20191107,5.5,6.1,5.5,5.9,10838
SURANAT&P,20191107,3.45,3.7,3.45,3.45,1802
SURYALAXMI,20191107,17.9,18.8,17.35,17.95,7362
SURYAROSNI,20191107,180.9,182.75,178.1,179.85,25348
SUTLEJTEX,20191107,30,32.75,29.9,32.4,24635
SUVEN,20191107,287.1,293.5,287.1,289.35,238977
SUZLON,20191107,2.85,3.15,2.8,3,27468053
SWANENERGY,20191107,102.95,103.65,102.05,102.85,56195
SWARAJENG,20191107,1100.5,1124,1100,1102.25,3138
SWELECTES,20191107,117,119.95,117,118.45,66288
SWSOLAR,20191107,555.1,565,551.15,559.7,28772
SYMPHONY,20191107,1240.5,1265,1239.1,1247.35,2922
SYNCOM,20191107,0.9,1,0.9,0.9,5476
SYNDIBANK,20191107,29,29.3,28.75,29.2,661274
SYNGENE,20191107,328.25,331.5,316,323.4,80829
TAINWALCHM,20191107,53.95,61,50.5,59.45,7232
TAJGVK,20191107,176,177.95,171.15,172.3,21087
TAKE,20191107,111,112,108.35,108.6,104162
TALBROAUTO,20191107,119,120.05,114.4,115.4,17626
TALWALKARS,20191107,4.85,4.85,4.85,4.85,9261
TALWGYM,20191107,4.9,4.9,4.9,4.9,10180
TANLA,20191107,45.3,45.6,43.2,44.2,96409
TARAPUR,20191107,4.15,4.3,4,4.25,159
TARMAT,20191107,25.5,26.55,25.5,26.55,7084
TASTYBITE,20191107,10070,10349.95,8900.05,9316.75,2286
TATACHEM,20191107,644,647.8,642.1,643.8,326444
TATACOFFEE,20191107,83.1,84.9,82.05,83.2,213053
TATACOMM,20191107,359,377.9,355.65,372,125884
TATAELXSI,20191107,813,823.55,801,815.15,553647
TATAGLOBAL,20191107,300.5,302.5,296.3,300.85,2003799
TATAINVEST,20191107,826.75,839.95,826.75,832.6,9245
TATAMETALI,20191107,611.8,611.8,588,590.85,65333
TATAMOTORS,20191107,174.7,174.7,167.6,171.5,38625387
TATAMTRDVR,20191107,80.2,80.5,77.15,79,5408742
TATAPOWER,20191107,59.4,59.4,57.5,58.75,9181608
TATASTEEL,20191107,404,408.85,388.8,403.1,40700760
TATASTLBSL,20191107,25.5,25.85,24.65,25.45,987639
TATASTLLP,20191107,409.85,413.95,402,405.05,33482
TBZ,20191107,43.45,44.6,40.45,40.95,217869
TCI,20191107,286,287.4,280.5,281.95,7551
TCIDEVELOP,20191107,383.95,384,340.65,349.9,124
TCIEXP,20191107,779.95,779.95,758.1,760.7,18105
TCIFINANCE,20191107,9.7,9.7,9.05,9.05,6826
TCNSBRANDS,20191107,737.15,738.95,725,727.95,2520
TCPLPACK,20191107,282.4,293,271.05,290.25,3810
TCS,20191107,2204.5,2204.5,2175.2,2185.35,1915598
TDPOWERSYS,20191107,148,159,145,146.8,14838
TEAMLEASE,20191107,2845,2906.95,2818.25,2871.15,9118
TECHIN,20191107,3.1,3.1,2.95,3.05,735
TECHM,20191107,775,775,765.05,769.7,2060900
TECHNOE,20191107,274.95,275,268,270.55,3506
TECHNOFAB,20191107,22.8,22.8,22.8,22.8,2522
TEJASNET,20191107,81,81,77.5,77.8,92724
TERASOFT,20191107,27.7,27.7,26,26.6,5399
TEXINFRA,20191107,45.3,45.3,43.5,44,106153
TEXMOPIPES,20191107,16.2,16.2,15.7,15.95,20269
TEXRAIL,20191107,43.85,44,43.45,43.65,60642
TFCILTD,20191107,79.6,82.85,79.6,82.05,75798
TFL,20191107,3.85,4.2,3.85,4.15,3899
TGBHOTELS,20191107,3.5,3.5,3.35,3.35,16325
THANGAMAYL,20191107,351.2,353.45,349.7,349.9,1270
THEINVEST,20191107,142.3,142.3,125.55,129.95,720
THEMISMED,20191107,295,298,283,284.25,626
THERMAX,20191107,1130,1133.55,1092.4,1100.25,26753
THOMASCOOK,20191107,126.9,137,126.05,133.1,536929
THOMASCOTT,20191107,4.55,4.75,4.55,4.75,149
THYROCARE,20191107,595.35,602.9,552.6,558.55,73131
TI,20191107,13.6,15.95,13.35,14.35,537618
TIDEWATER,20191107,4940,5275,4940,4996.3,1432
TIIL,20191107,344.95,349.7,337.2,340.2,4591
TIINDIA,20191107,446,458.9,443.05,449.2,174853
TIJARIA,20191107,9,9.35,8.7,9,27371
TIL,20191107,203.7,203.7,194,198.2,1902
TIMESGTY,20191107,39.9,39.9,28.5,32.85,1110
TIMETECHNO,20191107,65,65.45,63.65,63.85,126839
TIMKEN,20191107,879,899,873.75,890.85,19411
TINPLATE,20191107,122.2,133.7,120.3,131.55,1858780
TIPSINDLTD,20191107,71.95,73.6,70.25,72.6,2402
TIRUMALCHM,20191107,67.9,67.95,66.5,66.8,224930
TITAN,20191107,1161,1179,1156.45,1167.2,6500446
TMRVL,20191107,18.6,19.1,18.6,18.9,23768
TNPETRO,20191107,35.65,36.65,35.55,35.6,30808
TNPL,20191107,191.6,198.7,188.65,193.55,130761
TNTELE,20191107,1.25,1.25,1.25,1.25,100
TOKYOPLAST,20191107,82,82.05,74.25,75.75,9128
TORNTPHARM,20191107,1820,1825,1804.6,1819.3,55977
TORNTPOWER,20191107,291.8,297.5,289.05,296.05,1910889
TPLPLASTEH,20191107,126.05,132,123.35,129.05,1181
TREEHOUSE,20191107,5.8,6,5.7,5.95,12928
TREJHARA,20191107,16.6,16.6,15.55,15.95,4770
TRENT,20191107,537.7,550,537.7,540.9,126492
TRF,20191107,109.1,116.65,105,113.75,103681
TRIDENT,20191107,65.7,65.95,64.2,64.45,396320
TRIGYN,20191107,52.5,52.9,51.65,52.25,12552
TRIL,20191107,7.85,7.85,7.6,7.65,86356
TRITURBINE,20191107,103.2,106.5,99.15,104.25,136612
TRIVENI,20191107,67,67.65,66,66.5,281827
TTKHLTCARE,20191107,491.4,522,481.1,494.85,5559
TTKPRESTIG,20191107,6160,6237.85,6071.15,6104.3,2327
TTL,20191107,44.05,44.05,42,43.7,1279
TTML,20191107,2.7,2.7,2.65,2.65,196493
TV18BRDCST,20191107,24.05,24.7,23.8,24.2,1221491
TVSELECT,20191107,124,127,120.65,125.05,12587
TVSMOTOR,20191107,461.55,463.95,447.55,449.3,1537259
TVSSRICHAK,20191107,1836.05,1870,1836.05,1860.6,1484
TVTODAY,20191107,291,299.45,291,297.7,16923
TVVISION,20191107,1.4,1.4,1.4,1.4,300
TWL,20191107,44.45,45.5,43.3,43.45,480110
UBL,20191107,1260,1265.3,1221,1236.6,642326
UCALFUEL,20191107,127.25,129.35,125.55,126.35,10008
UCOBANK,20191107,13.8,15.5,13.7,14.25,5382582
UFLEX,20191107,206.5,207,201.2,205.35,36339
UFO,20191107,134.8,137.3,117.95,134.9,78149
UGARSUGAR,20191107,13.95,13.95,13.25,13.35,69748
UJAAS,20191107,3.4,3.4,3.2,3.25,193397
UJJIVAN,20191107,278,283.5,276.6,281.1,1630987
ULTRACEMCO,20191107,4160,4235.25,4160,4187.4,615076
UMANGDAIRY,20191107,39.05,39.55,38.15,38.5,1735
UMESLTD,20191107,0.95,0.95,0.95,0.95,85
UNICHEMLAB,20191107,164,168.8,159.9,161.3,74350
UNIENTER,20191107,67.85,69.8,66.35,67,4760
UNIONBANK,20191107,57.3,58.05,55.5,55.85,8015791
UNIPLY,20191107,19.75,24.05,19.75,24.05,2339624
UNITECH,20191107,0.6,0.6,0.55,0.6,4327189
UNITEDBNK,20191107,9.2,9.25,8.75,8.9,776743
UNITEDTEA,20191107,282.85,282.85,270.1,274.2,181
UNIVCABLES,20191107,182.8,189.25,181.3,186.1,34090
UPL,20191107,612,612,557.1,577.7,4504826
URJA,20191107,1.75,1.75,1.65,1.75,1660309
USHAMART,20191107,30.9,31.2,30.55,30.95,299111
UTINEXT50,20191107,289,291.95,286.01,291.76,821
UTINIFTETF,20191107,1269,1273.1,1263.75,1268.48,127
UTISENSETF,20191107,420,429.49,420,429,212
UTTAMSTL,20191107,8.1,8.3,7.95,7.95,40158
UTTAMSUGAR,20191107,104.1,105,101.5,102.6,102818
UVSL,20191107,0.05,0.1,0.05,0.1,1443941
V2RETAIL,20191107,117.5,119.8,114,118.45,55713
VADILALIND,20191107,768.1,780,758.1,766,11808
VAIBHAVGBL,20191107,793,844.3,793,831.15,12131
VAKRANGEE,20191107,40.6,41.1,40.25,40.45,4339234
VARDHACRLC,20191107,35.65,35.65,35.2,35.45,31028
VARDMNPOLY,20191107,1.75,1.75,1.75,1.75,35
VARROC,20191107,485.5,488.35,465.2,470.85,11476
VASCONEQ,20191107,14.8,15,14.1,14.25,221965
VASWANI,20191107,5.05,5.55,4.9,5.25,12685
VBL,20191107,757.55,789,750,756.25,1014528
VEDL,20191107,158.95,163,155.35,160.95,15683045
VENKEYS,20191107,1784.85,1887.25,1762.05,1874.45,623030
VENUSREM,20191107,25.45,25.45,24.15,25,6073
VESUVIUS,20191107,1002.85,1003,990,990.3,7229
VETO,20191107,47.05,47.95,46.15,47.15,9316
VGUARD,20191107,254.6,254.6,240,242.7,1967285
VHL,20191107,1450,1480,1450,1451.75,353
VICEROY,20191107,1.5,1.55,1.5,1.55,13418
VIDHIING,20191107,64.05,67.05,64.05,65.8,8257
VIJIFIN,20191107,0.4,0.45,0.4,0.45,53557
VIKASECO,20191107,3.35,3.4,3.2,3.4,615798
VIKASMCORP,20191107,3.8,4.05,3.75,4.05,390003
VIKASPROP,20191107,4.15,4.15,4.15,4.15,20037
VIKASWSP,20191107,10.1,10.15,9.8,9.95,139509
VIMALOIL,20191107,5.45,5.45,5.45,5.45,50
VIMTALABS,20191107,120,120,114.75,117.1,5010
VINATIORGA,20191107,2101,2125,2060.4,2082.3,18894
VINDHYATEL,20191107,913.85,938,912.55,927.25,4107
VINYLINDIA,20191107,65.2,65.9,63.55,63.95,7786
VIPCLOTHNG,20191107,7.1,7.25,7,7,153472
VIPIND,20191107,456.95,463.5,445,455.85,642810
VIPULLTD,20191107,27.9,27.95,27,27.35,102944
VISAKAIND,20191107,267.95,270,265,265.6,28481
VISASTEEL,20191107,6,6,5.7,5.95,6814
VISESHINFO,20191107,0.1,0.1,0.05,0.05,3221958
VISHAL,20191107,319,319,318,318,20
VISHNU,20191107,138.45,140.9,132.3,134.05,2710
VISHWARAJ,20191107,86.1,94.5,77,80.65,668547
VIVIDHA,20191107,0.2,0.2,0.15,0.15,35026
VIVIMEDLAB,20191107,14.1,14.15,13.7,13.95,60878
VLSFINANCE,20191107,55.15,57.25,54.2,54.55,15780
VMART,20191107,1760.05,1768.4,1732.05,1749.8,15084
VOLTAMP,20191107,1038.85,1044.9,1020,1022.45,4071
VOLTAS,20191107,674.5,681.5,657.15,666.65,2729712
VRLLOG,20191107,261.5,267.5,261.5,266.25,10680
VSSL,20191107,70,71,66.1,68.6,2957
VSTIND,20191107,4070,4206.8,3975.8,4177.8,6449
VSTTILLERS,20191107,1286.2,1306.75,1260,1273.85,3378
VTL,20191107,880.05,900,880.05,895.15,25552
WABAG,20191107,185.7,185.7,178.2,179.6,82496
WABCOINDIA,20191107,6114.55,6199,6103.5,6186.3,2310
WALCHANNAG,20191107,68.25,71.8,68,69.7,1485964
WANBURY,20191107,13.05,14.2,13.05,14.1,1077
WATERBASE,20191107,133,152.9,117.15,144.15,2358891
WEBELSOLAR,20191107,28.25,28.25,25.65,25.65,190497
WEIZFOREX,20191107,280,284.7,275.05,280.9,74
WEIZMANIND,20191107,24.75,24.75,23.35,23.45,1500
WELCORP,20191107,142,143.6,140.15,141.85,1125331
WELENT,20191107,88.8,88.8,87,87.8,64423
WELINV,20191107,197,200,193.85,199.55,223
WELSPUNIND,20191107,56.85,58.25,56.55,57.5,748942
WENDT,20191107,3098,3149,3093.3,3134.35,762
WESTLIFE,20191107,400,400,372.1,382.1,69567
WHEELS,20191107,638,638,618.15,625.35,2120
WHIRLPOOL,20191107,2135,2222,2108.7,2183.7,128247
WILLAMAGOR,20191107,14.6,14.95,14.5,14.65,6584
WINDMACHIN,20191107,19.7,21.7,19.7,20.5,4794
WINSOME,20191107,0.15,0.15,0.15,0.15,2000
WIPL,20191107,61.4,61.4,58.5,58.7,790
WIPRO,20191107,257,260.5,256.6,259.65,2126967
WOCKPHARMA,20191107,301.9,304.7,297.15,301.1,512271
WONDERLA,20191107,284.7,284.7,274.05,275.95,17301
WSI,20191107,0.9,0.95,0.9,0.9,1042
WSTCSTPAPR,20191107,231,232,227,227.65,59548
XCHANGING,20191107,54.5,55.35,53.9,54,42130
XELPMOC,20191107,68.2,72.2,68.2,70.8,3877
XLENERGY,20191107,0.45,0.5,0.4,0.45,5801
XPROINDIA,20191107,25.9,25.9,22.7,23.25,6288
YESBANK,20191107,68,69.3,66,66.45,189859140
ZEEL,20191107,288,292.45,282.2,285.75,10964624
ZEELEARN,20191107,23.05,23.05,21.85,22.05,65084
ZEEMEDIA,20191107,6.45,6.45,6.45,6.45,99685
ZENITHBIR,20191107,0.75,0.75,0.65,0.65,111879
ZENITHEXPO,20191107,46,46,41.05,43.9,3054
ZENSARTECH,20191107,187.55,192.05,187.55,191.4,62771
ZENTEC,20191107,66.6,67,64.9,65.85,55968
ZICOM,20191107,1.3,1.35,1.3,1.35,10696
ZODIACLOTH,20191107,182.15,192,182.1,191.75,213
ZODJRDMKJ,20191107,31.1,38.9,31.1,36.9,3838
ZOTA,20191107,184.95,185.65,183,184.5,21682
ZUARI,20191107,95.6,96.55,90.5,91.5,37496
ZUARIGLOB,20191107,60.5,60.8,58.25,59.45,21531
ZYDUSWELL,20191107,1684.45,1684.45,1636.95,1643.65,5653
NSENIFTY,20191107,12021.10,12021.40,11946.85,12012.05,562963817,0
NIFTYJUNIOR,20191107,28673.15,28735.60,28579.20,28686.25,482454082,0
NIFTYMIDCAPLIQ15,20191107,3921.90,3928.15,3901.00,3917.50,56804799,0
NSE100,20191107,12160.25,12161.60,12090.35,12152.95,1050826641,0
NIFTY200,20191107,6194.10,6194.85,6160.00,6190.70,1445361499,0
NSE500,20191107,9768.90,9771.30,9718.25,9764.30,1686471088,0
NSEMIDCAP150,20191107,6189.75,6197.45,6167.50,6191.50,425072897,0
MIDCAP50,20191107,4627.55,4635.30,4604.80,4630.60,362155129,0
NSEMIDCAP,20191107,16797.65,16809.80,16717.20,16796.00,394534858,0
NIFTYSMALLCAP250,20191107,-,-,-,4796.40,-,0
NIFTYSMALLCAP50,20191107,-,-,-,2781.75,-,0
NSESMLCAP100,20191107,5768.20,5783.15,5749.05,5761.65,-,0
NIFTYLARGEMIDCAP250,20191107,-,-,-,5953.69,1475899538,0
NIFTYMIDSMALLCAP400,20191107,-,-,-,5692.45,-,0
NIFTYAUTO,20191107,8273.75,8276.25,8164.90,8239.90,81620633,0
BANKNIFTY,20191107,30722.60,30821.35,30462.55,30633.15,364819481,0
NIFTYFINSERVICE,20191107,13908.60,13936.40,13828.00,13894.90,200536511,0
NIFTYFMGC,20191107,32587.80,32608.05,32340.75,32535.90,30953761,0
NSEIT,20191107,15635.50,15639.70,15532.15,15624.40,24251273,0
NIFTYMEDIA,20191107,1840.85,1852.90,1820.00,1839.20,43595124,0
NIFTYMETAL,20191107,2645.35,2677.85,2596.70,2659.05,209561002,0
NIFTYPHARMA,20191107,7942.30,7982.00,7871.00,7966.00,43836719,0
NIFTYPVTBANK,20191107,16897.20,16958.05,16775.90,16876.20,267816559,0
NIFTYPSUBANK,20191107,2529.65,2548.40,2478.20,2484.10,125978743,0
NIFTYREALTY,20191107,282.60,282.60,275.20,276.45,28105589,0
NIFTYCOMMODITIES,20191107,3467.10,3468.40,3433.00,3452.85,265389461,0
NIFTYCONSUMPTION,20191107,5130.00,5132.15,5094.75,5123.25,79542949,0
NIFTYCPSE,20191107,2040.85,2042.45,2014.90,2023.20,113741786,0
NIFTYENERGY,20191107,16255.60,16277.15,16108.90,16194.65,68171922,0
NIFTY100ESG,20191107,-,-,-,2228.35,907042768,0
NIFTY100ENHESG,20191107,-,-,-,2257.84,866495111,0
NIFTYINFRA,20191107,3299.95,3301.90,3274.00,3286.85,141525428,0
NIFTYMNC,20191107,14161.70,14164.70,14053.75,14141.80,215756918,0
NIFTYPSE,20191107,3416.90,3417.45,3368.20,3374.80,146534597,0
NIFTYSMEEMERGE,20191107,-,-,-,1375.68,527750,0
NIFTYSERVSECTOR,20191107,16839.25,16860.55,16746.80,16813.65,472392586,0
NIFTYSHARIAH25,20191107,-,-,-,4496.10,79527578,0
NIFTY50SHARIAH,20191107,-,-,-,2543.56,81835323,0
NIFTY500SHARIAH,20191107,-,-,-,3023.19,305655844,0
NIFTYABGROUP,20191107,-,-,-,2880.51,196169310,0
NIFTYMAHINDRA,20191107,-,-,-,10239.03,7543242,0
NIFTYTATA,20191107,-,-,-,6962.69,110790622,0
NIFTYTATA25CAP,20191107,-,-,-,4798.43,102377570,0
NIFTYABGROUP,20191107,-,-,-,2880.51,196169310,0
NIFTYLIQ15,20191107,3782.05,3796.80,3746.20,3776.50,477912057,0
NIFTY500VALUE50,20191107,-,-,-,3732.55,371227619,0
NIFTYALPHALOWVOL30,20191107,-,-,-,12213.85,125653091,0
NIFTYQUALLOWVOL30,20191107,-,-,-,8708.01,86105260,0
NIFTYALPHAQUALLOWVOL30,20191107,-,-,-,9910.48,92009414,0
NIFTYALPHAQUALVALLOWVOL30,20191107,-,-,-,7508.87,100557667,0
NIFTY50EQUALWEIGHT,20191107,12509.15,12510.00,12392.45,12460.90,562963817,0
NIFTY100EQUALWEIGHT,20191107,13454.95,13460.50,13355.25,13412.70,1050826641,0
NIFTY100LOWVOL30,20191107,9145.10,9151.70,9091.35,9141.10,102859093,0
NSEDEFTY,20191107,-,-,-,5864.91,-,0
NIFTY50DIVPOINT,20191107,117.35,117.35,117.35,117.35,-,0
NIFTYDIVOPPS50,20191107,2650.25,2650.40,2628.35,2639.50,274140587,0
NIFTYALPHA50,20191107,12904.15,12905.65,12824.70,12880.45,127763070,0
NIFTY50ARBITRAGE,20191107,-,-,-,1868.77,-,0
NIFTY50FUTINDEX,20191107,-,-,-,4075.63,-,0
NIFTY50FUTTRINDEX,20191107,-,-,-,12117.37,-,0
NIFTYHIGHBETA50,20191107,-,-,-,1360.41,1037836296,0
NIFTYLOWVOL50,20191107,-,-,-,10697.04,124322043,0
NIFTY200QUALITY30,20191107,-,-,-,10114.75,-,0
NIFTY50VALUE20,20191107,5567.55,5567.80,5515.75,5547.40,336915525,0
NIFTYGROWSECT15,20191107,6408.55,6423.25,6374.95,6415.00,73302438,0
NIFTY50TR2XLEV,20191107,6761.50,6761.50,6678.65,6751.35,-,0
NIFTY50PR2XLEV,20191107,5201.90,5201.90,5138.15,5194.10,-,0
NIFTY50TR1XINV,20191107,339.35,341.50,339.35,339.65,-,0
NIFTY50PR1XINV,20191107,386.90,389.30,386.90,387.15,-,0
NIFTY-GS-COMPSITE,20191107,2047.14,2047.66,2045.23,2044.46,-,0
NIFTY-GS-4-8YR,20191107,2136.72,2137.17,2135.06,2135.18,-,0
NIFTY-GS-8-13YR,20191107,2012.41,2013.26,2010.46,2009.31,-,0
NIFTY-GS-10YR,20191107,1858.45,1860.81,1856.64,1856.37,-,0
NIFTY-GS-10YR-CLN,20191107,948.08,949.29,947.15,947.01,-,0
NIFTY-GS-11-15YR,20191107,2130.72,2131.04,2128.53,2128.07,-,0
NIFTY-GS-15YRPLUS,20191107,2303.13,2303.13,2303.13,2299.39,-,0
VIX,20191107,15.78,15.92,13.53,15.21,0,0
