<ticker>,<date>,<open>,<high>,<low>,<close>,<volume>,<o/i>
20MICRONS,20191120,34.05,35,34.05,34.9,15616
21STCENMGM,20191120,13.75,14.2,13.75,14.1,1111
3IINFOTECH,20191120,1.95,2,1.9,1.95,1502581
3MINDIA,20191120,22275,22479.95,22275,22372.85,624
3PLAND,20191120,6.2,6.2,6.2,6.2,1011
5PAISA,20191120,156,156.05,150,154.05,10551
63MOONS,20191120,104.25,105.4,99.8,101.9,134765
A2ZINFRA,20191120,8.85,9.05,8.8,8.85,144655
AARTIDRUGS,20191120,524,527,520,525.25,8356
AARTIIND,20191120,848.9,857.5,833.1,847.75,94048
AARVEEDEN,20191120,12.95,12.95,12.4,12.6,6814
AAVAS,20191120,1705,1719.8,1690.05,1695.3,16187
ABAN,20191120,28.15,28.45,27,28.1,24069
ABB,20191120,1471.5,1475,1439.25,1449.65,637863
ABBOTINDIA,20191120,12898,12898,12490.7,12578.95,8890
ABCAPITAL,20191120,84.2,85.9,84,85.6,2269017
ABFRL,20191120,217.65,219.05,213.4,216.05,400831
ABSLBANETF,20191120,315,316.2,315,315.72,120
ABSLNN50ET,20191120,284.01,284.01,284.01,284.01,26
ACC,20191120,1497,1504.55,1481,1483.75,536347
ACCELYA,20191120,1130.1,1166,976.05,986.05,135558
ACE,20191120,81.4,82.2,79.75,79.8,114359
ADANIENT,20191120,198.5,207.45,198.1,205.7,3488019
ADANIGAS,20191120,146.15,148.4,146.15,146.55,527163
ADANIGREEN,20191120,96.8,100.9,95.6,98.75,2279188
ADANIPORTS,20191120,364.5,377.1,364,366.7,6385953
ADANIPOWER,20191120,60.3,61.45,59.3,60.35,9165116
ADANITRANS,20191120,269.8,277,265.15,267.1,246911
ADFFOODS,20191120,300.05,303.55,297,298.35,28173
ADHUNIKIND,20191120,102.9,108.7,102.9,107.95,60968
ADLABS,20191120,3.15,3.15,3.15,3.15,40457
ADORWELD,20191120,315.75,317,310.25,313.75,5866
ADROITINFO,20191120,9.5,9.5,9.05,9.05,8228
ADSL,20191120,17.65,17.65,16.1,16.3,114037
ADVANIHOTR,20191120,56.1,57.1,55,56.4,5581
ADVENZYMES,20191120,162.8,183.7,162,178.2,454270
AEGISCHEM,20191120,177.95,182.4,175.1,179.35,145915
AFFLE,20191120,1629.95,1648,1620,1633.75,83129
AGARIND,20191120,106.65,107.9,105,106.1,1704
AGCNET,20191120,129.9,129.9,123,123.7,1805
AGRITECH,20191120,43.15,44.45,42.2,43.1,5238
AGROPHOS,20191120,125.2,126.4,125.2,126.2,666193
AHLEAST,20191120,186,186,171.25,173.75,1044
AHLUCONT,20191120,269.95,280,269.35,274,3172
AHLWEST,20191120,327,329.75,301.75,309.9,4801
AIAENG,20191120,1645,1665,1632,1648.75,7453
AIONJSW,20191120,9.95,10.1,9.9,10.05,85222
AIRAN,20191120,11.25,11.25,11,11.25,4952
AJANTPHARM,20191120,974,1007.95,972.15,1004,246468
AJMERA,20191120,120.5,120.85,117,117.7,58390
AKASH,20191120,62.5,64.5,61,64.5,2001
AKSHARCHEM,20191120,205.4,216.5,200,207.85,2644
AKSHOPTFBR,20191120,6.5,6.5,6.2,6.2,346404
AKZOINDIA,20191120,1944,1960,1902.7,1936.1,20883
ALANKIT,20191120,15.75,15.75,15.25,15.35,32141
ALBERTDAVD,20191120,422.65,422.65,403.45,410,6829
ALBK,20191120,26.15,26.25,24.7,24.85,7155982
ALCHEM,20191120,0.85,0.9,0.85,0.9,35235
ALEMBICLTD,20191120,51.5,55,51.05,52.85,300839
ALICON,20191120,388.1,404.95,373.75,375.85,2413
ALKALI,20191120,40.1,41.95,38.1,39.85,24226
ALKEM,20191120,2120.25,2120.25,2061.55,2083.55,26567
ALKYLAMINE,20191120,1019.95,1038.45,985.1,1014.9,12858
ALLCARGO,20191120,94.45,94.95,92.65,93.3,150265
ALLSEC,20191120,276.7,284.4,276.65,279.25,3208
ALMONDZ,20191120,9.05,9.55,9.05,9.45,289
ALOKTEXT,20191120,2.3,2.3,2.3,2.3,208636
ALPA,20191120,16.7,16.7,15.65,15.75,14293
ALPHAGEO,20191120,162.85,162.9,156.9,158.45,6235
ALPSINDUS,20191120,0.85,0.85,0.85,0.85,836
AMARAJABAT,20191120,753.8,763.25,747,753,426255
AMBER,20191120,985,1005.95,980.15,997.35,22704
AMBIKCO,20191120,880.3,886.9,860,869,3755
AMBUJACEM,20191120,201.65,203,201,201.6,1906946
AMDIND,20191120,16.6,17.1,15,16,7940
AMJLAND,20191120,19.1,19.35,18.5,19.2,7697
AMRUTANJAN,20191120,449.3,450.7,441.1,445,33219
ANANTRAJ,20191120,33.8,34,33.35,33.8,105769
ANDHRABANK,20191120,20.35,20.85,19.5,19.65,5287165
ANDHRACEMT,20191120,2.6,2.65,2.6,2.6,38163
ANDHRSUGAR,20191120,287.65,295.65,287.65,290.75,16021
ANIKINDS,20191120,8.6,8.6,8.2,8.2,1405
ANKITMETAL,20191120,0.75,0.75,0.75,0.75,51304
ANSALAPI,20191120,5.25,5.25,4.8,4.9,108066
ANSALHSG,20191120,6.6,6.7,6.3,6.6,144323
ANTGRAPHIC,20191120,0.55,0.65,0.55,0.55,35182
ANUP,20191120,469.1,476.4,454,459.85,46436
APARINDS,20191120,450,454.15,439.9,444.45,11893
APCL,20191120,152,154.4,148,148.5,4592
APCOTEXIND,20191120,161.95,166,161,164.9,13515
APEX,20191120,290.7,304.05,288.4,294.65,243211
APLAPOLLO,20191120,1525,1550,1510.05,1542.5,18906
APLLTD,20191120,546,556,542.15,547.85,28179
APOLLO,20191120,77.05,77.9,69.7,71.9,85671
APOLLOHOSP,20191120,1422,1437.1,1415,1421.55,660964
APOLLOPIPE,20191120,371.9,371.95,356.05,361.7,8948
APOLLOTYRE,20191120,167.95,170.75,166.5,167.65,2212021
APOLSINHOT,20191120,732.05,748.95,720,725.1,1300
APTECHT,20191120,163,166.25,162.15,163.05,196966
ARCHIDPLY,20191120,27.05,27.05,25.5,26.1,5800
ARCHIES,20191120,19.9,20,19.15,19.25,47618
ARCOTECH,20191120,2.8,2.8,2.8,2.8,8315
ARENTERP,20191120,9.3,9.3,9.3,9.3,6800
ARIES,20191120,65.75,66.5,63,65.05,39610
ARIHANT,20191120,28.5,28.5,24,24.55,15201
ARIHANTSUP,20191120,24.55,26.4,24.55,25.55,695
ARMANFIN,20191120,543.5,553.95,535.4,540.85,3508
AROGRANITE,20191120,39.95,40,36.3,37.55,6027
ARROWGREEN,20191120,55.85,55.85,51.5,52.15,4079
ARROWTEX,20191120,9.5,10,9.4,9.55,20100
ARSHIYA,20191120,16.2,16.6,15.95,16,32274
ARSSINFRA,20191120,24.05,24.9,23.1,23.7,14103
ARVIND,20191120,47.5,51.25,47.3,48.75,3027627
ARVINDFASN,20191120,359.55,362.35,350,355.5,105616
ARVSMART,20191120,89,91.9,86.15,89.05,16320
ASAHIINDIA,20191120,200.45,204.85,199.9,200.4,20790
ASAHISONG,20191120,148.9,148.9,142.2,143.15,2042
ASAL,20191120,32.1,32.3,30.35,31.45,4432
ASHAPURMIN,20191120,26.1,27.95,25.65,25.65,28328
ASHIANA,20191120,98.05,99.65,95.05,96.65,62563
ASHIMASYN,20191120,7.1,7.25,6.95,7.1,14004
ASHOKA,20191120,95,95.5,92.2,92.65,429066
ASHOKLEY,20191120,81.8,84.7,81,83,32259341
ASIANHOTNR,20191120,95.05,102,95.05,101.75,960
ASIANPAINT,20191120,1729.9,1748.85,1715.45,1723.5,1374382
ASIANTILES,20191120,227.5,242.8,227.5,235.15,188224
ASPINWALL,20191120,144.55,144.55,135.7,139.85,1331
ASTEC,20191120,359.35,385.95,359.35,378.75,7874
ASTERDM,20191120,154.9,154.9,148,149.3,277413
ASTRAL,20191120,1085,1086.95,1065.7,1084.3,84108
ASTRAMICRO,20191120,83.9,89.75,82.35,87.2,1093710
ASTRAZEN,20191120,2619,2700,2582.05,2675.55,72123
ASTRON,20191120,40.9,40.9,38.3,39.1,183899
ATFL,20191120,615.8,618.8,592.3,600.4,9011
ATLANTA,20191120,6.8,7.15,6.75,7.15,6630
ATLASCYCLE,20191120,55.5,55.5,52.1,52.6,1816
ATUL,20191120,4079,4184.5,4036.95,4132.95,9402
ATULAUTO,20191120,215.05,226,215.05,222.85,18003
AUBANK,20191120,830,830,796.1,816.4,242179
AURIONPRO,20191120,73.25,76,71.15,75.35,11604
AUROPHARMA,20191120,432,449,432,444.8,5009429
AUSOMENT,20191120,48.45,48.45,40,42.95,83102
AUTOAXLES,20191120,797,812,791.05,799.4,6030
AUTOIND,20191120,25.2,26,24.6,25.65,8948
AUTOLITIND,20191120,21.1,21.55,20.35,20.4,1961
AVADHSUGAR,20191120,245.95,248,241.1,246.05,44285
AVANTIFEED,20191120,512,528.85,509.75,524.05,483193
AVTNPL,20191120,32.7,32.9,30.05,30.35,209879
AXISBANK,20191120,748,753.85,741.25,748.75,8798051
AXISCADES,20191120,68.5,69.5,62.6,66.95,144442
AXISGOLD,20191120,3397,3398.5,3352.25,3364.55,155
AXISNIFTY,20191120,1230.9,1245.75,1230.9,1241.6,66
AYMSYNTEX,20191120,31.25,31.25,29.7,30.6,6080
BAGFILMS,20191120,2,2.05,1.95,1.95,208753
BAJAJ-AUTO,20191120,3145.55,3168.9,3130.5,3162.4,238889
BAJAJCON,20191120,238.5,241.8,236.05,240.55,84700
BAJAJELEC,20191120,306.7,312.65,306.7,310.6,158387
BAJAJFINSV,20191120,9135,9185,9060,9079.25,243993
BAJAJHIND,20191120,7,7.05,6.55,6.85,1627461
BAJAJHLDNG,20191120,3757,3757,3692,3702.05,11041
BAJFINANCE,20191120,4140,4182,4127.4,4138.55,813879
BALAJITELE,20191120,55.3,55.45,53.75,54.15,26612
BALAMINES,20191120,336.9,336.9,323.95,324.6,26305
BALAXI,20191120,67.75,74,67.75,67.85,75
BALKRISHNA,20191120,16.15,17,16.15,16.6,6413
BALKRISIND,20191120,834.7,843.45,830.25,840.6,517114
BALLARPUR,20191120,0.5,0.55,0.45,0.5,1376900
BALMLAWRIE,20191120,191.1,199,191.1,197.3,255164
BALPHARMA,20191120,40.5,41.25,38.5,39.55,14251
BALRAMCHIN,20191120,146.4,147.9,144.6,146.8,453088
BANARBEADS,20191120,30.1,32.5,30,30.15,3054
BANARISUG,20191120,1200.05,1220,1181.5,1189,953
BANCOINDIA,20191120,95.8,96.5,93.3,95,61913
BANDHANBNK,20191120,537,543.5,505.05,525.7,5287905
BANG,20191120,16.1,17,16.1,16.8,4286
BANKBARODA,20191120,100,101.35,98.05,98.9,34325824
BANKBEES,20191120,3126.12,3204.9,3086.3,3145.04,32140
BANKINDIA,20191120,74.95,76.15,72.8,73.6,16356384
BANSWRAS,20191120,94,94,88.3,89.7,56153
BARTRONICS,20191120,1.6,1.65,1.55,1.55,7358
BASF,20191120,957.15,964,940.7,945.75,12508
BASML,20191120,130,130,123,123,5945
BATAINDIA,20191120,1687.1,1701.2,1677.2,1683.95,399565
BAYERCROP,20191120,3720,3800,3692.15,3760.85,8997
BBL,20191120,835.7,845.05,830,831.3,8576
BBTC,20191120,1119.7,1138.65,1088.1,1113.65,150941
BCG,20191120,3.85,3.85,3.85,3.85,277002
BCP,20191120,9.4,9.5,9.35,9.5,322852
BDL,20191120,336.65,354.45,330,342.75,286593
BEARDSELL,20191120,10,10,9.65,9.85,610
BEDMUTHA,20191120,12.9,14.4,12,12.5,18707
BEL,20191120,111.95,112.75,110.4,110.8,6944846
BEML,20191120,949.9,1011.35,949.45,997.9,2406763
BEPL,20191120,48,48.7,47.2,47.4,333644
BERGEPAINT,20191120,486.15,491.35,483,485.2,1009511
BFINVEST,20191120,328.2,343.95,328.1,335.3,146628
BFUTILITIE,20191120,265.5,277.5,264.5,277.5,239438
BGLOBAL,20191120,1.95,1.95,1.85,1.9,1200
BGRENERGY,20191120,29.15,29.8,28.3,28.55,48783
BHAGERIA,20191120,102.2,102.2,96.55,97.2,37396
BHAGYANGR,20191120,18.6,19.1,18.6,18.95,2668
BHAGYAPROP,20191120,19.45,20.8,19.45,19.5,706
BHANDARI,20191120,1.1,1.15,1.1,1.1,84451
BHARATFORG,20191120,454.9,464.7,454,458.25,1711834
BHARATGEAR,20191120,71.05,71.05,67.2,68,11283
BHARATRAS,20191120,6430,6479.05,6305,6329.1,1172
BHARATWIRE,20191120,27.25,31.4,27.25,30.6,26231
BHARTIARTL,20191120,448.3,452.95,433.1,437.3,55644344
BHEL,20191120,56.4,56.6,54.25,55.8,24352170
BIGBLOC,20191120,24.5,24.75,23.55,23.9,916
BIL,20191120,160,169.6,160,165.1,871
BILENERGY,20191120,1.25,1.25,1.25,1.25,27691
BINDALAGRO,20191120,9.85,10.3,9.65,9.95,13551
BIOCON,20191120,258.85,265.25,255.5,262.8,3361132
BIOFILCHEM,20191120,6.15,6.15,6.15,6.15,5240
BIRLACABLE,20191120,62.5,62.7,60.15,61.25,97353
BIRLACORPN,20191120,644.05,650,636,640.3,77930
BIRLAMONEY,20191120,32.6,33.3,32.3,32.5,108980
BKMINDST,20191120,0.65,0.65,0.6,0.65,185744
BLBLIMITED,20191120,3.3,3.65,3.3,3.45,4310
BLISSGVS,20191120,136.9,140,134.45,137.35,76923
BLKASHYAP,20191120,10.8,10.8,10.3,10.8,82828
BLS,20191120,71,72.6,65.35,66.6,51758
BLUEBLENDS,20191120,0.6,0.65,0.6,0.65,187
BLUECOAST,20191120,1.85,1.85,1.85,1.85,2000
BLUEDART,20191120,2141,2189.95,2110,2121.7,4139
BLUESTARCO,20191120,798,805.5,786,791.2,55972
BODALCHEM,20191120,68,68.2,66.7,67,66130
BOMDYEING,20191120,78,80.65,77.6,78.4,1778509
BOROSIL,20191120,185.8,186,176.4,178.35,77491
BOSCHLTD,20191120,15015,15395.05,14882,15059.7,13794
BPCL,20191120,528.9,548,522.05,544.6,18844498
BPL,20191120,18.55,18.8,18,18.3,40181
BRFL,20191120,4.05,4.3,4,4,67378
BRIGADE,20191120,214.3,214.5,207.45,209,52009
BRITANNIA,20191120,3120,3135,3060,3116.3,504339
BRNL,20191120,60.1,61.75,60.1,60.55,12199
BROOKS,20191120,31.55,32,30.85,31.05,25117
BSE,20191120,499.8,503.6,495.15,496.95,57323
BSELINFRA,20191120,1,1.05,1,1.05,8277
BSL,20191120,28.2,29.4,28.2,29.1,2114
BSLGOLDETF,20191120,3580.95,3581.9,3526.1,3549,77
BSLNIFTY,20191120,131,131,130.53,130.53,300
BSOFT,20191120,65.95,76,65.35,69,2349662
BURNPUR,20191120,1.2,1.2,1.15,1.15,28255
BUTTERFLY,20191120,189.05,191.45,189,190,20841
BVCL,20191120,12.05,12.05,11.5,11.5,690
BYKE,20191120,18.65,19,18.5,18.85,20236
CADILAHC,20191120,243.5,251.95,241.5,249.45,2580699
CALSOFT,20191120,16.5,17.25,16.5,16.65,4371
CAMLINFINE,20191120,60.3,61.5,60.3,60.9,77328
CANBK,20191120,224,228.15,220.2,222.5,16373708
CANFINHOME,20191120,394.45,405,394,395.9,245151
CANTABIL,20191120,225.05,229.95,223,227.25,17711
CAPACITE,20191120,207.8,213.8,205.4,209.85,33691
CAPLIPOINT,20191120,353.5,353.75,340,343.15,67374
CAPTRUST,20191120,81.7,81.7,81.7,81.7,216
CARBORUNIV,20191120,308.2,309.6,304.95,306.5,37193
CAREERP,20191120,116.5,121.85,116,117.3,19605
CARERATING,20191120,474,489,474,480.85,81356
CASTEXTECH,20191120,0.45,0.55,0.45,0.55,46048
CASTROLIND,20191120,154.5,155,151.35,152.6,2244106
CCHHL,20191120,3.5,3.5,3.3,3.35,5832
CCL,20191120,211.8,212.9,205.05,207.25,105337
CDSL,20191120,224,234.9,222.5,230.45,538873
CEATLTD,20191120,952.2,970.9,947.2,962.5,120033
CEBBCO,20191120,17.1,18.25,16.5,16.9,258050
CELEBRITY,20191120,6.8,6.85,6.45,6.85,10814
CELESTIAL,20191120,3.15,3.35,3.1,3.3,3643
CENTENKA,20191120,179.7,181.45,178.05,178.7,23181
CENTEXT,20191120,2.7,2.75,2.55,2.65,45395
CENTRALBK,20191120,22.7,23.3,21.3,21.95,2408681
CENTRUM,20191120,22.95,23.75,22.1,23.6,547196
CENTUM,20191120,390.05,398,390,392.1,1367
CENTURYPLY,20191120,172,173.15,170,171.9,113365
CENTURYTEX,20191120,445.85,468,445.85,451.25,2540689
CERA,20191120,2427,2450.05,2405.3,2434.45,2954
CEREBRAINT,20191120,25.45,27.1,24.9,25.5,2195467
CESC,20191120,753,763,747.7,749.7,272348
CESCVENT,20191120,302,317,296,313.75,18721
CGCL,20191120,197.5,201.3,197,199.25,341361
CGPOWER,20191120,14.6,14.65,14,14.1,799728
CHALET,20191120,365.05,365.05,346.25,352.15,4529
CHAMBLFERT,20191120,157.25,160,156.25,159.1,280770
CHEMBOND,20191120,209.5,213.95,202.45,205.25,1716
CHEMFAB,20191120,164.15,166.95,163.1,164,919
CHENNPETRO,20191120,138.6,139.2,134.65,136.35,138225
CHOLAFIN,20191120,325.85,326.85,316.5,319.9,1568940
CHOLAHLDNG,20191120,499,501.5,485.45,499.9,112176
CHROMATIC,20191120,0.45,0.45,0.45,0.45,10661
CIGNITITEC,20191120,335,341.55,323.55,335.95,109644
CIMMCO,20191120,22.45,22.95,21.4,21.45,11708
CINELINE,20191120,31.75,31.75,30.3,30.75,21259
CINEVISTA,20191120,9.45,9.45,8.55,8.7,26976
CIPLA,20191120,472,483.7,468.65,482.6,4080054
CKFSL,20191120,0.55,0.6,0.55,0.55,219395
CLEDUCATE,20191120,78.65,78.65,73.8,74.65,3510
CLNINDIA,20191120,333,344.15,331.95,337.9,111544
CMICABLES,20191120,53.85,59.45,53.85,58.85,96037
CNOVAPETRO,20191120,8,8,8,8,52
COALINDIA,20191120,199.9,204,199.45,203.05,4456738
COCHINSHIP,20191120,412.75,415.8,407.95,410.9,89584
COFFEEDAY,20191120,52.25,52.8,50.5,52.8,1994274
COLPAL,20191120,1531,1552.35,1523.05,1542.25,673815
COMPINFO,20191120,9.3,9.75,9,9.25,102777
COMPUSOFT,20191120,8.1,8.1,7.65,7.9,42037
CONCOR,20191120,580,584.6,571.6,578.15,5306743
CONFIPET,20191120,27,27,26.45,26.5,86709
CONSOFINVT,20191120,38.05,38.05,36.05,37.05,603
CONTROLPR,20191120,224.05,229,217,222.85,52738
CORALFINAC,20191120,10.7,11.95,10.5,11.55,5687
CORDSCABLE,20191120,42.75,43.45,41.65,42.2,7564
COROMANDEL,20191120,475.3,475.3,467.25,469.55,68751
CORPBANK,20191120,28.2,29.05,26.55,27.65,15955399
COSMOFILMS,20191120,226.65,245,224.75,239.2,102651
COUNCODOS,20191120,1.6,1.7,1.6,1.6,34871
COX&KINGS,20191120,1.6,1.6,1.55,1.6,2900860
CPSEETF,20191120,23.74,24,23.72,23.75,1819517
CREATIVE,20191120,72.5,73.2,71,71,9458
CREATIVEYE,20191120,1.25,1.25,1.25,1.25,200
CREDITACC,20191120,814,815,772.2,788.35,133894
CREST,20191120,90.55,103.75,90.2,94.75,24035
CRISIL,20191120,1524.2,1524.2,1500,1519.65,9736
CROMPTON,20191120,265.1,265.25,254.5,257.15,2127892
CTE,20191120,26.8,28.35,26.35,26.6,1580
CUB,20191120,215.9,215.9,212.4,214.65,328109
CUBEXTUB,20191120,11.75,12.3,11.3,11.6,1824
CUMMINSIND,20191120,564.9,571,562.25,569.55,418796
CUPID,20191120,195,206,195,199.75,154543
CURATECH,20191120,1.75,1.8,1.75,1.8,3398
CYBERMEDIA,20191120,3.5,3.5,3.5,3.5,920
CYBERTECH,20191120,49.1,51.4,49.05,49.4,33462
CYIENT,20191120,398,400,394.05,398.5,34634
DAAWAT,20191120,21.3,21.95,21,21.35,810735
DABUR,20191120,458,470.9,455.5,468.8,2389925
DALBHARAT,20191120,850,852.5,838.1,841,53124
DALMIASUG,20191120,88.85,88.85,86.6,87.3,74675
DAMODARIND,20191120,26,26.75,26,26.75,515
DATAMATICS,20191120,73.4,73.65,71.3,71.7,23587
DBCORP,20191120,144,146.75,130.4,141.75,28361
DBL,20191120,416,418,405,406.7,160336
DBREALTY,20191120,8.3,8.3,8.3,8.3,112087
DBSTOCKBRO,20191120,9.55,9.55,9.5,9.55,2938
DCAL,20191120,123.7,125.5,119.75,120.4,331003
DCBBANK,20191120,178.4,180.9,176.25,176.85,790505
DCM,20191120,19.65,20.65,19.65,20.05,1173
DCMNVL,20191120,29,30.5,28.25,30,4211
DCMSHRIRAM,20191120,321.5,321.5,316.2,317.05,32703
DCW,20191120,14.2,14.85,13.8,14.4,500737
DECCANCE,20191120,336,336,314.6,316.85,6223
DEEPAKFERT,20191120,100,100.4,95.1,96.8,219299
DEEPAKNTR,20191120,354.3,355.8,346.9,348.5,210922
DEEPIND,20191120,103.9,104,101,101.45,20788
DELTACORP,20191120,196.4,199.4,193,197.6,1206077
DELTAMAGNT,20191120,39.8,39.9,39.8,39.85,83
DEN,20191120,39,39,36.1,36.55,189911
DENORA,20191120,214,238.85,214,227.25,13059
DFMFOODS,20191120,246.95,246.95,245,245,91430
DGCONTENT,20191120,3.4,3.4,3.35,3.35,592205
DHAMPURSUG,20191120,183.9,183.9,176.2,178.35,420755
DHANBANK,20191120,15.4,15.4,15,15.05,283496
DHANUKA,20191120,323.1,324.65,315,315.7,18316
DHARSUGAR,20191120,7.85,8.2,7.8,7.85,4907
DHFL,20191120,19.95,21.95,19.95,20.15,9077572
DHUNINV,20191120,222,223,205.05,211.75,1670
DIAMONDYD,20191120,904.85,918.9,901.65,915,3394
DICIND,20191120,320.1,327.35,320.05,324,467
DIGISPICE,20191120,6.55,6.75,6.15,6.75,1428
DISHTV,20191120,14.95,18,14.5,16.85,162262710
DIVISLAB,20191120,1732,1797.8,1726.65,1763.6,1047192
DIXON,20191120,3262,3398,3036.4,3103.55,132428
DLF,20191120,215.1,218.7,211.35,212.1,9963070
DLINKINDIA,20191120,90.05,90.95,88.4,88.7,16821
DMART,20191120,1841,1868,1816.85,1826.2,363662
DNAMEDIA,20191120,0.45,0.5,0.45,0.5,51114
DOLAT,20191120,70.15,72.1,69.5,70.85,102499
DOLLAR,20191120,155.2,159.15,154,155.4,7401
DONEAR,20191120,29.75,29.75,29,29.05,8352
DPSCLTD,20191120,8.7,9.05,8.4,8.45,9238
DQE,20191120,2.3,2.5,2.3,2.5,8715
DREDGECORP,20191120,339.5,391.8,339.5,391.8,4361299
DRREDDY,20191120,2746.35,2863.95,2745,2838.65,997976
DSSL,20191120,28.4,28.4,26.05,27.1,12336
DTIL,20191120,180.9,181,173,174,4511
DUCON,20191120,5.85,5.85,5.65,5.85,57756
DVL,20191120,69.75,70,69.15,69.15,2054
DWARKESH,20191120,25,25.1,24.25,24.4,360058
DYNAMATECH,20191120,1148,1148,1086.45,1103.35,965
DYNPRO,20191120,150,153,142.25,147.75,25263
EASTSILK,20191120,0.75,0.8,0.7,0.8,49051
EBANK,20191120,3280,3780,3280,3780,2
ECLERX,20191120,434.05,435,415.9,423.15,42642
EDELWEISS,20191120,120.25,128.9,117.65,125.1,1227575
EICHERMOT,20191120,21747,21747,21395,21489.8,73575
EIDPARRY,20191120,194.5,197.05,189,190.4,200035
EIHAHOTELS,20191120,303.5,303.5,298.85,299.8,1265
EIHOTEL,20191120,149.9,150.65,148.5,149.4,107289
EIMCOELECO,20191120,295.05,300,294.3,300,93
EKC,20191120,23.5,23.55,22.7,23.35,30379
ELECON,20191120,33.6,34.8,33.2,33.45,55923
ELECTCAST,20191120,12,12,10.55,11.1,405114
ELECTHERM,20191120,136.5,138.25,132,132.6,39627
ELGIEQUIP,20191120,257.5,259.75,252.05,255,17360
ELGIRUBCO,20191120,18.8,18.8,16.2,16.4,7731
EMAMILTD,20191120,314.25,325,313,320.15,102519
EMAMIPAP,20191120,72.15,72.15,70.2,71.35,147
EMAMIREAL,20191120,46.6,46.6,43,44.4,1684
EMCO,20191120,0.75,0.75,0.75,0.75,1864
EMKAY,20191120,69,74.8,67.05,68.2,23576
EMMBI,20191120,100.75,102.7,97.05,98.55,8773
ENDURANCE,20191120,1111,1133.3,1096.6,1112.05,46540
ENERGYDEV,20191120,5.3,5.35,5.2,5.35,4165
ENGINERSIN,20191120,105.6,105.65,103.55,104.4,899657
ENIL,20191120,237.1,239.15,233.75,238,21610
EON,20191120,15.5,16,15.1,15.85,8090
EQ30,20191120,324,324,324,324,5
EQUITAS,20191120,88.95,90.25,88,89.5,3233966
ERIS,20191120,424.4,428.4,409.1,415.05,1075195
EROSMEDIA,20191120,15.05,15.05,14.5,14.75,138530
ESABINDIA,20191120,1279.95,1279.95,1215,1226.65,1822
ESCORTS,20191120,663.5,687.8,660,670.6,3712448
ESSARSHPNG,20191120,7.1,7.65,7.1,7.65,5349
ESSELPACK,20191120,148,155,145.1,149.6,421219
ESTER,20191120,34.7,34.7,34,34.7,15388
EUROMULTI,20191120,0.35,0.45,0.35,0.4,11842
EVEREADY,20191120,53.5,53.9,52,53,87998
EVERESTIND,20191120,269.15,274.8,266,268.1,21749
EXCEL,20191120,1,1,0.95,0.95,28915
EXCELINDUS,20191120,850.05,850.05,813,819.3,18519
EXIDEIND,20191120,190.95,191.75,188,188.7,1238989
EXPLEOSOL,20191120,271.1,276.9,270,272.5,3865
FACT,20191120,40,40.6,39.6,40,102474
FAIRCHEM,20191120,491.05,491.2,472.2,473.4,7478
FCL,20191120,28.1,28.85,27.4,28.1,131614
FCONSUMER,20191120,23.05,23.4,22.65,23,652856
FCSSOFT,20191120,0.2,0.25,0.2,0.25,684249
FDC,20191120,198.9,204,197.6,200.6,217997
FEDERALBNK,20191120,88.3,89.6,87.25,88.65,17132882
FEL,20191120,22.9,23,22,22.1,124673
FELDVR,20191120,21.55,22.6,20.6,21.05,7231
FIEMIND,20191120,386.95,418.95,386,405.3,76099
FILATEX,20191120,36.1,37.15,36.1,36.5,17115
FINCABLES,20191120,363.8,363.8,355.05,357,23246
FINEORG,20191120,2038,2071,2027.35,2048.8,8387
FINPIPE,20191120,571,572,563,568.25,25445
FLEXITUFF,20191120,3.2,3.35,3.05,3.25,128207
FLFL,20191120,405.55,408.45,395,399.85,45800
FLUOROCHEM,20191120,531.7,531.7,515,523.75,4277
FMGOETZE,20191120,582.1,597.85,580.1,592.8,11488
FMNL,20191120,29.5,29.55,28.1,28.55,4727
FORCEMOT,20191120,1015,1032.85,1005.5,1009.05,23511
FORTIS,20191120,143.55,143.8,141.75,142.5,1068567
FOSECOIND,20191120,1340,1340,1301.55,1307.7,560
FRETAIL,20191120,329,334.8,324.6,328.05,1193623
FSC,20191120,490.6,496.75,484,495.2,2729
FSL,20191120,40.75,41.5,40.55,41.15,1263734
GABRIEL,20191120,125.5,125.5,120.05,121.35,135667
GAEL,20191120,147.4,154.25,145.25,150.9,56231
GAIL,20191120,125.2,125.35,123.8,124.5,9542169
GAL,20191120,1.8,1.85,1.8,1.85,2246
GALAXYSURF,20191120,1540,1570,1515.05,1534,17993
GALLANTT,20191120,26,28,26,27.55,13391
GALLISPAT,20191120,20.95,21.85,20.05,20.1,4359
GAMMNINFRA,20191120,0.25,0.3,0.25,0.25,494284
GANDHITUBE,20191120,286.45,299.4,284.95,289.9,3249
GANECOS,20191120,248.2,253.25,242.05,245.65,5403
GANESHHOUC,20191120,30.15,32.1,30.1,31.1,89911
GANGESSECU,20191120,41.9,41.9,40.5,40.5,2
GARDENSILK,20191120,10.7,10.7,10,10.1,19636
GARFIBRES,20191120,1183,1183,1151.95,1162.25,2271
GATI,20191120,57.7,58.2,56.45,57.2,354738
GAYAHWS,20191120,0.3,0.3,0.2,0.3,353495
GAYAPROJ,20191120,87,88.05,85.9,86.9,585419
GDL,20191120,89,94.8,89,91.4,852075
GEECEE,20191120,81.6,81.6,80.5,80.55,3630
GENESYS,20191120,69.1,71,67,70.35,8554
GENUSPAPER,20191120,5,5.05,4.8,4.85,240854
GENUSPOWER,20191120,23.65,25,23.5,24.55,35475
GEOJITFSL,20191120,31.2,31.2,29.8,30.15,86913
GEPIL,20191120,699.95,718.3,699,707.65,93208
GESHIP,20191120,295.6,301.5,294.65,299.6,554801
GET&D,20191120,177,177,172.6,173.45,22442
GFLLIMITED,20191120,70.9,72.55,66.4,68.55,71410
GHCL,20191120,208,208,204.5,205.05,39808
GICHSGFIN,20191120,153,155.9,149.6,150.5,130995
GICRE,20191120,255.5,258.5,246,247.1,360448
GILLANDERS,20191120,30.4,30.4,30.4,30.4,1
GILLETTE,20191120,7110.1,7148,7000,7016.5,3879
GINNIFILA,20191120,8.45,8.85,8.3,8.5,22793
GIPCL,20191120,68,69.1,67.5,68,51678
GKWLIMITED,20191120,726.8,736.95,713.05,727.35,342
GLAXO,20191120,1634.7,1663.25,1631.85,1660.15,44173
GLENMARK,20191120,349,364.7,344.65,359.35,9206098
GLFL,20191120,0.85,0.85,0.85,0.85,1
GLOBALVECT,20191120,49.8,49.8,44.3,48.3,12026
GLOBOFFS,20191120,6,6.25,5.95,6.2,3731
GLOBUSSPR,20191120,136,139.6,132.5,135.7,132529
GMBREW,20191120,402,417.25,401,403.85,62604
GMDCLTD,20191120,59.4,59.55,58.3,58.95,110368
GMMPFAUDLR,20191120,1680,1680,1620.05,1625.6,16962
GMRINFRA,20191120,20.8,21.2,20.5,20.7,14235135
GNA,20191120,271.8,273,268.5,270.1,18372
GNFC,20191120,194.95,196.9,192.9,193.7,176258
GOACARBON,20191120,210,215,208.1,209.9,6099
GOCLCORP,20191120,284.75,284.75,272.55,276.95,4461
GODFRYPHLP,20191120,1224.75,1225.05,1125.55,1146.3,182018
GODREJAGRO,20191120,474.9,474.9,466.7,468.85,33990
GODREJCP,20191120,701,720.85,691.8,713.25,698332
GODREJIND,20191120,444.55,454.7,442,445.5,85017
GODREJPROP,20191120,887,887.9,851,861,474504
GOKEX,20191120,73.75,75.5,73.3,74.3,71924
GOKUL,20191120,12.4,13.15,12.15,13.1,1566
GOKULAGRO,20191120,13.1,13.2,12.45,13.2,10326
GOLDBEES,20191120,3389.5,3389.85,3370,3385.3,14248
GOLDENTOBC,20191120,34.8,35.95,33.1,34,1604
GOLDIAM,20191120,135.7,139,132.75,134,53419
GOLDSHARE,20191120,3380,3405,3380,3398.5,1035
GOLDTECH,20191120,10.1,10.1,8.35,8.75,132074
GOODLUCK,20191120,47.3,47.4,44.05,45,25557
GPIL,20191120,143.05,148,142.55,144.3,40415
GPPL,20191120,85.5,86.75,84,85.35,2721859
GPTINFRA,20191120,41.5,43.4,40.7,41.4,1801
GRANULES,20191120,129,133.9,128.7,129.15,2171620
GRAPHITE,20191120,303,308.95,299.15,303.65,1001838
GRASIM,20191120,791,801,781,789.65,3157623
GRAVITA,20191120,41.5,41.75,39.8,40.4,40306
GREAVESCOT,20191120,138.6,139.6,136.85,137.7,96133
GREENLAM,20191120,978,978,951.5,954.4,684
GREENPANEL,20191120,49.2,49.2,46,47.5,176732
GREENPLY,20191120,160,163.5,159.9,160,33102
GREENPOWER,20191120,1.9,1.9,1.85,1.9,163799
GRINDWELL,20191120,601.6,601.6,595.15,597.5,4343
GROBTEA,20191120,292.75,292.8,281,284.95,196
GRPLTD,20191120,782.05,870,782.05,850,7241
GRSE,20191120,234.05,235.95,227.1,228.4,173096
GSCLCEMENT,20191120,19.65,20.2,18.5,19.2,51468
GSFC,20191120,70.9,72.05,70.3,70.95,320401
GSKCONS,20191120,8737.6,8898.5,8675,8693.9,9971
GSPL,20191120,219.1,220.45,217.25,219.9,314366
GSS,20191120,33.2,34.9,32.5,33.3,21595
GTL,20191120,1.4,1.4,1.35,1.35,150234
GTLINFRA,20191120,0.45,0.45,0.4,0.45,2254199
GTNIND,20191120,5.95,6.2,5.7,5.75,2031
GTNTEX,20191120,6.45,6.75,6.45,6.75,47
GTPL,20191120,67,67,65.5,65.95,22520
GUFICBIO,20191120,67.2,68.3,66,66.3,33906
GUJALKALI,20191120,409.9,411.75,403,406.25,29549
GUJAPOLLO,20191120,131.65,131.65,127.3,130,812
GUJGASLTD,20191120,194.75,194.8,192.5,193.75,170211
GUJRAFFIA,20191120,7.9,7.9,7.9,7.9,100
GULFOILLUB,20191120,860.15,882.25,858.15,874,4827
GULFPETRO,20191120,37.25,39,37.25,37.7,8394
GULPOLY,20191120,38.95,39.35,37.75,37.95,8646
GVKPIL,20191120,4.45,4.5,4.25,4.25,2469172
HAL,20191120,791,827.85,780.35,803.3,48711
HARITASEAT,20191120,429.9,432,424.25,428.85,2079
HARRMALAYA,20191120,48.6,49.7,47.4,48.35,53757
HATHWAY,20191120,20.75,20.75,19.6,19.9,173190
HATSUN,20191120,597.75,597.85,580,581.95,5694
HAVELLS,20191120,666,675.6,660.45,671.65,1111197
HBLPOWER,20191120,15.95,16.2,15.5,15.55,301524
HCC,20191120,8.5,8.5,8.1,8.25,2355109
HCG,20191120,115,115.5,110,111.35,24171
HCL-INSYS,20191120,11.15,11.4,9.55,9.6,3431998
HCLTECH,20191120,1135,1137.7,1125.5,1132.8,1112518
HDFC,20191120,2215,2221,2193.75,2200.95,1772677
HDFCAMC,20191120,3618,3653.35,3575,3626.05,607075
HDFCBANK,20191120,1273,1282.95,1267,1273.35,5527129
HDFCLIFE,20191120,572,579.5,568.5,574.7,3822519
HDFCMFGETF,20191120,3469.9,3469.9,3450,3464.05,2501
HDFCNIFETF,20191120,1250.7,1266.4,1250.7,1257.97,1544
HDFCSENETF,20191120,4295.07,4303.34,4250.51,4250.51,62
HDIL,20191120,2.6,2.6,2.6,2.6,187050
HEG,20191120,1020,1030,1004.1,1010.15,260631
HEIDELBERG,20191120,193.5,195,188.2,188.45,347580
HERCULES,20191120,91.15,97.3,90.4,95.8,48942
HERITGFOOD,20191120,319,321.55,316.2,317.6,87376
HEROMOTOCO,20191120,2478,2485,2436.3,2470.5,918063
HESTERBIO,20191120,1584.65,1599.8,1560,1568.65,2460
HEXATRADEX,20191120,11,11.2,10.45,10.55,22775
HEXAWARE,20191120,338,341.9,337.15,340.15,412651
HFCL,20191120,17.2,17.7,17.15,17.3,2426270
HGINFRA,20191120,266,266,252.1,254.45,51513
HGS,20191120,617.65,617.7,600.1,602.85,1924
HIKAL,20191120,112,112,110.15,111.15,92348
HIL,20191120,1268,1268,1230,1240.7,8844
HILTON,20191120,16.25,16.25,16.25,16.25,3354
HIMATSEIDE,20191120,129.25,129.25,126.35,127.3,51775
HINDALCO,20191120,193,193.85,190.25,190.75,4437118
HINDCOMPOS,20191120,167.25,172,167.25,170.2,960
HINDCOPPER,20191120,39.9,42.4,39.5,41.5,3260803
HINDMOTORS,20191120,5.6,5.85,5.5,5.65,86646
HINDNATGLS,20191120,29.4,31.45,29.4,29.4,1823
HINDOILEXP,20191120,94.15,95.05,92.25,92.45,89499
HINDPETRO,20191120,296.05,302.5,293.3,295.9,7746295
HINDSYNTEX,20191120,2.6,2.6,2.6,2.6,250
HINDUNILVR,20191120,2044,2052.85,2017.05,2026.5,989673
HINDZINC,20191120,215.7,216.95,213,213.6,382508
HIRECT,20191120,228,234.9,218,220.6,33252
HISARMETAL,20191120,52,52,47.45,49.35,986
HITECH,20191120,139.5,142.9,132.25,133.5,6180
HITECHCORP,20191120,89.1,92.95,85,89.45,4736
HITECHGEAR,20191120,177,179,174.1,174.95,14832
HMVL,20191120,75.95,76,71.1,73.35,27123
HNDFDS,20191120,627,650,601,627.4,1293
HNGSNGBEES,20191120,3425,3425,3275.01,3330,11
HONAUT,20191120,27050,27599.95,26809.25,27509.45,2466
HONDAPOWER,20191120,1320.05,1351,1275,1346.15,10525
HOTELEELA,20191120,7.4,7.5,7.35,7.4,133950
HOVS,20191120,47.75,48.1,45.3,47.35,7593
HPL,20191120,42.35,43.2,40.65,41.25,23842
HSCL,20191120,62.8,62.8,60.8,61.05,543307
HSIL,20191120,48.35,48.35,47.4,47.85,185030
HTMEDIA,20191120,15.9,16.4,15.8,15.85,151132
HUBTOWN,20191120,12.65,13.5,11.55,12.7,230068
HUDCO,20191120,43.25,43.9,42.6,43.15,2244329
IBMFNIFTY,20191120,119.7,120,116.61,120,1124
IBREALEST,20191120,71.4,71.4,66.65,67.25,1404444
IBULHSGFIN,20191120,214,216,206.6,208.2,22849941
IBULISL,20191120,66.4,66.4,66.4,66.4,20890
IBVENTURES,20191120,145.85,148.5,143,143.55,214566
ICICI500,20191120,157,158.51,157,157.28,54510
ICICIB22,20191120,35.1,35.44,34.86,35.39,7004144
ICICIBANK,20191120,495.2,498,492.5,495,22606112
ICICIBANKN,20191120,313,314.5,312.13,313.86,5728
ICICIBANKP,20191120,171.6,174.29,171.6,173.94,4326
ICICIGI,20191120,1348.7,1370,1335.6,1357,969878
ICICIGOLD,20191120,32.1,35.25,30.7,34.55,8777
ICICILIQ,20191120,999.99,1000,999.99,999.99,54267
ICICILOVOL,20191120,93.4,93.4,89.7,92.25,1285
ICICIMCAP,20191120,66.7,66.7,65.05,65.3,37303
ICICINF100,20191120,129.96,130.21,129.4,129.89,1195
ICICINIFTY,20191120,123.21,126.89,123.2,126.28,58439
ICICINV20,20191120,58,58,56.5,57.48,2810
ICICINXT50,20191120,29.47,29.47,28.22,28.38,11069
ICICIPRULI,20191120,506.4,510.65,501.55,503.3,2440249
ICICISENSX,20191120,432.96,435.25,421.95,433.73,77
ICIL,20191120,49.1,50.1,48.5,48.7,122840
ICRA,20191120,2744.95,2770,2733.8,2741.8,366
IDBI,20191120,34.3,34.8,33.45,33.9,3524746
IDBIGOLD,20191120,3515.15,3549,3511,3525.7,204
IDEA,20191120,6.65,8.15,6.65,7.05,1822988748
IDFC,20191120,34.8,34.85,33.9,34,1363255
IDFCFIRSTB,20191120,42.75,43.7,42.75,43.15,19738032
IDFNIFTYET,20191120,113,122,113,122,26
IEX,20191120,143.35,144.15,141.9,143.15,81811
IFBAGRO,20191120,404,406.6,390.5,395.45,5169
IFBIND,20191120,695,695,672,677.85,8095
IFCI,20191120,7.75,7.95,7.5,7.75,3460781
IFGLEXPOR,20191120,142,150,140,145.85,3741
IGARASHI,20191120,241.95,244.75,239.2,239.95,14096
IGL,20191120,419.75,427.2,418.05,421.9,1452197
IGPL,20191120,145,145.6,140.1,141.6,9710
IIFL,20191120,158.5,158.5,152,152.65,68195
IIFLSEC,20191120,24.7,25.1,23.8,23.9,164027
IIFLWAM,20191120,1283,1283,1230.4,1240.25,3912
IITL,20191120,60,60,60,60,50
IMFA,20191120,202.9,202.9,194.5,196.2,9554
IMPAL,20191120,596.1,600,582.65,590.4,1442
IMPEXFERRO,20191120,0.25,0.35,0.25,0.35,17861
INDBANK,20191120,7.15,7.55,7.1,7.25,166322
INDHOTEL,20191120,153.9,153.9,151.85,152.2,787051
INDIACEM,20191120,80.15,80.25,77.75,77.9,1890743
INDIAGLYCO,20191120,223.3,225.9,219,221.15,54645
INDIAMART,20191120,2030.95,2115,2030.95,2052.85,77035
INDIANB,20191120,124.5,127.65,121.25,122.4,2529996
INDIANCARD,20191120,114,114,105.55,110,120
INDIANHUME,20191120,211,215.65,210,212.4,16489
INDIGO,20191120,1440,1449.6,1417.5,1426.65,962616
INDLMETER,20191120,21.25,22.95,21.25,22.8,1289
INDNIPPON,20191120,327.55,337.95,323.85,332.4,8162
INDOCO,20191120,143.6,153,142.7,150.2,513969
INDORAMA,20191120,25.9,27.2,25.1,25.35,5690
INDOSTAR,20191120,186.3,189.95,186,187.85,29529
INDOTECH,20191120,122.8,127.6,116.05,116.8,23156
INDOTHAI,20191120,21.7,23.15,21.1,21.7,2793
INDOWIND,20191120,3,3,2.85,2.95,13885
INDRAMEDCO,20191120,45,45.15,43.7,43.85,141842
INDSWFTLAB,20191120,28.45,28.45,26.8,27.05,74695
INDSWFTLTD,20191120,3.55,3.75,3.5,3.6,47096
INDTERRAIN,20191120,67.6,71.8,67.2,69.55,13657
INDUSINDBK,20191120,1402,1478.75,1402,1469.3,7334715
INEOSSTYRO,20191120,673.9,704.45,673.9,700.7,13791
INFIBEAM,20191120,44.6,44.85,43.4,44.2,807226
INFOBEAN,20191120,68.5,69.2,67,67.1,1994
INFRABEES,20191120,339.99,345.98,339.99,342.53,711
INFRATEL,20191120,257.1,260.3,237.5,240.9,24039955
INFY,20191120,712.8,715,705,713,6142171
INGERRAND,20191120,631,729.85,631,685.55,1261654
INOXLEISUR,20191120,359.25,374.5,353.85,360.2,249675
INOXWIND,20191120,32.55,33.05,32.05,32.55,61649
INSECTICID,20191120,528,537.15,528,532.15,8394
INSPIRISYS,20191120,39.05,40.8,37.5,39.2,10644
INTEGRA,20191120,0.3,0.3,0.3,0.3,19652
INTELLECT,20191120,149.3,158,146.6,156.6,848705
INTENTECH,20191120,31.5,31.5,28.75,29.15,3257
INVENTURE,20191120,13,13.25,12.55,12.65,26478
IOB,20191120,11.15,11.45,10.15,10.75,3405396
IOC,20191120,133.7,134.25,129.8,130.9,18009295
IOLCP,20191120,183.9,184.4,180.3,180.8,156526
IPAPPM,20191120,294,302.95,288,288.8,20782
IPCALAB,20191120,1143.9,1159,1137.05,1151.85,115183
IRB,20191120,72,77,71.2,75.95,1964989
IRCON,20191120,418,435.7,415,432.3,339840
IRCTC,20191120,909,917,890,895.7,1264597
ISEC,20191120,305.05,307.85,304.5,307.1,118364
ISFT,20191120,71.25,78.5,71.25,71.25,2365
ISMTLTD,20191120,4.75,4.75,3.95,4.05,63134
ITC,20191120,249.3,251.3,246.7,250.7,9978073
ITDC,20191120,402,416.6,396.1,415.7,1725832
ITDCEM,20191120,58,60.4,58,58.7,383544
ITI,20191120,87.5,94.2,87,91.75,3331196
IVC,20191120,3.8,3.8,3.55,3.7,125918
IVP,20191120,55.55,60.8,55.55,58.25,665
IVZINGOLD,20191120,3460,3475,3460,3475,12
IVZINNIFTY,20191120,1293.65,1293.65,1293.65,1293.65,20
IZMO,20191120,28.95,28.95,26.7,26.8,38846
J&KBANK,20191120,33.9,34.7,33.15,33.7,1307322
JAGRAN,20191120,46.5,51.35,46.5,47.25,3364093
JAGSNPHARM,20191120,26.2,26.75,25.25,26.15,8026
JAIBALAJI,20191120,19.15,21.75,19.15,20.75,8584
JAICORPLTD,20191120,96.4,99.9,96.25,97.45,2769094
JAINSTUDIO,20191120,1.8,1.8,1.75,1.75,1799
JAMNAAUTO,20191120,44.95,45.75,44.05,45.5,601629
JASH,20191120,127,134.9,126.25,130,6013
JAYAGROGN,20191120,127,130,126.5,127,4344
JAYBARMARU,20191120,223.5,227.8,219.2,219.85,225544
JAYNECOIND,20191120,3.4,3.4,3.2,3.35,19191
JAYSREETEA,20191120,46.5,48.35,46,47,64689
JBCHEPHARM,20191120,395,397.2,385.1,388.65,77473
JBFIND,20191120,6.55,6.95,6.55,6.85,21397
JBMA,20191120,226.7,231.8,225,225.75,19494
JCHAC,20191120,2022.05,2030.05,1980,1988.3,1249
JHS,20191120,15,16.5,15,15.7,70634
JIKIND,20191120,0.35,0.45,0.35,0.4,6138
JINDALPHOT,20191120,12.55,13.5,12.3,12.7,3028
JINDALPOLY,20191120,235.75,236,228.05,229.15,9256
JINDALSAW,20191120,81.8,82.4,80.9,81.3,178821
JINDALSTEL,20191120,140,143.6,137.85,140.15,16071410
JINDCOT,20191120,1.8,1.8,1.7,1.7,728
JINDRILL,20191120,76.2,76.5,73.1,73.45,10551
JINDWORLD,20191120,62.5,63.8,60.8,61.05,104227
JISLDVREQS,20191120,9.6,9.6,9,9.25,34695
JISLJALEQS,20191120,11.1,12,10.9,11.05,9893047
JITFINFRA,20191120,6,6.5,6,6.05,14821
JIYAECO,20191120,30.95,36.45,30.7,35.25,547731
JKCEMENT,20191120,1176,1182,1170.05,1178.9,24672
JKIL,20191120,160.15,169.9,156.7,166.45,442181
JKLAKSHMI,20191120,285.5,287.65,282,282.7,67717
JKPAPER,20191120,113.8,115.7,113.35,113.7,604475
JKTYRE,20191120,67.25,67.9,66.7,67.4,1066577
JMA,20191120,24,24,23.25,23.7,1027
JMCPROJECT,20191120,103.5,104.65,102.05,102.35,53413
JMFINANCIL,20191120,94,94.45,91.6,93.25,198343
JMTAUTOLTD,20191120,1.45,1.45,1.35,1.35,77854
JOCIL,20191120,102.8,114.4,102.5,108.35,8081
JPASSOCIAT,20191120,2.15,2.15,2.1,2.1,3325287
JPINFRATEC,20191120,1.3,1.3,1.2,1.2,1338485
JPOLYINVST,20191120,11.3,11.3,10.8,10.8,276
JPPOWER,20191120,1.05,1.1,1,1.05,7976955
JSL,20191120,38.5,39.85,38.4,39.2,787211
JSLHISAR,20191120,71.7,73.4,70.7,72.3,167819
JSWENERGY,20191120,72.7,73.9,71.1,71.75,596636
JSWHL,20191120,2260,2309.9,2240,2246.9,1284
JSWSTEEL,20191120,247.7,252.3,245.95,248.7,4799567
JTEKTINDIA,20191120,84.95,85.95,82.5,85.25,65169
JUBILANT,20191120,502.9,513,495.05,503.55,271462
JUBLFOOD,20191120,1591.3,1605,1580,1590.9,508109
JUBLINDS,20191120,103.1,104.9,101.4,103.4,8946
JUMPNET,20191120,74.55,75.95,70.9,72.2,1376856
JUNIORBEES,20191120,291.5,294.33,290.4,293.26,120994
JUSTDIAL,20191120,563.6,572.15,543.1,563.4,4215101
JYOTHYLAB,20191120,179.6,181.75,178.85,180.2,196928
KABRAEXTRU,20191120,66.05,66.05,63.15,64.7,6256
KAJARIACER,20191120,520,527.8,512.65,525.45,148209
KAKATCEM,20191120,155,155,151.05,151.7,6661
KALPATPOWR,20191120,441.7,467.7,438.35,449.8,151638
KALYANIFRG,20191120,160,160,157.7,157.85,293
KAMATHOTEL,20191120,35.4,35.85,35,35.15,18514
KAMDHENU,20191120,102.65,104.6,96.45,97.85,14778
KANANIIND,20191120,2.8,3.25,2.8,3.1,1789
KANORICHEM,20191120,39.8,40.9,38.4,38.85,18279
KANSAINER,20191120,546.2,547.55,536.85,540.55,68390
KARDA,20191120,153,157,145.85,147.1,38765
KARMAENG,20191120,11.3,11.3,10.75,10.75,5383
KARURVYSYA,20191120,56.8,57.8,56.45,56.75,428347
KAUSHALYA,20191120,0.45,0.55,0.45,0.45,11243
KAYA,20191120,370.95,375.05,360.1,363.6,10203
KCP,20191120,59.9,64.6,59.9,63.9,139713
KCPSUGIND,20191120,13.3,13.7,13.15,13.3,76580
KDDL,20191120,347.15,371,327.4,334.15,3004
KEC,20191120,279.6,281.2,276.1,279.25,107289
KECL,20191120,10.45,11.5,10.45,10.75,38644
KEI,20191120,536,537.45,530,532.85,105930
KELLTONTEC,20191120,15.5,16.1,15,16.1,101978
KENNAMET,20191120,1016.05,1016.05,980.1,998.6,9830
KERNEX,20191120,21.25,22.1,21.15,22,3500
KESARENT,20191120,28.3,29.85,28.05,29,4408
KESORAMIND,20191120,60.9,61.35,59,59.35,210844
KGL,20191120,0.3,0.35,0.3,0.35,329651
KHADIM,20191120,196.4,196.5,183.7,184.75,64781
KHAITANLTD,20191120,18.45,19.35,18.45,19.35,106
KICL,20191120,1535.05,1604,1530,1591.15,742
KILITCH,20191120,118.4,125.65,118.4,119.3,13994
KINGFA,20191120,615,628.1,612.25,615.3,2337
KIOCL,20191120,123.25,123.25,119.3,120.6,27685
KIRIINDUS,20191120,381.4,387.9,380.25,382.05,105356
KIRLFER,20191120,63.95,63.95,60.15,60.55,3017
KIRLOSBROS,20191120,138.55,139.65,136.1,136.5,14265
KIRLOSENG,20191120,164,166,160.3,162,28119
KIRLOSIND,20191120,657.8,657.8,630.25,639.75,561
KITEX,20191120,102.85,104.8,99.75,100.45,49501
KKCL,20191120,965,980,964.95,969,252
KMSUGAR,20191120,6.55,6.55,6.3,6.35,93798
KNRCON,20191120,235.2,242.95,233.7,241.35,47056
KOHINOOR,20191120,9.55,10.55,9.55,10.55,18960
KOKUYOCMLN,20191120,72.85,76.4,71.45,74.4,26022
KOLTEPATIL,20191120,236.95,243,232.8,235.05,30772
KOPRAN,20191120,29.6,33.6,29.6,32.15,349084
KOTAKBANK,20191120,1623,1623.8,1596.2,1599.45,1562436
KOTAKBKETF,20191120,312.9,322.58,296.9,321.81,227119
KOTAKGOLD,20191120,336.6,338.3,336.6,337.9,8153
KOTAKNIFTY,20191120,120.9,125.8,109.8,123.78,90583
KOTAKNV20,20191120,58.5,58.5,58.06,58.35,9408
KOTAKPSUBK,20191120,254,259.3,253.01,255.41,6148
KOTARISUG,20191120,10.15,10.65,10.1,10.4,12691
KOTHARIPET,20191120,16,16.5,15.75,16.1,5915
KOTHARIPRO,20191120,58.4,61.65,58.4,60.45,2657
KPITTECH,20191120,98,98.95,94.6,97.8,312276
KPRMILL,20191120,674.6,683,668,670.4,5261
KRBL,20191120,190.6,191.85,186.4,189.2,86676
KREBSBIO,20191120,87.1,92.5,85.5,88.3,724
KRIDHANINF,20191120,4.9,5.4,4.9,4.9,344765
KRISHANA,20191120,55.95,55.95,55.95,55.95,1
KSB,20191120,693.1,699,682,688.1,4062
KSCL,20191120,544,547,527,532.05,236248
KSERASERA,20191120,0.1,0.1,0.05,0.1,855661
KSK,20191120,0.65,0.65,0.55,0.65,449989
KSL,20191120,214,218.45,213.1,215.45,40514
KTIL,20191120,31.75,31.8,30.05,30.6,2019
KTKBANK,20191120,75.3,75.55,74.45,74.65,932304
KUANTUM,20191120,450,469.95,450,463.2,63
KWALITY,20191120,3,3,3,3,175370
L&TFH,20191120,100.4,100.45,98.55,99.05,6048314
LAKSHVILAS,20191120,19,19.4,18.55,19.2,1039962
LALPATHLAB,20191120,1666.85,1666.85,1585.15,1594.95,128206
LAMBODHARA,20191120,32.6,32.95,31.7,31.95,7439
LAOPALA,20191120,144,144,140.85,142,16188
LASA,20191120,18,18.5,17.75,17.9,42709
LAURUSLABS,20191120,344.6,344.6,337.05,338.85,41181
LAXMIMACH,20191120,3349.95,3479.95,3310,3379.2,7321
LEMONTREE,20191120,59.5,60.45,58.85,59.3,968055
LFIC,20191120,54.95,55,45.3,55,967
LGBBROSLTD,20191120,275.6,279.5,270.85,271.15,5957
LGBFORGE,20191120,2.3,2.35,2.3,2.35,10680
LIBAS,20191120,48.1,58,48.05,54.25,9431
LIBERTSHOE,20191120,127.65,132.65,126,126.85,302752
LICHSGFIN,20191120,422.9,425.9,415.65,417.85,1985846
LICNETFGSC,20191120,20.91,21.47,20.55,20.74,9835
LICNETFN50,20191120,122.3,126,122.05,122.26,124
LICNFNHGP,20191120,125,130,123.75,128.25,370
LINCOLN,20191120,195,196.4,184.15,186.75,60197
LINCPEN,20191120,181.1,182.45,178.1,179,1873
LINDEINDIA,20191120,664.8,702.2,642,653.3,355313
LIQUIDBEES,20191120,997.55,1000.01,997.55,999.99,779995
LIQUIDETF,20191120,999.99,1000,999.99,999.99,21083
LOKESHMACH,20191120,35.9,35.9,34.05,34.95,3283
LOTUSEYE,20191120,22,22,21.55,21.75,720
LOVABLE,20191120,64,65.5,62,62.55,46934
LPDC,20191120,1.7,1.75,1.7,1.7,2781
LSIL,20191120,0.5,0.5,0.45,0.45,413407
LT,20191120,1372,1393.35,1365.35,1380.8,3914075
LTI,20191120,1693.25,1735,1693.25,1728.4,84857
LTTS,20191120,1427,1448,1411.1,1437,120332
LUMAXIND,20191120,1245.05,1249.45,1210.05,1216.45,3031
LUMAXTECH,20191120,97.5,99.4,96.75,97.45,17704
LUPIN,20191120,752.2,781,749.1,777.85,2881427
LUXIND,20191120,1350,1350,1319.3,1324.7,45292
LYKALABS,20191120,17.9,18.45,16.55,17.35,19751
LYPSAGEMS,20191120,4.1,4.3,3.85,4,13540
M&M,20191120,562.25,568.45,557.5,560.45,2876499
M&MFIN,20191120,329.85,334,327.6,329.3,641306
M100,20191120,17.78,17.8,17.65,17.69,54368
M50,20191120,117.54,117.7,117,117.2,116
MAANALU,20191120,60.6,61.6,60.05,60.25,2853
MADHAV,20191120,24,24,23.1,23.1,721
MADHUCON,20191120,4.3,4.3,4.3,4.3,22819
MADRASFERT,20191120,19.6,20.45,19.6,19.95,216407
MAGADSUGAR,20191120,103,103,98,99.5,85389
MAGMA,20191120,39.05,39.05,37,37.25,320528
MAGNUM,20191120,4,4,3.75,3.9,5720
MAHABANK,20191120,12.8,13.4,12.55,12.8,1902828
MAHASTEEL,20191120,152.85,155.85,146.05,155.4,68353
MAHESHWARI,20191120,239,241.45,231,233.35,12754
MAHINDCIE,20191120,147.3,147.5,143.4,144.15,69159
MAHLIFE,20191120,392.05,396.65,384.2,387.65,17679
MAHLOG,20191120,394.95,400,393.8,394.55,18846
MAHSCOOTER,20191120,4849.95,4860,4790,4811.05,2430
MAHSEAMLES,20191120,384.8,384.9,377.05,379.1,10710
MAITHANALL,20191120,464.7,464.7,455,457.25,6507
MAJESCO,20191120,412.4,415,395.8,413.2,27645
MALUPAPER,20191120,22.9,23,21.8,23,23102
MAN50ETF,20191120,121.3,122,121.05,121.6,12677
MANAKALUCO,20191120,4.4,4.8,4.4,4.75,11809
MANAKCOAT,20191120,3.9,4.1,3.85,3.85,596
MANAKSIA,20191120,37.15,37.4,35.3,36.45,27899
MANAKSTEEL,20191120,10,10,9.2,9.7,11288
MANALIPETC,20191120,17,17,16.35,16.45,266462
MANAPPURAM,20191120,169.9,170.85,165.7,166.25,2950820
MANGALAM,20191120,33.6,33.6,30.4,30.8,4436
MANGCHEFER,20191120,28.6,29.35,28.6,29.05,17960
MANGLMCEM,20191120,290,290.7,272.25,289.3,12999
MANGTIMBER,20191120,5.6,6.1,5.6,5.6,6555
MANINDS,20191120,42.6,43,41.7,42.1,30351
MANINFRA,20191120,22.5,23,22.25,22.9,556121
MANUGRAPH,20191120,13.5,13.5,13.05,13.05,1594
MARALOVER,20191120,15,15.4,14.75,14.75,9373
MARATHON,20191120,77.8,77.8,72.25,72.5,1323
MARICO,20191120,358,361.3,355,355.35,1258477
MARKSANS,20191120,15.3,15.9,14.85,15.35,1302631
MARUTI,20191120,7120,7218,7044,7152.75,1289948
MASFIN,20191120,724.95,725.9,715.55,724.5,5644
MASTEK,20191120,321.05,325.9,321,324.85,33500
MATRIMONY,20191120,483.5,483.5,460,478.95,3195
MAWANASUG,20191120,33.75,34.25,32.5,32.8,89401
MAXINDIA,20191120,78.15,80.6,75,79.5,322035
MAXVIL,20191120,36.15,38.4,36.15,37.85,69621
MAYURUNIQ,20191120,227,227,222,224.15,11118
MAZDA,20191120,390,402.9,376.55,389.4,20251
MBAPL,20191120,75,75,65,73.25,4880
MBECL,20191120,4.8,5,4.6,4.95,38953
MBLINFRA,20191120,4.75,4.8,4.45,4.5,22530
MCDHOLDING,20191120,19,19,16.25,17.55,22296
MCDOWELL-N,20191120,610,619,608.3,611.6,683915
MCLEODRUSS,20191120,7.95,7.95,7.4,7.4,459374
MCX,20191120,1175,1189.9,1150.2,1157.25,325678
MEGASOFT,20191120,7,7,6.7,7,13249
MEGH,20191120,53.3,54.1,52.1,52.4,428594
MELSTAR,20191120,0.8,0.8,0.75,0.75,1120
MENONBE,20191120,55.65,56.4,54.15,55.05,11866
MEP,20191120,33,36,32.5,35.7,862505
MERCATOR,20191120,1.05,1.1,1.05,1.05,415144
METALFORGE,20191120,7.9,8,7.75,7.75,2919
METROPOLIS,20191120,1408.95,1460,1408.65,1435.7,75440
MFSL,20191120,488.1,510.4,481.4,506.85,3070849
MGL,20191120,1050.8,1055.45,1029.2,1035.35,493992
MHRIL,20191120,224.95,225.05,218.1,220,13510
MIC,20191120,0.95,0.95,0.9,0.9,246291
MIDHANI,20191120,173.7,176.5,170.7,171.75,480275
MINDACORP,20191120,94.05,95.6,92.1,93.95,72347
MINDAIND,20191120,338.5,345,338.5,344.15,58179
MINDTECK,20191120,30.95,30.95,29.25,29.6,5826
MINDTREE,20191120,708.3,719,698.7,716.25,344328
MIRCELECTR,20191120,8.05,8.05,7.45,7.45,162641
MIRZAINT,20191120,56.3,57.45,55.7,56.15,141854
MMFL,20191120,377.15,389.95,375,383.05,1122
MMTC,20191120,18.6,19.8,18.3,18.9,3338374
MODIRUBBER,20191120,39,40.8,39,40.8,345
MOHITIND,20191120,5.4,5.4,5,5.4,2670
MOHOTAIND,20191120,6.95,7.25,6.7,6.7,9150
MOIL,20191120,142.75,144.4,141.6,142.8,270738
MOLDTECH,20191120,48.05,49.25,47.7,48.95,5723
MOLDTKPAC,20191120,283.3,287,280,282.8,8719
MONTECARLO,20191120,252.25,258,252,253.6,7092
MORARJEE,20191120,13.85,14.2,13.25,13.25,3079
MOREPENLAB,20191120,16.2,16.95,15.9,16.55,808233
MOTHERSUMI,20191120,133.75,134.95,131.8,132.3,5840922
MOTILALOFS,20191120,740.8,742.5,728,737.6,67088
MOTOGENFIN,20191120,31.85,35.15,31.85,33.95,147
MPHASIS,20191120,910.2,917.85,904,910.6,111307
MPSLTD,20191120,486.55,498.05,481.65,484.95,4194
MRF,20191120,63849,64111.95,62750.2,63058.45,2999
MRO-TEK,20191120,29,29.6,27.45,29.4,5817
MRPL,20191120,48,49.5,48,48.5,278045
MSPL,20191120,5.3,5.55,5.3,5.3,7722
MSTCLTD,20191120,157.2,163.6,154,158.5,427258
MTEDUCARE,20191120,18.85,18.85,17.8,17.8,129772
MTNL,20191120,8.7,8.7,8.7,8.7,350117
MUKANDENGG,20191120,11.5,11.75,10.95,11.3,6489
MUKANDLTD,20191120,31.15,32.85,30.95,31,13154
MUKTAARTS,20191120,37.4,38.95,37.4,37.85,14346
MUNJALAU,20191120,46.65,47.25,45.35,45.55,148146
MUNJALSHOW,20191120,124.3,128,120.7,126.7,9522
MURUDCERA,20191120,16.8,16.85,16.25,16.3,52396
MUTHOOTCAP,20191120,459.4,459.95,450,453.35,4130
MUTHOOTFIN,20191120,703,705.35,690.4,696.4,1208865
MVL,20191120,0.05,0.1,0.05,0.1,239139
N100,20191120,591,595,585.1,587.37,5365
NACLIND,20191120,27.2,29,26.55,27.05,51949
NAGAFERT,20191120,4.3,4.3,4,4.2,34178
NAGAROIL,20191120,0.4,0.4,0.3,0.4,583871
NAGREEKCAP,20191120,7.6,7.85,7.6,7.7,409
NAGREEKEXP,20191120,14.1,14.7,13.65,13.8,4382
NAHARCAP,20191120,72.4,74.5,72.25,72.65,1884
NAHARINDUS,20191120,22.2,23.2,22.2,22.85,2406
NAHARPOLY,20191120,34.1,35.45,34,34.3,3148
NAHARSPING,20191120,45.4,45.4,41.25,43.55,5935
NATCOPHARM,20191120,552,557.9,550.1,554.65,59346
NATHBIOGEN,20191120,325.05,333.4,322.1,325.5,8435
NATIONALUM,20191120,42.25,42.9,42,42.05,7012700
NATNLSTEEL,20191120,2.15,2.15,2.15,2.15,12161
NAUKRI,20191120,2636,2673.75,2531,2591.2,472792
NAVINFLUOR,20191120,898,929.8,897.2,919.6,59822
NAVKARCORP,20191120,33.6,34.5,32.75,33,87402
NAVNETEDUL,20191120,99.45,99.5,98.25,99.1,20189
NBCC,20191120,37.65,37.65,36.9,37.3,16423602
NBIFIN,20191120,1414.9,1450,1414.9,1433.2,200
NBVENTURES,20191120,62.3,65.4,62.1,64.8,140400
NCC,20191120,57,61.9,56.75,61.2,35350871
NCLIND,20191120,79,80.35,78.3,79.95,206440
NDGL,20191120,561,561,550.05,552,62
NDL,20191120,29.5,29.5,28,28.9,9214
NDTV,20191120,29.95,29.95,25.95,28.1,167761
NECCLTD,20191120,5.35,5.35,5.15,5.3,40866
NECLIFE,20191120,12.9,13.15,12.45,12.55,262829
NELCAST,20191120,43.05,43.65,42.5,42.75,38527
NELCO,20191120,236.7,244.4,231.35,240.55,43918
NEOGEN,20191120,376.6,379,355.5,375.45,10521
NESCO,20191120,635.95,640,627.6,631.05,43374
NESTLEIND,20191120,14117,14289,13982.5,14228.65,79418
NETF,20191120,122,122.1,122,122.1,2
NETFCONSUM,20191120,53.07,53.79,53.07,53.36,1091
NETFDIVOPP,20191120,29.49,29.68,29.46,29.51,506
NETFLTGILT,20191120,20.2,20.24,20.2,20.22,5208
NETFMID150,20191120,62.17,62.67,62.15,62.26,446776
NETFNIF100,20191120,125,125.31,125,125.21,3
NETFNV20,20191120,582.24,588.5,580.69,580.69,903
NETWORK18,20191120,26.05,26.5,25.3,25.75,459253
NEULANDLAB,20191120,478.5,483,465.1,469.6,15283
NEWGEN,20191120,182.85,182.85,165.2,174,33178
NEXTMEDIA,20191120,10,10.8,10,10.55,2251
NFL,20191120,26.8,27,26.5,26.8,322864
NH,20191120,300,303.3,293,296.1,72495
NHPC,20191120,23.5,23.65,23.3,23.5,1814111
NIACL,20191120,154.35,154.5,147.55,148.05,213514
NIBL,20191120,7.25,7.55,7.25,7.3,451
NIFTYBEES,20191120,1269,1274.11,1265.26,1268.33,110713
NIITLTD,20191120,102.1,102.45,100.25,100.85,261036
NIITTECH,20191120,1529.15,1554.3,1498.05,1508.8,279059
NILAINFRA,20191120,5.1,5.15,4.8,4.95,254710
NILASPACES,20191120,1.3,1.35,1.25,1.35,334723
NILKAMAL,20191120,1300,1324.9,1295.45,1300.1,10083
NIPPOBATRY,20191120,540,541.95,520.25,529.3,2701
NITCO,20191120,26.25,26.25,26.25,26.25,35306
NITINSPIN,20191120,44.2,51.5,44.2,45.6,50625
NKIND,20191120,21.7,22.1,21.7,22.1,105
NLCINDIA,20191120,53.75,54.6,53.45,54.2,238535
NMDC,20191120,100.6,104.25,100.5,101.8,4153659
NOCIL,20191120,105,106,102.5,103.25,746137
NOIDATOLL,20191120,3.85,4,3.8,3.9,50317
NORBTEAEXP,20191120,4,4,4,4,8
NPBET,20191120,173.73,176.02,173.73,174.77,328
NRAIL,20191120,208.3,213,204.35,207.6,6023
NRBBEARING,20191120,98,98.45,96.95,97.4,16902
NSIL,20191120,815.5,825.35,803,804.9,163
NTL,20191120,0.35,0.4,0.35,0.4,119
NTPC,20191120,117.3,117.6,116.05,117.05,10033434
NUCLEUS,20191120,300.05,305,299.65,304.5,8238
NXTDIGITAL,20191120,373.4,389.5,366.15,383.1,2773
OAL,20191120,196,198,190,196.2,9765
OBEROIRLTY,20191120,514.15,536,511,515.4,413941
OCCL,20191120,978,979.9,945,950.05,14477
OFSS,20191120,3050,3098,3033.5,3064.55,14701
OIL,20191120,162.05,169.55,157.05,158.45,2895076
OILCOUNTUB,20191120,5.9,6.2,5.9,6,5753
OISL,20191120,4.2,4.2,3.8,3.8,63860
OLECTRA,20191120,180,183.85,178.7,179.35,24544
OMAXAUTO,20191120,52.35,53,48.3,51.95,20707
OMAXE,20191120,183,183,180.95,181.3,302583
OMKARCHEM,20191120,4.9,4.9,4.5,4.55,38009
OMMETALS,20191120,21.1,23.15,20.75,21,100935
ONELIFECAP,20191120,7.4,7.4,7.4,7.4,1449
ONEPOINT,20191120,10.6,11.95,10.55,11.2,1692
ONGC,20191120,132.85,135.25,132.25,133.7,7657346
ONMOBILE,20191120,35.8,36,34.1,34.5,289305
ONWARDTEC,20191120,69,69.4,67.8,68.75,4635
OPTIEMUS,20191120,50.3,50.65,47.9,47.9,6737
OPTOCIRCUI,20191120,3.7,3.8,3.5,3.8,487873
ORBTEXP,20191120,84.95,84.95,82,83.85,6635
ORICONENT,20191120,18.15,18.75,17.85,18.2,35655
ORIENTABRA,20191120,18.05,18.05,17.35,17.55,11300
ORIENTALTL,20191120,12.1,12.65,11.65,12.05,14262
ORIENTBANK,20191120,63.9,64.1,57.65,59.05,7665145
ORIENTBELL,20191120,121.9,127.5,118.45,125.45,40945
ORIENTCEM,20191120,74.5,75.9,74.4,75.3,34438
ORIENTELEC,20191120,185.15,191.45,183.9,186.15,208117
ORIENTHOT,20191120,34.45,35,34.15,34.75,22957
ORIENTLTD,20191120,89.35,104.2,89.3,97,470
ORIENTPPR,20191120,24,24.5,23.95,24.15,163154
ORIENTREF,20191120,212,212.4,210.4,210.6,12990
ORISSAMINE,20191120,1399.7,1430,1365,1372.35,21890
ORTINLABSS,20191120,9.75,9.75,8.75,8.95,6733
OSWALAGRO,20191120,5.75,5.75,5.25,5.3,10244
PAEL,20191120,2.9,3,2.8,2.95,11237
PAGEIND,20191120,23065,23300,22837.95,23047.55,17981
PAISALO,20191120,412.5,470.1,412.5,430.2,36593
PALASHSECU,20191120,26.2,29.4,26,26.9,1522
PALREDTEC,20191120,20.5,20.5,19.3,20.05,578
PANACEABIO,20191120,125.75,133.9,123.7,127.55,40616
PANAMAPET,20191120,63.05,64.5,62.9,63.2,49385
PAPERPROD,20191120,236.25,236.25,231.75,233.5,15112
PARABDRUGS,20191120,1.7,1.7,1.7,1.7,3615
PARACABLES,20191120,8.65,8.8,8.5,8.6,50578
PARAGMILK,20191120,155.65,156.75,148.55,150.25,362195
PARSVNATH,20191120,2.05,2.1,1.95,1.95,701347
PATELENG,20191120,15.95,16.25,15.05,15.25,326042
PATINTLOG,20191120,21.5,22.5,21.3,22.1,16759
PATSPINLTD,20191120,5.4,5.75,5.1,5.25,13270
PCJEWELLER,20191120,32.2,32.3,30.6,31.2,3833065
PDMJEPAPER,20191120,14.55,15.1,13.95,14.1,50208
PDPL,20191120,2.55,2.55,2.55,2.55,1000
PDSMFL,20191120,315.05,324.5,314,317.75,344
PEARLPOLY,20191120,13.75,13.75,13.5,13.75,35887
PEL,20191120,1769,1822.3,1760,1774.3,1142022
PENIND,20191120,28.5,28.5,28,28.1,100077
PENINLAND,20191120,4,4.05,3.9,4.05,402448
PERSISTENT,20191120,665,668,660.1,665.3,54531
PETRONENGG,20191120,7.85,7.85,7.85,7.85,1157
PETRONET,20191120,272.5,276.05,272.25,275.35,1283157
PFC,20191120,118.9,119.9,117.4,117.95,5693791
PFIZER,20191120,4080,4099,4040,4065.55,12778
PFOCUS,20191120,51.25,53.2,49.1,49.8,446345
PFS,20191120,14.15,14.35,13.6,13.75,577466
PGEL,20191120,38.95,39.55,38.15,38.45,41076
PGHH,20191120,11000,11125,10980,11016.65,1962
PGHL,20191120,4334.85,4359.65,4250,4273.75,13041
PGIL,20191120,170.35,170.95,160.9,163.6,1964
PHILIPCARB,20191120,126.25,126.25,123.4,124.05,407791
PHOENIXLTD,20191120,725,735,705.1,708.6,73750
PIDILITIND,20191120,1300.1,1333,1300.1,1328.1,867482
PIIND,20191120,1465.4,1468,1443.55,1449.05,50464
PILANIINVS,20191120,1725.1,1787.95,1725.1,1773.65,3144
PILITA,20191120,6.4,6.4,5.7,5.75,49443
PIONDIST,20191120,132.1,132.1,127.75,129,6391
PIONEEREMB,20191120,25,25,22.45,22.9,4858
PIRPHYTO,20191120,23,24.45,23,24.45,478
PITTIENG,20191120,44.05,45.05,42.2,42.8,49495
PKTEA,20191120,131.1,131.1,126,126.3,261
PLASTIBLEN,20191120,172.85,172.85,170.1,170.5,2710
PNB,20191120,64.5,65.25,63.4,63.9,21268472
PNBGILTS,20191120,28.75,28.8,28.15,28.15,52904
PNBHOUSING,20191120,559,578,547,571.1,739279
PNC,20191120,14.05,14.7,13.75,14.65,1786
PNCINFRA,20191120,193.85,193.85,188.45,190.85,640409
PODDARHOUS,20191120,351.5,359.95,334,359.95,71
PODDARMENT,20191120,184.9,184.9,175,175.35,2282
POKARNA,20191120,95,99.9,92.5,92.5,512558
POLYCAB,20191120,930,944.8,920.4,935.85,212193
POLYMED,20191120,214.55,217,210.7,212.15,33850
POLYPLEX,20191120,512,514.8,500.8,503.45,69846
PONNIERODE,20191120,132.55,140.9,132.55,134.55,4637
POWERGRID,20191120,195.95,197.15,194,196.1,5398646
POWERMECH,20191120,649.95,659.15,639,645.1,3550
PPAP,20191120,172.5,173.45,170,170.6,3174
PPL,20191120,77,78,73.8,75.15,59255
PRABHAT,20191120,88.9,88.9,87.15,87.4,96356
PRADIP,20191120,0.6,0.6,0.6,0.6,1557
PRAENG,20191120,6.55,6.6,6.55,6.55,3450
PRAJIND,20191120,110,111.6,109.15,109.45,511414
PRAKASH,20191120,45.9,47.5,45.55,45.9,318345
PRAKASHSTL,20191120,0.15,0.2,0.15,0.2,16439
PRAXIS,20191120,61,62.1,59.5,60.65,66437
PRECAM,20191120,38.45,38.9,35.35,37.5,653199
PRECOT,20191120,26.8,28,23.55,26,2516
PRECWIRE,20191120,154,156.95,147.55,154.5,2983
PREMEXPLN,20191120,154,154,149.5,151.95,2664
PREMIER,20191120,2.05,2.05,1.95,2.05,14167
PREMIERPOL,20191120,18,19.4,18,19.15,261
PRESSMN,20191120,20.2,21.5,19.85,20.05,11936
PRESTIGE,20191120,295.5,298.95,294.3,297.45,48610
PRICOLLTD,20191120,34.05,34.75,32.15,34.5,84677
PRIMESECU,20191120,45.15,47.5,45,46.1,14036
PROSEED,20191120,0.25,0.3,0.25,0.25,125383
PROZONINTU,20191120,18.35,19.25,17.5,19.2,79622
PRSMJOHNSN,20191120,68.2,68.75,67,67.5,119355
PSB,20191120,22.8,22.85,20.5,20.75,467623
PSL,20191120,0.65,0.65,0.6,0.6,1854
PSPPROJECT,20191120,528,534.7,519,522.5,9435
PSUBNKBEES,20191120,286,289.56,281,282.04,215763
PTC,20191120,55.35,56.8,55.3,56.6,428210
PTL,20191120,36.95,36.95,35.9,35.95,6805
PUNJABCHEM,20191120,499,499,485,492.75,583
PURVA,20191120,60.05,61.2,59,60.15,71439
PVR,20191120,1750,1774.3,1730.3,1769.1,192777
QGOLDHALF,20191120,1690,1690,1678,1684.05,675
QNIFTY,20191120,1231.5,1233,1229,1229,38
QUESS,20191120,545.4,551.55,525.2,528.1,131435
QUICKHEAL,20191120,129.5,133,128.4,128.85,132297
RADAAN,20191120,1.2,1.2,1.2,1.2,500
RADICO,20191120,301.8,309.8,299.25,306.25,398991
RADIOCITY,20191120,29.7,30.2,27.5,27.7,114493
RAIN,20191120,103.9,104.95,101.5,102.45,556963
RAJESHEXPO,20191120,706.2,709.4,694,698.5,90305
RAJSREESUG,20191120,17.05,17.5,16.4,16.65,5664
RAJTV,20191120,40.5,43.9,40.5,42.85,610
RALLIS,20191120,179,181.75,176.05,178.4,144742
RAMANEWS,20191120,14.8,15,14.3,14.9,5895
RAMASTEEL,20191120,45.8,45.8,43.2,43.4,11206
RAMCOCEM,20191120,797.3,815.35,793.8,803.45,348221
RAMCOIND,20191120,190.4,195.8,189,190.85,37815
RAMCOSYS,20191120,143.55,145.7,142.5,144.15,36939
RAMKY,20191120,39,40.4,36.6,40.25,184063
RANASUG,20191120,3.5,3.7,3.4,3.55,754336
RANEENGINE,20191120,215.6,221.9,211.6,213.3,3218
RANEHOLDIN,20191120,780.1,795,775.55,785.15,1465
RATNAMANI,20191120,950.15,965,942.1,960.1,11397
RAYMOND,20191120,700.5,730,700.5,709.15,1062418
RBL,20191120,496,503.8,486.25,491.3,21556
RBLBANK,20191120,324.75,348.35,324,344.65,21515989
RCF,20191120,49.55,51.2,49.1,50.55,1368050
RCOM,20191120,0.6,0.65,0.55,0.65,92796251
RECLTD,20191120,143.95,146.7,143.15,145,7221890
REDINGTON,20191120,115,115,112.15,114,385215
REFEX,20191120,68.65,68.65,68.65,68.65,32627
REGENCERAM,20191120,1.65,1.65,1.6,1.6,700
RELAXO,20191120,550.35,574.8,546.3,570.25,142020
RELCAPITAL,20191120,18.05,18.05,18.05,18.05,244619
RELIANCE,20191120,1555.05,1572.4,1543.2,1547.65,19904164
RELIGARE,20191120,55,55.35,53,53.7,103666
RELINFRA,20191120,33.65,34.55,33,33,1069971
REMSONSIND,20191120,80.1,80.1,71.2,74.95,8730
RENUKA,20191120,9.5,9.8,9,9.4,1453942
REPCOHOME,20191120,290.8,296,289,291.95,36415
REPRO,20191120,629.05,636.05,613.15,622,7947
RESPONIND,20191120,91.45,92.7,90.4,91.35,156747
REVATHI,20191120,360,371.85,325.6,358.3,597
RGL,20191120,239.95,244.85,235,239.25,2097
RHFL,20191120,4.5,4.5,4.5,4.5,33753
RICOAUTO,20191120,44.6,45.75,44.25,44.6,334979
RIIL,20191120,308.3,319.5,308.2,312.6,535771
RITES,20191120,315,316.75,303.3,306,753186
RKDL,20191120,6.4,6.4,6.25,6.35,262
RKFORGE,20191120,292.6,308.3,292.6,305,70668
RMCL,20191120,3.25,3.4,3.25,3.3,63605
RML,20191120,248,264.2,246.1,249,7789
RNAM,20191120,369,371.8,359.25,361.55,2760461
RNAVAL,20191120,6.05,6.05,6.05,6.05,158567
ROHITFERRO,20191120,0.9,0.9,0.9,0.9,3020
ROHLTD,20191120,72.05,72.5,69.4,69.85,12937
ROLLT,20191120,1.75,1.8,1.75,1.8,22419
ROLTA,20191120,4.85,4.9,4.5,4.9,113684
ROSSELLIND,20191120,66.75,67.2,65.1,65.75,4455
RPGLIFE,20191120,275.8,282.9,270.05,274.2,36917
RPOWER,20191120,3.55,3.65,3.5,3.5,8943389
RPPINFRA,20191120,83.2,85.5,82.85,85.3,20840
RSSOFTWARE,20191120,20,21,19.65,20.75,7256
RSWM,20191120,105.5,108,103,106.8,22965
RSYSTEMS,20191120,50.65,50.7,50,50.1,8754
RTNINFRA,20191120,1.45,1.55,1.45,1.55,153285
RTNPOWER,20191120,1.7,1.8,1.7,1.75,537047
RUBYMILLS,20191120,227,228,220,222.25,3737
RUCHINFRA,20191120,2.2,2.2,2.05,2.1,38646
RUCHIRA,20191120,76.3,77.25,75,75.3,32354
RUPA,20191120,182.85,193.9,181,188.05,80689
RUSHIL,20191120,152,152.5,138.25,148.2,42325
RVNL,20191120,24.3,24.35,24.1,24.15,2403818
SABEVENTS,20191120,0.65,0.65,0.65,0.65,2000
SABTN,20191120,1.7,1.75,1.7,1.7,1647
SADBHAV,20191120,122.8,124,121,121.65,50579
SADBHIN,20191120,38.5,46,31.65,42.95,190975
SAFARI,20191120,587,587.2,571.15,577.45,2610
SAGARDEEP,20191120,78.2,81.85,74.3,80.8,11949
SAGCEM,20191120,552,564.95,536.7,546.25,4498
SAIL,20191120,37.15,38.4,37.15,37.9,26963527
SAKAR,20191120,50.5,52,50,52,16693
SAKHTISUG,20191120,8.65,9.25,8.65,8.85,59976
SAKSOFT,20191120,223.95,224.65,210.1,220,7179
SAKUMA,20191120,7,7,6.75,6.85,236379
SALASAR,20191120,113.15,118.95,113.15,116.4,6637
SALONA,20191120,63.15,68,63,67,240
SALSTEEL,20191120,2.75,2.95,2.75,2.75,6239
SALZERELEC,20191120,113,114.4,109,110.6,11394
SAMBHAAV,20191120,3.9,3.9,3.45,3.55,90462
SANCO,20191120,15.8,16.15,15.5,15.95,271658
SANDESH,20191120,584,595,580,586.1,6375
SANDHAR,20191120,236.35,243.45,236.35,242,6482
SANGAMIND,20191120,48.05,50,46.8,47.2,4547
SANGHIIND,20191120,36,39.9,35.85,38.2,515324
SANGHVIFOR,20191120,30.3,30.3,30.3,30.3,15
SANGHVIMOV,20191120,83.95,85.75,80.75,84.9,26231
SANGINITA,20191120,148.5,150,147,149.05,74540
SANOFI,20191120,6900,7000,6857,6951.35,18957
SANWARIA,20191120,2.15,2.15,2.15,2.15,169662
SARDAEN,20191120,179.8,182.4,177.7,179.4,20203
SAREGAMA,20191120,415.15,424.55,393.85,412.75,24163
SARLAPOLY,20191120,20.65,21,20.25,20.55,77926
SASKEN,20191120,640,648,637,643.4,3259
SASTASUNDR,20191120,86.4,86.4,81.05,81.6,2044
SATHAISPAT,20191120,2.7,2.7,2.55,2.55,44469
SATIA,20191120,89.95,91.7,86.9,88.05,74661
SATIN,20191120,214.8,215.15,210,211.25,58836
SBIETFQLTY,20191120,99.31,99.5,97.75,99.27,9992
SBILIFE,20191120,940,948.7,936.1,939.7,2976893
SBIN,20191120,332,332.5,325.1,328.8,29972583
SCAPDVR,20191120,0.35,0.4,0.35,0.4,4033
SCHAEFFLER,20191120,4424.65,4483.35,4336,4339.95,11484
SCHAND,20191120,74.1,90.1,74.1,90.1,257314
SCHNEIDER,20191120,64.2,67.4,64.2,66.75,76261
SCI,20191120,65.5,69.7,64.05,68.5,29021056
SDBL,20191120,110.55,113.65,105.5,108.45,19315
SEAMECLTD,20191120,505,505,481.95,488.5,6853
SELAN,20191120,141.5,144.8,139,140.4,35501
SELMCL,20191120,0.55,0.6,0.55,0.6,277625
SEPOWER,20191120,3.1,3.25,2.85,2.95,730883
SEQUENT,20191120,65.8,68,65,66.4,94285
SESHAPAPER,20191120,176.1,177.4,170.3,171.05,190170
SETCO,20191120,15.05,15.35,14.25,14.4,179568
SETFGOLD,20191120,3436.05,3458.95,3431.6,3438.75,1218
SETFNIF50,20191120,122.7,124.15,122.7,123.74,128418
SETFNIFBK,20191120,315.52,317.4,314,316.6,63442
SETFNN50,20191120,288,291.19,286.21,290.54,2757
SETUINFRA,20191120,1.35,1.35,1.3,1.35,60939
SEYAIND,20191120,123.05,123.05,123.05,123.05,2621
SFL,20191120,1320,1325,1295,1319.55,11966
SGL,20191120,5.8,5.8,5.8,5.8,5475
SHAHALLOYS,20191120,8.65,9.2,8.55,8.65,2844
SHAKTIPUMP,20191120,217.3,225.4,214.55,217.05,48516
SHALBY,20191120,103.1,112.5,101.7,105.85,93690
SHALPAINTS,20191120,91.65,92.2,90.05,90.45,25150
SHANKARA,20191120,320.3,325,308,311.9,28787
SHANTIGEAR,20191120,101.05,101.05,99,99.7,6329
SHARDACROP,20191120,245,248.45,236.1,239.9,25390
SHARDAMOTR,20191120,1070.05,1080,1062.65,1078.3,2368
SHARIABEES,20191120,254,255,254,255,19
SHEMAROO,20191120,148.2,149.05,140.6,142,18025
SHILPAMED,20191120,301.45,302,287.2,298.1,35180
SHIRPUR-G,20191120,6.15,6.6,6,6.55,19352
SHIVAMAUTO,20191120,25.8,26,25.05,25.5,111327
SHIVAMILLS,20191120,31.5,32.3,30.2,31.7,844
SHIVATEX,20191120,103,108.85,100.6,101.55,1134
SHK,20191120,116.2,116.2,113,114.15,16232
SHOPERSTOP,20191120,355,357,350,353.6,3886
SHREDIGCEM,20191120,24.35,26,24.35,24.75,426340
SHREECEM,20191120,20003.4,20680,20003.4,20289.95,46837
SHREEPUSHK,20191120,95.1,95.5,93,93.3,21043
SHREERAMA,20191120,4.2,4.45,4.1,4.25,27627
SHRENIK,20191120,49,50.7,48.2,49.65,27881
SHREYANIND,20191120,105.55,109.9,104,107.4,8057
SHREYAS,20191120,86.6,86.9,86.55,86.9,7290
SHRIPISTON,20191120,715,765,715,760,239
SHRIRAMCIT,20191120,1340.7,1350,1328.9,1345.6,1200
SHRIRAMEPC,20191120,6.2,6.3,5.8,6.1,193260
SHYAMCENT,20191120,3.1,3.1,2.85,2.9,4602
SHYAMTEL,20191120,6.6,6.6,6.6,6.6,42
SICAGEN,20191120,16.05,17.55,16.05,17.55,12557
SICAL,20191120,22.85,23.8,21.75,21.75,114091
SIEMENS,20191120,1570,1597.95,1506,1543.2,2267097
SIGIND,20191120,20,21.4,19.5,20.45,10217
SIL,20191120,10.2,10.4,10.2,10.4,959
SILINV,20191120,152.75,152.75,145.55,146.95,3048
SIMBHALS,20191120,6.7,6.7,6.1,6.35,17297
SIMPLEXINF,20191120,49.85,49.85,47.15,47.85,48853
SINTEX,20191120,1,1,1,1,924871
SIRCA,20191120,244,245,220,236.65,10980
SIS,20191120,935,951,931.1,940.1,32269
SITINET,20191120,1.95,1.95,1.85,1.85,700402
SIYSIL,20191120,237.95,237.95,228,230.7,30619
SJVN,20191120,24.7,24.75,24.5,24.65,1308128
SKFINDIA,20191120,2137.9,2220,2112.15,2194.45,45363
SKIL,20191120,4.95,5.45,4.95,5.2,3752
SKIPPER,20191120,50.05,60.35,50.05,56.2,226266
SKMEGGPROD,20191120,38.05,38.55,37.7,37.85,17067
SMARTLINK,20191120,75.3,77.8,75,75.4,5135
SMLISUZU,20191120,514,524.9,504.95,507.7,19462
SMSLIFE,20191120,260,272.65,258.05,272,3760
SMSPHARMA,20191120,40.9,41,40,40.15,16823
SNOWMAN,20191120,41,44.2,40.85,42.3,3634623
SOBHA,20191120,399,402.15,395.25,398.4,96419
SOLARA,20191120,460.05,470,460.05,466.25,14769
SOLARINDS,20191120,1020.25,1060,1007.35,1057.85,5123
SOMANYCERA,20191120,175.3,175.95,170.35,173.25,68451
SOMATEX,20191120,3,3,3,3,211
SOMICONVEY,20191120,12.65,13.8,12.15,12.45,4317
SONATSOFTW,20191120,297.5,303.4,297.5,301.4,62499
SORILINFRA,20191120,94.3,94.3,94.3,94.3,3922
SOTL,20191120,897.85,900,890.05,899.55,363
SOUTHBANK,20191120,11.3,11.4,11,11.1,4876615
SOUTHWEST,20191120,17.25,17.25,17,17.1,3810
SPAL,20191120,202,206.5,199.7,202.4,13244
SPANDANA,20191120,1282.6,1338.15,1273.55,1310.2,63812
SPARC,20191120,152.75,164.3,152.75,158.6,2492981
SPCENET,20191120,0.9,0.95,0.9,0.9,8840
SPECIALITY,20191120,67.95,68.5,66.5,66.85,48879
SPENCERS,20191120,66.4,66.45,62.45,63.3,245535
SPENTEX,20191120,0.35,0.35,0.3,0.35,16086
SPIC,20191120,19.9,19.9,19.05,19.45,19360
SPICEJET,20191120,111,113.5,110.1,111.2,2035412
SPLIL,20191120,36.65,36.65,34.65,35.7,62277
SPMLINFRA,20191120,9.95,10.4,9.6,10.1,19718
SPTL,20191120,1.3,1.3,1.3,1.3,1450089
SPYL,20191120,0.25,0.3,0.25,0.3,365939
SREEL,20191120,168,168,163.2,164.95,20293
SREINFRA,20191120,8.95,9,8.6,8.85,411738
SRF,20191120,3200,3272.9,3200,3220.35,379707
SRHHYPOLTD,20191120,101.3,104.6,98.5,100,11133
SRIPIPES,20191120,166.9,167.9,165,165.65,30814
SRTRANSFIN,20191120,1130,1138.45,1121,1126.5,395206
SSWL,20191120,768.9,773,763.1,769.65,4954
STAMPEDE,20191120,0.7,0.7,0.6,0.65,113864
STAR,20191120,380.5,406.1,380.5,400.05,732413
STARCEMENT,20191120,98.25,98.25,97,97.6,27333
STARPAPER,20191120,95.8,99.7,93.9,95.7,64858
STCINDIA,20191120,53.9,56.45,53.9,56.45,14559
STEELCITY,20191120,30.55,30.85,30.2,30.2,4235
STEELXIND,20191120,20.8,22.25,20.8,22.25,442845
STEL,20191120,72.7,72.7,66.35,70,3879
STERTOOLS,20191120,179,179,170.65,174.95,4341
STINDIA,20191120,5.35,5.35,5.1,5.1,5
STRTECH,20191120,123.45,125.4,122.4,123.35,775860
SUBCAPCITY,20191120,7.05,7.05,7.05,7.05,10
SUBEX,20191120,5.75,5.75,5.55,5.6,598492
SUBROS,20191120,250.05,257.2,249.5,251.1,49642
SUDARSCHEM,20191120,399.9,399.9,382,390.65,98902
SUJANAUNI,20191120,0.15,0.2,0.1,0.2,279064
SUMEETINDS,20191120,2.1,2.25,2.1,2.1,84808
SUMIT,20191120,20.9,20.9,19.4,20.5,5460
SUMMITSEC,20191120,464.95,464.95,453,453,5925
SUNCLAYLTD,20191120,2191.15,2212.95,2128.05,2155.35,469
SUNDARAM,20191120,1.3,1.4,1.3,1.4,154756
SUNDARMFIN,20191120,1657,1665.1,1621.6,1642.25,16651
SUNDARMHLD,20191120,66.95,67.1,66.5,66.75,8224
SUNDRMBRAK,20191120,234,237.5,225.7,229.9,3342
SUNDRMFAST,20191120,465.7,480.6,462.8,467.25,56849
SUNFLAG,20191120,31.95,35,31.6,32.95,762236
SUNPHARMA,20191120,427.2,460.6,423.85,450,23107507
SUNTECK,20191120,390.15,391.15,382.55,385.5,105680
SUNTV,20191120,493,501,487.3,498.15,1305786
SUPERHOUSE,20191120,87.9,89.55,85.95,86.1,7383
SUPERSPIN,20191120,4.7,4.95,4.4,4.55,23091
SUPPETRO,20191120,168.8,170.7,164.85,168.65,5858
SUPRAJIT,20191120,178.45,178.5,173.1,174.6,14414
SUPREMEIND,20191120,1147,1160,1130.15,1140.1,23935
SUPREMEINF,20191120,11,11,10.45,10.85,26191
SURANASOL,20191120,5.5,6,5.5,5.9,15460
SURANAT&P,20191120,3.35,3.5,3.35,3.5,11231
SURYALAXMI,20191120,18.45,18.5,17.6,17.75,2299
SURYAROSNI,20191120,174.4,177,167.05,174.1,36856
SUTLEJTEX,20191120,31.45,32.4,30.3,31.9,8624
SUVEN,20191120,304.1,307.8,300.55,304.75,415378
SUZLON,20191120,2.35,2.45,2.35,2.4,14389003
SWANENERGY,20191120,101.3,102.95,101.15,102.25,79524
SWARAJENG,20191120,1076,1087.4,1070.2,1074.15,67635
SWELECTES,20191120,119,124.8,119,121.55,7499
SWSOLAR,20191120,259.7,313,259.7,285.55,2913650
SYMPHONY,20191120,1207,1210,1190.05,1196.65,7790
SYNCOM,20191120,0.8,0.85,0.75,0.85,33690
SYNDIBANK,20191120,30.65,31.1,29.05,29.4,3743514
SYNGENE,20191120,327.6,331.7,324,329.5,57685
TAINWALCHM,20191120,46.05,51.25,46.05,48.1,448
TAJGVK,20191120,161.35,162.7,160.6,161.85,10977
TAKE,20191120,99.5,101,94.8,95.05,335303
TALBROAUTO,20191120,118.5,122.5,117.7,121.1,27984
TALWALKARS,20191120,4.7,4.7,4.5,4.5,24854
TALWGYM,20191120,4.15,4.35,4.15,4.15,72012
TANLA,20191120,59,60.95,55.5,59.1,538317
TARAPUR,20191120,3.8,3.85,3.75,3.85,68
TARMAT,20191120,27.45,28.3,27,27.65,4138
TASTYBITE,20191120,9014,9014,8685.65,8884.7,1186
TATACHEM,20191120,646,654.3,641.4,647.95,572551
TATACOFFEE,20191120,80.65,81.5,79.15,79.55,190788
TATACOMM,20191120,351.2,362.5,348.2,354,94153
TATAELXSI,20191120,814,816,796.05,813.05,650086
TATAGLOBAL,20191120,304.9,307.9,301,306.8,2044550
TATAINVEST,20191120,816.3,829.85,815.85,825.5,6812
TATAMETALI,20191120,576.95,588.9,573,579.25,32329
TATAMOTORS,20191120,167.75,170.2,166.2,167.4,19504078
TATAMTRDVR,20191120,77.45,78.7,76.3,76.9,4691198
TATAPOWER,20191120,55.65,55.85,55.1,55.4,4758920
TATASTEEL,20191120,401,408.5,397.3,398.7,12255602
TATASTLBSL,20191120,25.5,25.8,24.95,25.3,612110
TATASTLLP,20191120,383.45,389.2,380.3,382.35,17027
TBZ,20191120,39.3,40.6,37.85,38.45,109691
TCI,20191120,284.95,285.95,276.4,279.65,6915
TCIDEVELOP,20191120,350,369.15,333.8,359.75,300
TCIEXP,20191120,756,766.5,753.1,762.4,6148
TCIFINANCE,20191120,8.15,8.6,7.85,7.95,111168
TCNSBRANDS,20191120,733.7,733.7,697,699.4,3244
TCPLPACK,20191120,286.95,286.95,265,269,1257
TCS,20191120,2121.95,2135,2094.5,2108.55,2894129
TDPOWERSYS,20191120,147,147.6,146.9,146.9,1723
TEAMLEASE,20191120,2579.55,2580.1,2450,2466.95,32933
TECHIN,20191120,3.25,3.25,3.25,3.25,150
TECHM,20191120,764.9,773,755.95,771.4,2343750
TECHNOE,20191120,263.05,269.95,261.5,267.6,2837
TECHNOFAB,20191120,17,18.6,16.9,18.3,6512
TEJASNET,20191120,86.7,97.4,85.1,97.4,1671339
TERASOFT,20191120,25.9,27.2,25.2,26.1,11866
TEXINFRA,20191120,44.85,45,43.75,44.1,141533
TEXMOPIPES,20191120,14.6,15,14.5,14.6,47743
TEXRAIL,20191120,44.5,44.8,42.65,42.95,261076
TFCILTD,20191120,80.8,81.6,80.25,80.7,38489
TFL,20191120,4.3,4.3,4.1,4.25,13820
TGBHOTELS,20191120,3.6,3.6,3.35,3.6,13825
THANGAMAYL,20191120,347.95,359.35,340,347.7,8306
THEINVEST,20191120,125,127.3,117.1,119.95,1910
THEMISMED,20191120,251,267,250,254.95,894
THERMAX,20191120,1055,1055.9,1015.7,1026.5,31200
THOMASCOOK,20191120,145,153,142,149.05,425782
THOMASCOTT,20191120,5.55,5.55,5.55,5.55,2
THYROCARE,20191120,544.75,565.4,540,560.45,60897
TI,20191120,12.95,13.4,12.85,12.9,28010
TIDEWATER,20191120,4948,4948,4760.1,4799.5,1051
TIIL,20191120,323.75,323.8,305.1,311.95,7084
TIINDIA,20191120,457,469,445.15,453.9,331394
TIJARIA,20191120,8.4,8.75,8.2,8.4,4081
TIL,20191120,182,191.9,181.6,188.15,14614
TIMESGTY,20191120,31.35,34.85,28.95,32.55,5181
TIMETECHNO,20191120,56.25,56.6,54.75,55.35,708542
TIMKEN,20191120,869.9,875,854.6,858.2,26920
TINPLATE,20191120,142,145.4,140.7,142.55,737701
TIPSINDLTD,20191120,71.6,75.25,71.6,74.05,915
TIRUMALCHM,20191120,63.3,63.8,61.7,62.3,191845
TITAN,20191120,1166,1167.5,1156.4,1162.85,920219
TMRVL,20191120,15,15,15,15,4434
TNPETRO,20191120,36.5,36.7,35.7,36.5,87298
TNPL,20191120,180.75,181.7,178.05,180.65,57192
TNTELE,20191120,1.2,1.2,1.2,1.2,310
TOKYOPLAST,20191120,69.1,73.95,69.1,72.5,5155
TORNTPHARM,20191120,1766.5,1778.25,1719.4,1742.2,329981
TORNTPOWER,20191120,289.65,292.2,287.1,287.85,783735
TPLPLASTEH,20191120,128.95,128.95,123,124.65,2533
TREEHOUSE,20191120,5.65,6,5.65,5.7,73560
TREJHARA,20191120,17.2,17.2,15.6,16.95,5688
TRENT,20191120,508.8,508.8,491.1,496.85,206455
TRF,20191120,105.85,106.2,101.8,102.9,32946
TRIDENT,20191120,60.75,60.8,58.7,59.05,783759
TRIGYN,20191120,51.95,52.7,50.3,50.95,22516
TRIL,20191120,7.3,7.3,7,7.05,143088
TRITURBINE,20191120,97.35,98.25,97,97.7,15967
TRIVENI,20191120,63.6,64,61.75,62.55,275122
TTKHLTCARE,20191120,496,496,475,477.75,883
TTKPRESTIG,20191120,6048,6075.45,5934,6045.95,4615
TTL,20191120,44.3,45,42,43.75,3401
TTML,20191120,2.9,3,2.7,2.75,1781031
TV18BRDCST,20191120,23,23.35,22.55,22.7,1871139
TVSELECT,20191120,105,105,99.75,103.85,23029
TVSMOTOR,20191120,448,452.4,442.8,448.05,911015
TVSSRICHAK,20191120,1779.1,1825,1779.1,1811.6,2309
TVTODAY,20191120,288.35,291.1,285.35,289.35,14031
TVVISION,20191120,1.3,1.3,1.3,1.3,15
TWL,20191120,49.45,50.2,47.65,48.05,702946
UBL,20191120,1236,1236,1213,1222.05,593763
UCALFUEL,20191120,136.45,138.95,134.05,134.9,23599
UCOBANK,20191120,16.3,18.7,16.2,18.7,11110568
UFLEX,20191120,201.9,204,200.05,200.7,18925
UFO,20191120,130.85,130.85,126.65,127.65,18436
UGARSUGAR,20191120,13,13.15,12.85,13.1,75982
UJAAS,20191120,3.3,3.4,3.2,3.25,164212
UJJIVAN,20191120,289.5,298.1,287.1,296,2192280
ULTRACEMCO,20191120,4098,4130,4075,4114.05,836453
UMANGDAIRY,20191120,40.2,40.2,37.7,38.55,3770
UMESLTD,20191120,0.95,0.95,0.95,0.95,1100
UNICHEMLAB,20191120,157.8,158.95,154,154.55,35701
UNIENTER,20191120,65,65.9,63.65,65.3,2511
UNIONBANK,20191120,60.05,60.65,57.6,58.35,19180548
UNIPLY,20191120,24.85,24.85,24.85,24.85,70205
UNITECH,20191120,1,1,1,1,2786929
UNITEDBNK,20191120,9.9,10,9.15,9.25,2495911
UNITEDTEA,20191120,254.5,274.8,254.5,260.8,966
UNIVCABLES,20191120,163.95,166,162,164.3,10007
UPL,20191120,552.9,556.5,546.4,552.85,1835821
URJA,20191120,1.7,1.75,1.65,1.65,655570
USHAMART,20191120,31.05,32.4,31.05,32,374369
UTINEXT50,20191120,289.7,292.5,288.1,290,332
UTINIFTETF,20191120,1272,1274,1270,1272,504
UTISENSETF,20191120,429.5,429.5,426.55,429.4,133
UTISXN50,20191120,321,321,320.9,320.9,8
UTTAMSTL,20191120,10.5,10.5,10.15,10.45,342691
UTTAMSUGAR,20191120,100.4,100.4,97.2,97.5,84133
UVSL,20191120,0.1,0.1,0.05,0.1,8517511
V2RETAIL,20191120,115.5,115.5,111.05,112.25,17849
VADILALIND,20191120,700,719.65,675,715.45,56677
VAIBHAVGBL,20191120,857,865,850,850.25,61262
VAKRANGEE,20191120,39.45,39.6,38.5,38.9,1738984
VARDHACRLC,20191120,34.45,34.45,33.45,33.6,14532
VARDMNPOLY,20191120,2.15,2.3,2.15,2.2,5322
VARROC,20191120,442.85,451.05,435,437.5,13292
VASCONEQ,20191120,12.8,13.05,12.3,12.45,179563
VASWANI,20191120,4.9,5,4.55,5,5653
VBL,20191120,692.3,734.95,692.3,729.55,282701
VEDL,20191120,141.35,143.8,140.4,141.45,14546763
VENKEYS,20191120,1710,1729,1682.6,1694.25,84541
VENUSREM,20191120,23.2,24,22.35,22.45,5691
VESUVIUS,20191120,997.15,1006.8,982.05,1000.2,2000
VETO,20191120,46.95,49.9,45,45.65,78732
VGUARD,20191120,231.2,232,228.1,228.85,190678
VHL,20191120,1450.1,1487.8,1440,1471.1,148
VICEROY,20191120,1.45,1.55,1.45,1.5,6354
VIDHIING,20191120,63.9,63.9,61.55,61.55,19912
VIJIFIN,20191120,0.4,0.45,0.4,0.45,191218
VIKASECO,20191120,3.35,3.5,3.25,3.45,263527
VIKASMCORP,20191120,3.7,3.8,3.7,3.7,48019
VIKASPROP,20191120,4.55,4.55,4.55,4.55,55564
VIKASWSP,20191120,9.9,10.2,9.9,10.15,285027
VIMTALABS,20191120,92,108.35,87.5,108.35,371100
VINATIORGA,20191120,1910,1919.95,1862,1886.05,55559
VINDHYATEL,20191120,796.05,839,795.95,817.8,7299
VINYLINDIA,20191120,64.65,64.9,64,64.1,6259
VIPCLOTHNG,20191120,8,8.15,7.75,7.8,125813
VIPIND,20191120,440.9,448,435,445.2,155577
VIPULLTD,20191120,23.4,23.4,20.6,22.05,69987
VISAKAIND,20191120,250,254.95,242.7,250.65,19815
VISASTEEL,20191120,5,5.25,5,5.05,11095
VISESHINFO,20191120,0.05,0.1,0.05,0.1,3698475
VISHAL,20191120,308.75,316,308.75,316,8
VISHNU,20191120,122.05,122.05,120,121,5502
VISHWARAJ,20191120,69.9,70.8,67,69.15,123277
VIVIDHA,20191120,0.2,0.2,0.15,0.15,62421
VIVIMEDLAB,20191120,12.55,12.85,12.15,12.35,180676
VLSFINANCE,20191120,54.35,55.75,53.55,54.5,16194
VMART,20191120,1737.7,1743.95,1710.1,1721.4,2821
VOLTAMP,20191120,1131.95,1131.95,1080.1,1092.2,2689
VOLTAS,20191120,713.25,719.55,703.9,708.4,968603
VRLLOG,20191120,265.9,268.75,263.35,265.55,54663
VSSL,20191120,67.2,69.95,66.1,68,3549
VSTIND,20191120,4382,4676.1,4352,4402.85,8092
VSTTILLERS,20191120,1132,1164.85,1119.05,1148.2,2722
VTL,20191120,894.45,905,891.25,898.9,104686
WABAG,20191120,168.8,169.45,160.3,163.4,251360
WABCOINDIA,20191120,6201,6250,6200,6206.35,2446
WALCHANNAG,20191120,66.25,67.9,65.3,65.65,368264
WANBURY,20191120,16.7,16.7,16.7,16.7,6219
WATERBASE,20191120,115.05,121.95,112.75,117,222673
WEBELSOLAR,20191120,21.05,22.65,21.05,22.5,73012
WEIZFOREX,20191120,269.05,269.05,257.55,263.85,428
WEIZMANIND,20191120,22.5,22.5,20.3,22.25,4845
WELCORP,20191120,138,138,135.75,136.3,326480
WELENT,20191120,80.05,82.65,78,78.2,120126
WELINV,20191120,156,165.6,152.75,157,211
WELSPUNIND,20191120,53.05,53.9,52.3,53.5,260146
WENDT,20191120,2853.75,2990.5,2830,2950.6,304
WESTLIFE,20191120,362.25,369.75,356.1,357.55,20053
WHEELS,20191120,625.95,629.6,616,618.5,1232
WHIRLPOOL,20191120,2290,2316.2,2260.75,2272.5,52861
WILLAMAGOR,20191120,13.6,14.2,13.15,13.7,6818
WINDMACHIN,20191120,19.05,19.7,19,19.3,37499
WIPL,20191120,56.7,56.7,56.7,56.7,500
WIPRO,20191120,251.75,251.75,248.4,248.9,1494149
WOCKPHARMA,20191120,290,292.75,273.15,275.75,3835354
WONDERLA,20191120,266.3,271.1,265,265.45,37833
WSI,20191120,1,1,1,1,1232
WSTCSTPAPR,20191120,205.05,214.5,205.05,207.6,183044
XCHANGING,20191120,53,54.4,53,53.75,15251
XELPMOC,20191120,65.3,68,58.4,66,5508
XLENERGY,20191120,0.45,0.45,0.4,0.45,2458
XPROINDIA,20191120,22.05,22.6,21.5,22.4,414
YESBANK,20191120,62.1,66.45,62,65.85,229215332
ZEEL,20191120,290,310,282.65,307,32195266
ZEELEARN,20191120,27.95,27.95,25,26,936398
ZEEMEDIA,20191120,7.85,8.2,7.65,7.9,1995796
ZENITHBIR,20191120,0.5,0.6,0.5,0.6,29034
ZENITHEXPO,20191120,39.25,43.95,39.2,40.45,3126
ZENSARTECH,20191120,186.25,189.25,184.75,187.65,34862
ZENTEC,20191120,61.2,62.8,60.7,61.95,22379
ZICOM,20191120,1.75,1.75,1.75,1.75,2824
ZODIACLOTH,20191120,186.95,191,179,188.1,3428
ZODJRDMKJ,20191120,30,32.95,30,30.75,2173
ZOTA,20191120,185.05,186.7,184.05,185,23129
ZUARI,20191120,93,96.9,93,95,193617
ZUARIGLOB,20191120,50.3,53.35,50.3,51.5,37073
ZYDUSWELL,20191120,1534.3,1547.95,1480,1489.5,9357
NSENIFTY,20191120,12004.75,12038.60,11966.05,11999.10,646661147,0
NIFTYJUNIOR,20191120,28178.70,28349.65,28164.65,28245.95,2030449885,0
NIFTYMIDCAPLIQ15,20191120,3973.35,4002.75,3965.95,3980.65,65766643,0
NSE100,20191120,12117.35,12156.35,12083.80,12116.20,2681802230,0
NIFTY200,20191120,6183.15,6202.50,6167.65,6181.60,3017173312,0
NSE500,20191120,9748.40,9776.70,9725.70,9744.90,3435997894,0
NSEMIDCAP150,20191120,6245.90,6256.10,6224.30,6238.00,374825091,0
MIDCAP50,20191120,4664.00,4692.60,4654.90,4668.90,291647524,0
NSEMIDCAP,20191120,17020.45,17061.60,16953.65,16994.10,335371082,0
NIFTYSMALLCAP250,20191120,-,-,-,4757.80,-,0
NIFTYSMALLCAP50,20191120,-,-,-,2747.95,-,0
NSESMLCAP100,20191120,5726.20,5733.45,5703.15,5716.10,-,0
NIFTYLARGEMIDCAP250,20191120,-,-,-,5966.92,3056627321,0
NIFTYMIDSMALLCAP400,20191120,-,-,-,5707.30,-,0
NIFTYAUTO,20191120,8088.05,8132.60,8039.80,8083.80,69518222,0
BANKNIFTY,20191120,31292.35,31471.65,31205.55,31353.85,418997557,0
NIFTYFINSERVICE,20191120,14030.85,14058.35,13965.35,13982.20,121116089,0
NIFTYFMGC,20191120,31009.30,31210.90,30786.30,31089.35,20591887,0
NSEIT,20191120,15349.05,15349.05,15235.00,15318.50,19887942,0
NIFTYMEDIA,20191120,1817.80,1873.65,1798.90,1863.20,204277345,0
NIFTYMETAL,20191120,2520.10,2549.85,2509.75,2524.90,98967916,0
NIFTYPHARMA,20191120,7866.00,8187.10,7843.65,8107.60,53413536,0
NIFTYPVTBANK,20191120,17191.60,17356.65,17175.55,17296.60,333758787,0
NIFTYPSUBANK,20191120,2611.25,2628.75,2557.05,2572.25,162288159,0
NIFTYREALTY,20191120,278.15,278.95,273.35,273.95,12650106,0
NIFTYCOMMODITIES,20191120,3386.30,3404.45,3378.85,3392.50,196954600,0
NIFTYCONSUMPTION,20191120,5019.95,5036.30,4989.40,5015.55,127145830,0
NIFTYCPSE,20191120,1964.60,1979.20,1951.10,1959.90,73660791,0
NIFTYENERGY,20191120,16348.70,16424.35,16280.55,16337.40,102141678,0
NIFTY100ESG,20191120,-,-,-,2230.68,2547748163,0
NIFTY100ENHESG,20191120,-,-,-,2256.17,2496358904,0
NIFTYINFRA,20191120,3334.50,3347.50,3318.25,3325.35,254182269,0
NIFTYMNC,20191120,13816.25,13902.45,13766.05,13842.55,1882846983,0
NIFTYPSE,20191120,3305.35,3315.85,3289.85,3310.65,174620896,0
NIFTYSMEEMERGE,20191120,-,-,-,1362.21,577950,0
NIFTYSERVSECTOR,20191120,16915.10,16953.05,16850.15,16893.55,518302612,0
NIFTYSHARIAH25,20191120,-,-,-,4372.17,70321414,0
NIFTY50SHARIAH,20191120,-,-,-,2475.51,67831267,0
NIFTY500SHARIAH,20191120,-,-,-,2964.80,262758842,0
NIFTYABGROUP,20191120,-,-,-,2942.78,1834198770,0
NIFTYMAHINDRA,20191120,-,-,-,10045.65,6048384,0
NIFTYTATA,20191120,-,-,-,6772.75,51498071,0
NIFTYTATA25CAP,20191120,-,-,-,4727.27,44912158,0
NIFTYABGROUP,20191120,-,-,-,2942.78,1834198770,0
NIFTYLIQ15,20191120,3729.00,3768.45,3719.00,3755.00,406178111,0
NIFTY500VALUE50,20191120,-,-,-,3632.22,272520119,0
NIFTYALPHALOWVOL30,20191120,-,-,-,12023.27,115442553,0
NIFTYQUALLOWVOL30,20191120,-,-,-,8482.41,58827106,0
NIFTYALPHAQUALLOWVOL30,20191120,-,-,-,9651.35,75943309,0
NIFTYALPHAQUALVALLOWVOL30,20191120,-,-,-,7325.59,99401546,0
NIFTY50EQUALWEIGHT,20191120,12307.65,12365.75,12267.50,12343.55,646661147,0
NIFTY100EQUALWEIGHT,20191120,13295.90,13357.70,13275.85,13318.75,2681802230,0
NIFTY100LOWVOL30,20191120,8915.60,8945.80,8880.30,8930.80,95461647,0
NSEDEFTY,20191120,-,-,-,5789.74,-,0
NIFTY50DIVPOINT,20191120,117.35,117.35,117.35,117.35,-,0
NIFTYDIVOPPS50,20191120,2564.65,2565.35,2550.80,2562.65,236607489,0
NIFTYALPHA50,20191120,12782.45,12797.90,12734.35,12748.50,135153343,0
NIFTY50ARBITRAGE,20191120,-,-,-,1871.58,-,0
NIFTY50FUTINDEX,20191120,-,-,-,4065.55,-,0
NIFTY50FUTTRINDEX,20191120,-,-,-,12111.43,-,0
NIFTYHIGHBETA50,20191120,-,-,-,1369.17,2500148633,0
NIFTYLOWVOL50,20191120,-,-,-,10564.23,108994469,0
NIFTY200QUALITY30,20191120,-,-,-,9821.85,-,0
NIFTY50VALUE20,20191120,5477.85,5487.95,5454.05,5470.95,370796896,0
NIFTYGROWSECT15,20191120,6308.30,6344.85,6283.95,6325.50,90234025,0
NIFTY50TR2XLEV,20191120,6730.20,6767.80,6689.15,6723.85,-,0
NIFTY50PR2XLEV,20191120,5177.80,5206.75,5146.25,5172.95,-,0
NIFTY50TR1XINV,20191120,340.35,341.40,339.40,340.55,-,0
NIFTY50PR1XINV,20191120,388.00,389.20,386.90,388.20,-,0
NIFTY-GS-COMPSITE,20191120,2056.94,2058.93,2056.94,2059.37,-,0
NIFTY-GS-4-8YR,20191120,2145.39,2147.38,2145.39,2147.88,-,0
NIFTY-GS-8-13YR,20191120,2023.26,2025.12,2023.26,2025.69,-,0
NIFTY-GS-10YR,20191120,1864.44,1866.52,1864.44,1866.44,-,0
NIFTY-GS-10YR-CLN,20191120,948.93,950.00,948.93,949.96,-,0
NIFTY-GS-11-15YR,20191120,2140.42,2142.35,2140.42,2142.30,-,0
NIFTY-GS-15YRPLUS,20191120,2300.24,2304.95,2300.24,2304.31,-,0
VIX,20191120,15.41,15.41,11.61,15.16,0,0
