<ticker>,<date>,<open>,<high>,<low>,<close>,<volume>,<o/i>
20MICRONS,20191015,38.8,38.8,37.7,38.05,14693
21STCENMGM,20191015,12.7,12.7,12.7,12.7,2
3IINFOTECH,20191015,2.1,2.1,2,2,522318
3MINDIA,20191015,19932,20370,19932,20267.65,3337
3PLAND,20191015,6.25,6.25,6.2,6.2,10
5PAISA,20191015,184.25,184.25,179.5,181.05,23706
63MOONS,20191015,118.6,120.5,114.5,115.55,126148
A2ZINFRA,20191015,9.75,10,9.45,9.7,225906
AARTIDRUGS,20191015,464.25,464.25,452.95,457.5,2971
AARTIIND,20191015,771.1,775,753,758.75,76417
AARVEEDEN,20191015,14.5,15.55,14.2,14.5,2180
AAVAS,20191015,1700,1700,1662.3,1673.95,9038
ABAN,20191015,25.8,26.3,25.1,25.55,17326
ABB,20191015,1479.9,1520,1465.65,1496.7,49536
ABBOTINDIA,20191015,11000,11025,10765,10917.9,12639
ABCAPITAL,20191015,78.4,78.5,77,77.25,729005
ABFRL,20191015,205.25,205.8,198.2,200,463568
ABSLNN50ET,20191015,270.09,270.09,270.09,270.09,18
ACC,20191015,1479,1505,1461.3,1498.05,1702459
ACCELYA,20191015,810,834,806.45,830.7,1881
ACE,20191015,77.95,78.75,77.3,78,100068
ADANIENT,20191015,147.7,155.85,146.6,155,11048872
ADANIGAS,20191015,154.8,155.7,150.1,151.55,1819063
ADANIGREEN,20191015,79.8,81.2,77.75,79.95,2719906
ADANIPORTS,20191015,408.85,414.5,407.45,413.75,2434978
ADANIPOWER,20191015,62.15,62.35,61,61.9,6691019
ADANITRANS,20191015,235,253,232.2,239.15,1036776
ADFFOODS,20191015,264,266.4,256,258.4,14748
ADHUNIKIND,20191015,118.7,118.7,111.2,116.5,69740
ADLABS,20191015,2.3,2.3,2.2,2.2,60255
ADORWELD,20191015,309,309,295.25,296.05,1290
ADSL,20191015,13.1,13.5,13,13.1,24120
ADVANIHOTR,20191015,53.75,54.5,52.85,53.85,3558
ADVENZYMES,20191015,147.85,148.15,146,146.9,21491
AEGISCHEM,20191015,164,173.8,163.8,169.25,130920
AFFLE,20191015,1209,1220.15,1160.35,1167.15,67284
AGARIND,20191015,113,119.3,113,116.65,40743
AGCNET,20191015,107.45,114.95,107.45,112.6,231
AGLSL,20191015,52,52,48.15,50.2,2432
AGRITECH,20191015,43.8,44.35,43.5,43.6,6526
AGROPHOS,20191015,110.25,110.55,110.1,110.2,534710
AHLEAST,20191015,184.95,186.95,178,182.05,1089
AHLUCONT,20191015,276.85,276.9,261.2,264.6,1456
AHLWEST,20191015,282.7,288.25,275.1,277.9,150
AIAENG,20191015,1732.8,1736.25,1686.05,1714.55,7453
AIONJSW,20191015,9.9,10,9.7,9.9,17068
AIRAN,20191015,12.5,12.75,12.5,12.75,542
AJANTPHARM,20191015,963.25,974,951.25,954.8,61717
AJMERA,20191015,114.3,115,112,112.45,14444
AKASH,20191015,59,59,59,59,50
AKSHARCHEM,20191015,207.4,207.4,195.95,196.95,2730
AKSHOPTFBR,20191015,7.5,7.7,7.15,7.45,232789
AKZOINDIA,20191015,1873.55,1947,1851.4,1935.35,34428
ALANKIT,20191015,20.35,20.4,18.65,19.3,138920
ALBERTDAVD,20191015,343,350.05,342,349.45,1801
ALBK,20191015,25.4,25.55,24.6,24.9,844536
ALCHEM,20191015,0.8,0.8,0.8,0.8,185
ALEMBICLTD,20191015,46.25,47.8,46.2,47.1,65490
ALICON,20191015,347.4,355.8,332.5,336.8,1489
ALKALI,20191015,43.25,44,42.65,43,7026
ALKEM,20191015,1947.9,1950,1911,1915.1,19628
ALKYLAMINE,20191015,839.95,840,825,838.15,1056
ALLCARGO,20191015,98.4,100.95,98.25,99.8,110106
ALLSEC,20191015,277,277.9,268.05,273.3,3696
ALMONDZ,20191015,9,9.5,9,9.05,1112
ALOKTEXT,20191015,1.75,1.8,1.75,1.75,7031990
ALPA,20191015,13.95,14.3,13.95,14.15,2693
ALPHAGEO,20191015,180.1,186,174,177.5,6909
ALPSINDUS,20191015,0.35,0.35,0.3,0.35,2914
AMARAJABAT,20191015,687.85,694,645.55,679.05,1376409
AMBER,20191015,939.75,939.8,925,928.2,10078
AMBIKCO,20191015,899.95,914.9,895.1,911.1,996
AMBUJACEM,20191015,194.9,198.5,194,196.95,2661814
AMDIND,20191015,17,17,14.85,15.55,5894
AMJLAND,20191015,15.8,16.25,15.15,16.25,6439
AMRUTANJAN,20191015,341.05,359.5,341.05,355.4,27062
ANANTRAJ,20191015,29.9,29.9,29.1,29.35,105068
ANDHRABANK,20191015,15.85,16,15.05,15.65,455519
ANDHRACEMT,20191015,2.8,2.85,2.65,2.7,53375
ANDHRSUGAR,20191015,265.8,267.95,262.5,263.95,7916
ANIKINDS,20191015,6.1,6.55,6.1,6.1,951
ANKITMETAL,20191015,0.45,0.5,0.4,0.5,20811
ANSALAPI,20191015,3.95,4.05,3.9,4.05,20321
ANSALHSG,20191015,4.75,4.75,4.35,4.5,12852
ANTGRAPHIC,20191015,0.75,0.75,0.7,0.7,59106
ANUP,20191015,441.05,463,441.05,460.7,12045
APARINDS,20191015,519.05,523.4,501.3,505.8,5196
APCL,20191015,140.95,144.85,139.4,141.4,1595
APCOTEXIND,20191015,193,193,185.5,186.4,8355
APEX,20191015,211,218.5,211,215.65,40151
APLAPOLLO,20191015,1372.35,1395,1356,1391.9,18604
APLLTD,20191015,532.4,539.9,524.25,528.3,30995
APOLLO,20191015,69.9,71,67.5,68.85,12508
APOLLOHOSP,20191015,1459.9,1489,1457,1483.75,594035
APOLLOTYRE,20191015,169.95,173.8,168.65,173.3,1647100
APOLSINHOT,20191015,762.45,776.8,762.45,772.4,380
APTECHT,20191015,151.2,154.5,149.25,152.25,99578
ARCHIDPLY,20191015,27.15,27.6,25.5,25.9,9884
ARCHIES,20191015,18.3,19,18.15,18.9,21909
ARCOTECH,20191015,1.7,1.7,1.6,1.6,6233
ARIES,20191015,63.05,63.7,59.85,61.2,23099
ARIHANT,20191015,18,18.95,17,18,1088
ARIHANTSUP,20191015,25.3,25.3,25.3,25.3,296
ARMANFIN,20191015,547,554,535.05,545.8,4408
AROGRANITE,20191015,38.55,39.9,38.25,38.65,7111
ARROWGREEN,20191015,49,53.3,49,53.3,5215
ARROWTEX,20191015,11.2,11.2,9.55,9.9,2924
ARSHIYA,20191015,16.65,17.25,16.4,16.4,54032
ARSSINFRA,20191015,20.7,22,20.65,21.15,8772
ARVIND,20191015,44.2,44.25,42.1,42.4,942961
ARVINDFASN,20191015,428,435,426.6,430.7,10923
ARVSMART,20191015,86.4,88.9,86.25,87.9,4990
ASAHIINDIA,20191015,185.8,185.9,180.75,182.55,5982
ASAHISONG,20191015,146.95,146.95,137.35,138.05,12571
ASAL,20191015,32.05,32.6,31.05,32.6,1560
ASHAPURMIN,20191015,29.85,32.5,29.85,29.85,86303
ASHIANA,20191015,96.45,97.65,94.35,94.95,147226
ASHIMASYN,20191015,7.35,7.65,6.85,7.2,84036
ASHOKA,20191015,99.45,102.5,98.25,100.75,234473
ASHOKLEY,20191015,68,69.65,67.35,69.1,24809075
ASIANHOTNR,20191015,95.7,101.6,95.7,97.6,1620
ASIANPAINT,20191015,1807.7,1825,1796,1803.1,1204392
ASIANTILES,20191015,220.5,221,215,217.95,38401
ASPINWALL,20191015,135.1,136.5,135.1,136.5,1435
ASSAMCO,20191015,0.55,0.55,0.45,0.5,214979
ASTEC,20191015,381.95,381.95,351.7,356.25,7584
ASTERDM,20191015,117.25,119.8,117.05,119.2,28680
ASTRAL,20191015,1164.1,1179.95,1150.5,1169.55,62938
ASTRAMICRO,20191015,79.8,79.85,77.55,78,61642
ASTRAZEN,20191015,2162.65,2188,2125,2134.25,5545
ASTRON,20191015,97.25,101.9,96.15,100.8,541678
ATFL,20191015,474.1,484.95,473.15,474.7,2139
ATLANTA,20191015,6.7,7.1,6.65,6.95,8185
ATUL,20191015,4027.1,4042.65,3960.15,3973.85,4983
ATULAUTO,20191015,220.5,222.7,216.1,220.8,14518
AUBANK,20191015,646,653,641,643.55,332462
AURIONPRO,20191015,77.45,80.5,59.65,64.55,145016
AUROPHARMA,20191015,459.25,467.6,450,455.35,4811384
AUSOMENT,20191015,27,28,26.4,27.05,356
AUTOAXLES,20191015,871,895,863.1,888.3,4177
AUTOIND,20191015,34,34,32.1,32.55,7260
AUTOLITIND,20191015,20.3,20.95,19.65,20.25,1156
AVADHSUGAR,20191015,262,267,259.2,262.75,25321
AVANTIFEED,20191015,374.9,382,372.2,379.95,207307
AVTNPL,20191015,22.85,23,22.4,22.55,10786
AXISBANK,20191015,682.6,694.85,681.3,690.05,9260732
AXISCADES,20191015,80.5,80.5,74.15,75.3,151596
AXISGOLD,20191015,3392.4,3415,3363.1,3379.75,374
AXISNIFTY,20191015,1170,1180.44,1168.05,1171.78,338
AYMSYNTEX,20191015,30.95,31.35,28.55,30.9,28933
BAGFILMS,20191015,1.55,1.55,1.5,1.55,253528
BAJAJ-AUTO,20191015,2964,3029.9,2953.45,3011.95,636441
BAJAJCON,20191015,229,238.8,195.1,203.65,7294285
BAJAJELEC,20191015,381,384,378,381.3,36473
BAJAJFINSV,20191015,8130,8130,8013,8035.85,217114
BAJAJHIND,20191015,6.05,6.25,6,6.15,382475
BAJAJHLDNG,20191015,3570,3620.4,3570,3600,12923
BAJFINANCE,20191015,3895,3916,3843,3879.45,1394894
BALAJITELE,20191015,51,51.7,50.6,51.35,22391
BALAMINES,20191015,300.25,318,300.25,302.05,23049
BALAXI,20191015,75.3,82.4,75.3,79.1,357
BALKRISHNA,20191015,20.15,22.2,20.15,20.85,14281
BALKRISIND,20191015,761.35,779.1,758,772.35,426275
BALLARPUR,20191015,0.55,0.55,0.5,0.5,3429269
BALMLAWRIE,20191015,167,167.8,164,164.65,39838
BALPHARMA,20191015,37.45,38.75,36.3,37.65,2821
BALRAMCHIN,20191015,154.4,156.95,154,155.1,840535
BANARBEADS,20191015,29.45,30.5,29.45,29.85,131
BANARISUG,20191015,1125,1125.05,1099.95,1123.55,695
BANCOINDIA,20191015,94,95,92.55,93.15,37451
BANDHANBNK,20191015,570.2,638,570.2,623.7,59302088
BANG,20191015,20.15,20.5,19.1,20.1,3726
BANKBARODA,20191015,88.25,88.75,86.8,88,25324047
BANKBEES,20191015,2895.49,2930,2880.91,2920.05,4239
BANKINDIA,20191015,60.2,61.6,59.65,61.25,6295769
BANSWRAS,20191015,69.7,73,67.05,67.75,5538
BARTRONICS,20191015,1.7,1.7,1.65,1.65,5121
BASF,20191015,956,960.95,930,931.7,8245
BASML,20191015,130,140,130,138.95,7808
BATAINDIA,20191015,1730,1735,1708.1,1717.1,409419
BAYERCROP,20191015,3343.85,3346.9,3307.25,3326.5,7019
BBL,20191015,904.1,905.5,885,890.55,6916
BBTC,20191015,1155.05,1208,1149.05,1190.15,355573
BCG,20191015,3.05,3.05,2.8,2.9,447988
BCP,20191015,8.85,8.85,8.85,8.85,424
BDL,20191015,282,283.8,280,281.35,14900
BEARDSELL,20191015,10.6,10.8,10.25,10.7,961
BEDMUTHA,20191015,10.05,11.2,10.05,10.7,14298
BEL,20191015,109.95,111.15,108.15,110.5,8543399
BEML,20191015,891,905.7,872,878.25,488608
BEPL,20191015,50.15,50.9,49,49.9,200507
BERGEPAINT,20191015,480,484.8,475.45,478.25,1856109
BFINVEST,20191015,284.5,333.05,283.2,325.75,929772
BFUTILITIE,20191015,167.7,200.25,164.05,200.25,1501002
BGLOBAL,20191015,1.65,1.65,1.55,1.65,5698
BGRENERGY,20191015,32.3,34,31.25,32,357489
BHAGERIA,20191015,107.9,108.5,105,107.35,9290
BHAGYANGR,20191015,19.6,19.6,18,18.3,3120
BHAGYAPROP,20191015,18.75,18.75,17.1,17.4,421
BHANDARI,20191015,1.15,1.2,1.05,1.1,48126
BHARATFORG,20191015,432.45,437.35,425.45,428.4,1279522
BHARATGEAR,20191015,58,59.55,56.7,57.95,8136
BHARATRAS,20191015,5721,6099.95,5710,6026.85,2239
BHARATWIRE,20191015,25.1,25.4,25,25.15,2356
BHARTIARTL,20191015,390,391.95,381.55,383.65,8585170
BHEL,20191015,43.1,43.5,42.5,42.75,16921189
BIGBLOC,20191015,26.25,27,21,26.4,5056
BIL,20191015,143,146.9,135.85,135.85,1325
BILENERGY,20191015,0.85,0.85,0.8,0.8,193466
BINDALAGRO,20191015,9.3,9.4,8.7,8.8,9418
BIOCON,20191015,252.2,262.6,251.25,260.3,6484566
BIOFILCHEM,20191015,4.65,4.65,4.45,4.45,2235
BIRLACABLE,20191015,46.4,47.95,46.35,47.2,27390
BIRLACORPN,20191015,525,540,520.85,530.85,415031
BIRLAMONEY,20191015,34.35,36.9,33.5,34.45,80867
BKMINDST,20191015,0.9,0.95,0.85,0.85,30033
BLBLIMITED,20191015,3.25,3.85,3.25,3.75,7166
BLISSGVS,20191015,106.15,107.5,104.85,107.2,44974
BLKASHYAP,20191015,7.35,7.85,7.25,7.45,156406
BLS,20191015,81.4,81.4,79.55,80,236695
BLUEBLENDS,20191015,1.1,1.1,1.1,1.1,280
BLUECOAST,20191015,1.95,2.15,1.95,1.95,1412
BLUEDART,20191015,2304.1,2304.1,2254.05,2272.45,2396
BLUESTARCO,20191015,812,817.45,777.5,790.05,32079
BODALCHEM,20191015,69,70.1,68.05,68.45,71549
BOMDYEING,20191015,70.85,73.35,70.3,71.15,1869371
BOROSIL,20191015,157.25,159,155.25,157,31347
BOSCHLTD,20191015,13350,13947,13350,13853.2,31448
BPCL,20191015,489.95,494.5,487.95,490.3,5842162
BPL,20191015,18.8,19,18.3,18.6,45701
BRFL,20191015,4.95,4.95,4.8,4.9,12464
BRIGADE,20191015,192.45,192.45,186.55,190.25,76874
BRITANNIA,20191015,3129.1,3193.65,3112.35,3181.1,583008
BRNL,20191015,62.75,65,62.75,62.8,3272
BROOKS,20191015,31.3,31.9,29,30.35,23430
BSE,20191015,513,520.5,507.2,511.1,103890
BSELINFRA,20191015,1,1.1,1,1,29097
BSL,20191015,24.55,25.65,24.15,24.7,7149
BSLGOLDETF,20191015,3550,3550,3509.6,3541.5,84
BSLNIFTY,20191015,124.22,124.62,123.79,123.95,106
BSOFT,20191015,63.15,64.75,63.15,64.45,442495
BURNPUR,20191015,1.05,1.15,1.05,1.05,12299
BUTTERFLY,20191015,150.25,155,149.5,150.95,14146
BVCL,20191015,9.7,10.5,9.7,10.45,1626
BYKE,20191015,18.9,20,17.85,18.8,12383
CADILAHC,20191015,233,234.85,232.4,234.45,488532
CALSOFT,20191015,12.15,12.15,12.15,12.15,3393
CAMLINFINE,20191015,53.85,54.6,52.8,53.35,28338
CANBK,20191015,179.5,181.85,176.8,180.6,6716299
CANFINHOME,20191015,382.6,386.9,380.6,382.55,143749
CANTABIL,20191015,218.75,234.25,211.25,222.75,25681
CAPACITE,20191015,194.9,194.95,192,193.55,11157
CAPLIPOINT,20191015,402.05,403.3,395,398.4,13353
CAPTRUST,20191015,104,104.9,100.8,103,5472
CARBORUNIV,20191015,292,292,285,286,47524
CAREERP,20191015,86.15,89.4,83.9,84.4,31299
CARERATING,20191015,538.2,540,517.1,529.05,38852
CASTEXTECH,20191015,0.35,0.4,0.35,0.4,38186
CASTROLIND,20191015,133.55,134.85,133.15,133.8,3011640
CCHHL,20191015,3.5,3.5,3.25,3.3,12737
CCL,20191015,237.95,240,232.5,235.85,19906
CDSL,20191015,206.95,210,205.2,205.8,211330
CEATLTD,20191015,937.4,942,929.75,935.95,48816
CEBBCO,20191015,13.2,13.6,13.1,13.25,8835
CELEBRITY,20191015,5.45,5.65,4.95,5.05,23964
CELESTIAL,20191015,3.05,3.35,3.05,3.35,25984
CENTENKA,20191015,172,172,167.6,168.05,8419
CENTEXT,20191015,2.75,2.85,2.45,2.65,58278
CENTRALBK,20191015,17,17.15,16.75,16.9,197055
CENTRUM,20191015,22.05,23.5,20.5,22.95,279051
CENTUM,20191015,419,419,385.1,386.75,3238
CENTURYPLY,20191015,161.2,162.2,155.5,157.5,165634
CENTURYTEX,20191015,381,393,352.1,384.25,3672355
CERA,20191015,2489,2489.05,2410,2424.6,22668
CEREBRAINT,20191015,21.75,22.05,21.5,21.7,68605
CESC,20191015,770,784.9,769,782.45,548331
CESCVENT,20191015,352.05,352.05,334,339.3,9915
CGCL,20191015,204,205.45,201.05,203.45,324603
CGPOWER,20191015,13.1,13.65,13.05,13.1,377351
CHALET,20191015,319.95,319.95,312.05,314.4,21008
CHAMBLFERT,20191015,146.6,148.75,144.75,145.55,85377
CHEMFAB,20191015,180.55,180.55,177.1,177.5,1583
CHENNPETRO,20191015,154.95,157.65,154,155.3,125914
CHOLAFIN,20191015,286.9,286.9,276.3,279.85,1723921
CHOLAHLDNG,20191015,465.1,476.9,463,465.95,26602
CHROMATIC,20191015,0.45,0.45,0.45,0.45,2000
CIGNITITEC,20191015,300.9,308.8,271.25,287.05,57227
CIMMCO,20191015,20,20,19.15,19.45,27783
CINELINE,20191015,31.85,31.9,29.6,30.3,4083
CINEVISTA,20191015,14.7,14.7,14.4,14.4,5919
CIPLA,20191015,440,448.5,435.35,446.55,3153015
CKFSL,20191015,0.5,0.55,0.45,0.5,769188
CLEDUCATE,20191015,76.55,77.8,75.3,75.5,1547
CLNINDIA,20191015,281.05,285,280.1,282.45,7957
CMICABLES,20191015,54.2,54.95,53,53.45,4204
CNOVAPETRO,20191015,9.2,9.2,8.05,8.05,491
COALINDIA,20191015,189,192.7,188.05,191.15,5459056
COCHINSHIP,20191015,336.95,336.95,331.35,331.85,36274
COFFEEDAY,20191015,37.95,37.95,36.1,36.1,569409
COLPAL,20191015,1529.8,1569.85,1528,1557.6,1093280
COMPINFO,20191015,9.85,9.85,9.55,9.65,62324
COMPUSOFT,20191015,7.8,8.1,7.7,7.9,14517
CONCOR,20191015,586.95,598,582.45,595,3221765
CONFIPET,20191015,28.05,28.65,27.4,27.85,40865
CONSOFINVT,20191015,36,36.1,36,36.1,152
CONTROLPR,20191015,246.95,246.95,242.25,244,71845
CORALFINAC,20191015,10.3,10.75,9.8,10.4,4038
CORDSCABLE,20191015,41.15,42.2,40.5,41.2,6864
COROMANDEL,20191015,409.5,410.35,400.35,406.95,328308
CORPBANK,20191015,14.05,14.15,13.7,13.75,190055
COSMOFILMS,20191015,203,206.6,196.6,197.85,27972
COUNCODOS,20191015,1.8,1.8,1.8,1.8,2017
COX&KINGS,20191015,2.6,2.6,2.6,2.6,63907
CPSEETF,20191015,23.52,23.92,23.52,23.87,8073052
CREATIVE,20191015,64,70.95,62.15,63.25,6369
CREDITACC,20191015,623,630.5,616.3,618.8,27747
CREST,20191015,86,91,83.25,85.55,2985
CRISIL,20191015,1290,1345,1256.3,1330,15833
CRMFGETF,20191015,3525,3540,3525,3540,10
CROMPTON,20191015,253.1,255.75,248.65,253.15,767892
CTE,20191015,25.5,26.85,24.4,25.25,1575
CUB,20191015,218.9,218.95,212.5,213.95,404695
CUBEXTUB,20191015,10.4,11.35,10.3,10.3,2800
CUMMINSIND,20191015,574.9,574.9,563.55,569.3,140162
CUPID,20191015,138,139.8,136.8,137.75,8048
CYBERMEDIA,20191015,3.4,3.4,3.4,3.4,3
CYBERTECH,20191015,48.35,49.8,48.35,48.85,3964
CYIENT,20191015,460,463.45,451.55,455.3,179155
DAAWAT,20191015,24.15,24.2,23.55,23.65,349435
DABUR,20191015,458.6,459.05,447.4,450,2746832
DALBHARAT,20191015,808.65,816,799.25,808.8,242468
DALMIASUG,20191015,88.9,89.2,86.6,87.5,45410
DAMODARIND,20191015,26.1,28.05,25.55,28,940
DATAMATICS,20191015,73.95,73.95,70.95,71.9,8640
DBCORP,20191015,145,148.9,143.45,146.8,45068
DBL,20191015,383.1,402.65,383,388.45,832435
DBREALTY,20191015,6.05,6.3,5.95,6.2,148177
DBSTOCKBRO,20191015,8.5,8.8,8.5,8.8,20
DCAL,20191015,161.15,163.5,157.3,160.8,47248
DCBBANK,20191015,184.45,185.95,180,180.95,524585
DCM,20191015,21.45,21.8,20.25,21.75,198
DCMNVL,20191015,31.3,31.3,28.5,29.3,1344
DCMSHRIRAM,20191015,371.9,377.85,367.45,375.25,67641
DCW,20191015,14.55,14.85,14.2,14.35,139523
DECCANCE,20191015,343.95,343.95,331.5,332.5,1783
DEEPAKFERT,20191015,89.85,90.75,88.5,89.5,139530
DEEPAKNTR,20191015,303.85,306.7,295.65,299.7,100802
DEEPIND,20191015,99.9,99.9,97.25,98.75,10178
DELTACORP,20191015,165,173,164.95,170.85,1160063
DELTAMAGNT,20191015,35.85,35.85,35.85,35.85,580
DEN,20191015,50.25,52.5,49.4,50.55,45765
DENORA,20191015,202.1,205,199.2,200.8,2963
DFMFOODS,20191015,246,246.8,244.7,245,6384
DGCONTENT,20191015,5.25,5.25,5,5.05,103768
DHAMPURSUG,20191015,212.4,216.5,211.8,214.6,284432
DHANBANK,20191015,14.35,14.4,14,14.15,84182
DHANUKA,20191015,304.95,306.95,298.05,300.15,10087
DHARSUGAR,20191015,7,7.25,6.65,7,7471
DHFL,20191015,22.9,23.3,21.1,21.25,8429469
DHUNINV,20191015,192.15,207,192.1,195.35,1775
DIAMONDYD,20191015,875,880,868,875.2,627
DICIND,20191015,323.05,334.5,323.05,326.4,259
DIGISPICE,20191015,4.85,5.05,4.6,4.9,14909
DISHTV,20191015,16.5,17.4,16.15,16.9,27017372
DIVISLAB,20191015,1685,1701.8,1679.05,1693.1,545212
DIXON,20191015,3125,3125,3031.55,3052.85,4079
DLF,20191015,154.5,159.4,152,156.15,8060089
DLINKINDIA,20191015,91,91.2,89.6,90,3344
DMART,20191015,1836,1874.9,1817.55,1838.7,624117
DNAMEDIA,20191015,0.35,0.4,0.35,0.4,26973
DOLAT,20191015,58.95,63,57,61.6,193200
DOLLAR,20191015,180,183.95,178,178.45,2802
DONEAR,20191015,29.15,30,28.6,28.95,5882
DPSCLTD,20191015,9.65,9.95,9.55,9.6,2744
DQE,20191015,2.6,2.6,2.5,2.5,1939
DREDGECORP,20191015,307.75,315.9,307.7,312.85,104232
DRREDDY,20191015,2662,2696.9,2654.55,2684.65,342159
DSSL,20191015,31,31,25.2,25.7,797
DTIL,20191015,159.5,163.95,156.05,161.05,2528
DUCON,20191015,4.85,4.85,4.6,4.7,22109
DVL,20191015,67.15,68.75,66.5,67.45,5651
DWARKESH,20191015,23.9,24.2,23.75,23.85,178475
DYNAMATECH,20191015,1175,1189.9,1150,1151.8,300
DYNPRO,20191015,122.95,123.85,118,121.9,8272
EASTSILK,20191015,0.5,0.5,0.5,0.5,956
ECLERX,20191015,393.1,398,392.1,393.7,7702
EDELWEISS,20191015,73.8,77.75,73.8,75.8,3343086
EICHERMOT,20191015,18310,19300,18285,19199.1,230411
EIDPARRY,20191015,154.15,156.9,152.75,154.55,56725
EIHAHOTELS,20191015,314.9,319,305.6,312.8,3698
EIHOTEL,20191015,175.1,176.25,169.5,170.55,138313
EIMCOELECO,20191015,294.95,297.3,288.55,290.8,523
EKC,20191015,23.85,24.25,23.25,23.5,36815
ELECON,20191015,29.8,32.5,28.15,29.15,13696
ELECTCAST,20191015,13.5,14.2,12.55,13.6,126287
ELECTHERM,20191015,134.3,135.15,128.1,129.95,37635
ELGIEQUIP,20191015,275.8,279.95,272,275.75,33538
ELGIRUBCO,20191015,15.55,16.9,15.55,16.6,26982
EMAMILTD,20191015,305,305,300.05,302.3,445370
EMAMIPAP,20191015,80.7,80.7,74.15,76.75,7567
EMAMIREAL,20191015,38,40.2,37.3,39.6,19627
EMCO,20191015,0.75,0.85,0.75,0.75,9901
EMKAY,20191015,67,71.6,64.2,64.95,27007
EMMBI,20191015,121.95,122.8,117.05,122.1,10004
ENDURANCE,20191015,997.9,1013.85,981.5,1007.5,8575
ENERGYDEV,20191015,5.05,5.15,5,5.1,7850
ENGINERSIN,20191015,106.15,107.65,105.6,107.25,858989
ENIL,20191015,254.85,255,237.25,245.45,204571
EON,20191015,15.3,15.3,14,14.25,6352
EQ30,20191015,316,332.85,312.5,332.85,12
EQUITAS,20191015,100.9,101.75,99,101.4,1567645
ERIS,20191015,435.9,435.9,416.1,424.8,35199
EROSMEDIA,20191015,15.3,15.4,14.8,15.4,333539
ESABINDIA,20191015,1250.15,1280,1221.5,1253.05,4735
ESCORTS,20191015,610.5,634.85,609.1,630.15,4512846
ESSARSHPNG,20191015,7.6,7.75,7.2,7.35,2319
ESSELPACK,20191015,117.6,118,114.5,115.65,32876
ESTER,20191015,29.65,31.4,29.4,30.25,29372
EVEREADY,20191015,40,40,38,38,62042
EVERESTIND,20191015,323.45,324.35,313,317.4,10195
EXCEL,20191015,0.95,0.95,0.95,0.95,857
EXCELINDUS,20191015,881.4,890,866,870.45,4369
EXIDEIND,20191015,184,189.5,183.15,187.45,2598070
EXPLEOSOL,20191015,279.15,284.95,276,277.25,2706
FACT,20191015,38.85,39.3,38.2,38.4,100347
FAIRCHEM,20191015,480.3,485,479.95,483.2,7525
FCL,20191015,24.55,25.4,24.35,24.85,84342
FCONSUMER,20191015,23.5,24.85,23.35,24.65,864153
FCSSOFT,20191015,0.25,0.25,0.2,0.2,376479
FDC,20191015,160.2,162,158.15,159.35,66657
FEDERALBNK,20191015,82.55,85.9,81.7,84.95,9662559
FEL,20191015,23.6,23.6,22.55,23.25,204445
FELDVR,20191015,24,24,22.15,22.45,6292
FIEMIND,20191015,337.5,345.4,336.8,343.6,2808
FILATEX,20191015,36.2,36.3,33,35.3,137304
FINCABLES,20191015,353.8,353.8,347.35,350.5,108707
FINEORG,20191015,1865,1930.05,1852.05,1882.9,42835
FINPIPE,20191015,592.25,598,585.25,591.55,19192
FLEXITUFF,20191015,6.2,6.2,6.1,6.1,5776
FLFL,20191015,403.95,424,400,414.05,200702
FMGOETZE,20191015,539.4,565,533.05,546.9,3912
FMNL,20191015,33.4,35.1,33.35,35.1,18237
FORCEMOT,20191015,1082.6,1100,1077,1090.8,18546
FORTIS,20191015,134.9,136.7,133.25,136.05,2918078
FOSECOIND,20191015,1330.45,1338,1301,1308.8,913
FRETAIL,20191015,380,384,370.4,380.05,256306
FSC,20191015,516,519.5,505,506.4,4027
FSL,20191015,45.7,46.2,45.4,45.7,1223177
GABRIEL,20191015,99.95,100.7,98.35,100.2,86382
GAEL,20191015,131,138.85,128,136,43585
GAIL,20191015,126,129.15,125.55,128.1,10131996
GAL,20191015,2.15,2.3,2,2,13352
GALAXYSURF,20191015,1486,1498.5,1458,1463.7,4636
GALLANTT,20191015,27.15,27.15,26.15,27.1,2308
GALLISPAT,20191015,20,20.4,19.6,20.2,16723
GAMMNINFRA,20191015,0.25,0.3,0.25,0.3,384145
GANDHITUBE,20191015,311,311.95,306.1,310.4,25
GANECOS,20191015,238.75,244.4,238.7,241.1,1894
GANESHHOUC,20191015,39.6,39.6,34,34.3,34784
GANGESSECU,20191015,37.9,37.9,33.55,33.6,227
GARDENSILK,20191015,10.7,10.75,10.15,10.15,3646
GARFIBRES,20191015,1167.8,1167.85,1127,1143.95,1803
GATI,20191015,55.7,57.95,55.15,57.8,912223
GAYAHWS,20191015,0.35,0.35,0.3,0.35,57884
GAYAPROJ,20191015,109.2,111.95,108,110.75,29360
GDL,20191015,96.3,96.3,92.2,92.55,68924
GEECEE,20191015,85.4,85.4,80.8,82.35,2036
GENESYS,20191015,72.3,73.05,71,71.9,19149
GENUSPAPER,20191015,4.85,5.15,4.85,4.95,88213
GENUSPOWER,20191015,21.85,21.85,20.95,21,48709
GEOJITFSL,20191015,27.6,27.6,26.25,26.75,78362
GEPIL,20191015,712.1,718,692.15,698.75,24539
GESHIP,20191015,289.35,294.45,287.5,289.7,198042
GET&D,20191015,172,176,168.05,173.85,19301
GFLLIMITED,20191015,74.55,77.65,74.55,75.45,29901
GFSTEELS,20191015,6.05,6.05,6.05,6.05,1268
GHCL,20191015,207.8,207.8,205,205.2,27983
GICHSGFIN,20191015,133.2,133.85,131.15,132.1,38563
GICRE,20191015,208.1,221.5,206.15,217.2,83131
GILLANDERS,20191015,29,29,28.5,28.95,737
GILLETTE,20191015,7290,7312,7211.4,7283.2,3086
GINNIFILA,20191015,6.55,7.25,6.3,6.4,44288
GIPCL,20191015,67.3,68,67.2,67.8,29565
GKWLIMITED,20191015,770,770,760.5,760.5,14
GLAXO,20191015,1399.8,1445.45,1398.1,1433.15,43272
GLENMARK,20191015,280.5,287.4,277.25,286.45,1248986
GLOBALVECT,20191015,47.05,56.4,47.05,50.35,4744
GLOBOFFS,20191015,5.7,6.05,5.65,5.65,4397
GLOBUSSPR,20191015,115.95,116.9,114.45,115.05,14636
GMBREW,20191015,379,379,371,371.5,33429
GMDCLTD,20191015,57.75,58,56.85,57.75,88929
GMMPFAUDLR,20191015,1503.95,1503.95,1453,1469.7,4060
GMRINFRA,20191015,17.2,17.35,17,17.3,8408087
GNA,20191015,227.95,230.75,225,229.15,17288
GNFC,20191015,204.4,205.7,191.5,197.05,239606
GOACARBON,20191015,215.1,225.4,213.55,213.95,14813
GOCLCORP,20191015,283,291.05,282,283.3,1656
GODFRYPHLP,20191015,1011,1039.8,1008,1015.95,82194
GODREJAGRO,20191015,478.95,486.3,473,482.85,26276
GODREJCP,20191015,690.7,695,684.05,689.75,797085
GODREJIND,20191015,382,384,380.15,382.7,68988
GODREJPROP,20191015,996,1004.4,975.95,987.2,94817
GOKEX,20191015,85.45,86,82.75,84.15,21414
GOKUL,20191015,12.85,12.95,12.35,12.85,1499
GOKULAGRO,20191015,13.5,14.3,13.5,14.1,29860
GOLDBEES,20191015,3389.85,3396.9,3371.1,3392.5,9393
GOLDENTOBC,20191015,29.15,29.15,25.15,27.7,5725
GOLDIAM,20191015,135.95,142,128.8,134.3,138334
GOLDSHARE,20191015,3416,3417,3395.5,3413.35,788
GOLDTECH,20191015,9.5,9.95,9.05,9.25,2113
GOODLUCK,20191015,50.5,50.5,46.8,48.05,21979
GPIL,20191015,139,144.3,138.5,141.85,33772
GPPL,20191015,79.95,80.6,79,79.2,155276
GPTINFRA,20191015,41,41,36.35,39.75,5917
GRANULES,20191015,100.9,100.95,96.15,96.8,317694
GRAPHITE,20191015,270,273.8,265,269.35,815435
GRASIM,20191015,699.55,706.15,691.1,703.7,939647
GRAVITA,20191015,41.5,44.9,41.5,44.05,46863
GREAVESCOT,20191015,132.5,132.85,127.6,128.15,161654
GREENLAM,20191015,917,919.8,865,871.7,1300
GREENPLY,20191015,154.15,156.85,153.2,155.05,21224
GREENPOWER,20191015,1.85,1.9,1.8,1.8,130872
GRINDWELL,20191015,599.95,599.95,583.15,589.7,5874
GROBTEA,20191015,292,292,270.1,271,49
GRSE,20191015,169.45,174.1,168.3,171.45,186172
GRUH,20191015,308,327.7,305,317.7,22855607
GSCLCEMENT,20191015,17,17.05,16.6,16.9,2843
GSFC,20191015,77.45,77.75,75.45,75.85,295047
GSKCONS,20191015,8670,8822.4,8613,8755.8,52373
GSPL,20191015,210.8,210.8,207.25,207.65,145486
GSS,20191015,22.75,23.75,22.75,22.75,6915
GTL,20191015,1.65,1.65,1.65,1.65,21748
GTLINFRA,20191015,0.5,0.55,0.45,0.5,7274945
GTNIND,20191015,6.05,6.6,5.95,6.55,1502
GTNTEX,20191015,7.15,7.8,7.1,7.8,1651
GTPL,20191015,90,91.95,73.4,77.75,982449
GUFICBIO,20191015,74.5,74.5,71.55,72.25,12755
GUJALKALI,20191015,429.95,435.55,417.5,428.6,19440
GUJAPOLLO,20191015,141.65,142.95,137.1,137.9,657
GUJGASLTD,20191015,175,175.45,172.8,175.1,286829
GULFOILLUB,20191015,890,890,875,876.75,3052
GULFPETRO,20191015,40.3,41.7,40,40.6,11435
GULPOLY,20191015,37.7,38.4,36.5,38.25,3568
GVKPIL,20191015,3.9,3.9,3.1,3.15,7382572
HAL,20191015,710,728.55,701.95,723.05,15709
HARITASEAT,20191015,410,419.65,391.55,401.45,33318
HARRMALAYA,20191015,51,51.9,49.3,49.6,78558
HATHWAY,20191015,21.55,21.55,21.2,21.55,110600
HATSUN,20191015,621.35,627.35,620,623.45,3348
HAVELLS,20191015,655.2,675.4,655.2,666.9,1402183
HAVISHA,20191015,0.5,0.5,0.5,0.5,2001
HBLPOWER,20191015,16.15,16.6,16.05,16.2,74739
HBSL,20191015,6.65,7,6.65,7,1004
HCC,20191015,8,8.05,7.2,7.7,861604
HCG,20191015,106,108.95,103.55,106,3870
HCL-INSYS,20191015,6.4,6.5,6.15,6.2,604762
HCLTECH,20191015,1089.1,1099.15,1079.45,1084.5,1501035
HDFC,20191015,2019,2030.4,2009.2,2013.3,2109065
HDFCAMC,20191015,2730,2744,2701.6,2705,234345
HDFCBANK,20191015,1207,1225,1206.85,1223.05,4200187
HDFCLIFE,20191015,581,595.85,580.6,592.75,1429097
HDFCMFGETF,20191015,3469,3483.95,3462.3,3482.2,6242
HDFCNIFETF,20191015,1188.09,1198.4,1187.86,1194.03,639
HDFCSENETF,20191015,4025,4066,4025,4066,340
HDIL,20191015,2.7,2.7,2.7,2.7,62146
HEG,20191015,891,913.7,831.25,879.9,329428
HEIDELBERG,20191015,183.1,184.75,180.3,180.9,130139
HERCULES,20191015,81.95,81.95,79.65,80.2,13482
HERITGFOOD,20191015,319.05,330.25,319.05,325.55,19619
HEROMOTOCO,20191015,2620.15,2699.95,2610,2675.7,1011239
HESTERBIO,20191015,1750,1750,1715.05,1723.45,1027
HEXATRADEX,20191015,7.9,7.9,7.9,7.9,1047
HEXAWARE,20191015,370,373.85,368.8,370.25,543064
HFCL,20191015,17.3,17.75,17.3,17.65,1120779
HGINFRA,20191015,197.9,207.4,197.9,203,29732
HGS,20191015,560,565,552.1,557.15,1882
HIKAL,20191015,141.05,142.9,141,141.6,64761
HIL,20191015,1229,1235.7,1203.25,1209.8,3582
HILTON,20191015,7.9,8.35,7.5,7.65,5997
HIMATSEIDE,20191015,140.35,140.95,137,137.75,38163
HINDALCO,20191015,187.9,195.55,185.9,192.55,6691660
HINDCOMPOS,20191015,172,177,167,167.55,1248
HINDCOPPER,20191015,30.4,32.1,29.65,31.75,1364837
HINDMOTORS,20191015,5.2,5.3,5.05,5.15,60664
HINDNATGLS,20191015,29.5,32.5,29.5,32.25,330
HINDOILEXP,20191015,93.1,96.1,93.1,94.3,201546
HINDPETRO,20191015,312.45,315.15,309.65,311.05,3823070
HINDSYNTEX,20191015,3.1,3.1,3.1,3.1,1
HINDUJAVEN,20191015,325,325,310.2,315.4,898
HINDUNILVR,20191015,2050,2077.3,2025.8,2064.4,5761733
HINDZINC,20191015,209.4,212,207.1,208.75,370311
HIRECT,20191015,173,174.45,162.55,164.25,17031
HISARMETAL,20191015,53.5,53.5,50.5,51,3308
HITECH,20191015,148.2,148.2,143.1,145.65,5076
HITECHCORP,20191015,83.5,83.5,75,80.5,3123
HITECHGEAR,20191015,150.95,154,146.05,146.75,2313
HMVL,20191015,72.5,72.5,70.25,71.7,2188
HNDFDS,20191015,522.05,537.95,520,537.95,1381
HNGSNGBEES,20191015,3287.99,3287.99,3220,3220,5
HONAUT,20191015,28551,29069.95,28551,28793.8,1352
HONDAPOWER,20191015,1185,1199.75,1145,1176.5,6365
HOTELEELA,20191015,6.6,6.7,6.5,6.6,77856
HOVS,20191015,67,69.9,66.15,67.8,1973
HPL,20191015,40.7,40.8,39,39.15,18868
HSCL,20191015,75.2,75.3,67,70.65,551506
HSIL,20191015,40.4,40.4,39.35,39.7,60863
HTMEDIA,20191015,20.3,20.7,19.1,19.55,49805
HUBTOWN,20191015,12.75,13.25,12.05,12.3,22125
HUDCO,20191015,33.25,33.65,32.75,33,517524
IBMFNIFTY,20191015,111.1,111.1,111.1,111.1,42
IBREALEST,20191015,47.4,47.4,43.75,44.45,3170973
IBULHSGFIN,20191015,187,196.4,182.2,189.1,45404398
IBULISL,20191015,81.7,81.7,81.7,81.7,3454
IBVENTURES,20191015,93.05,96.75,90.6,90.6,1193035
ICICI500,20191015,149.33,150,148.85,150,858
ICICIB22,20191015,34.09,34.48,34.01,34.39,26310519
ICICIBANK,20191015,430,435.45,428.2,431.85,14971985
ICICIBANKN,20191015,283.19,287,282.1,286,1345
ICICIBANKP,20191015,159.51,159.62,157.62,159.05,676
ICICIGI,20191015,1245.5,1270,1245.5,1265.9,520386
ICICIGOLD,20191015,34,35.45,34,34.65,21422
ICICILIQ,20191015,1000,1000,999.99,999.99,22528
ICICILOVOL,20191015,91.8,91.8,88,91.12,663
ICICIMCAP,20191015,61,61.2,60.59,61.17,20717
ICICINF100,20191015,123.05,123.88,122.52,123.37,2886
ICICINIFTY,20191015,118.21,120.48,118.21,120.07,106050
ICICINV20,20191015,56.7,56.7,54.1,55.63,6552
ICICINXT50,20191015,27.75,27.75,27.03,27.27,36224
ICICIPRULI,20191015,452.05,460,448.75,455,1700845
ICICISENSX,20191015,405,411,405,409,355
ICIL,20191015,44.6,44.65,42.1,42.55,61735
ICRA,20191015,2605.65,2660.65,2570,2577.55,1401
IDBI,20191015,29.1,29.35,28.9,28.95,1069754
IDBIGOLD,20191015,3577,3598,3559,3559,4
IDEA,20191015,6.4,6.45,6.1,6.15,107234406
IDFC,20191015,31.3,31.5,31,31.25,576812
IDFCFIRSTB,20191015,37.95,38.5,37.7,38.45,11399042
IEX,20191015,122.55,123.15,120.55,121.9,63138
IFBAGRO,20191015,395.7,414,391.05,393.2,8587
IFBIND,20191015,668.6,675,665,668.2,5719
IFCI,20191015,6.45,6.55,6.15,6.2,1420191
IFGLEXPOR,20191015,150.3,156,146.4,148.1,3421
IGARASHI,20191015,208.7,212,197.85,201.1,50878
IGL,20191015,376.9,376.9,367.6,368.55,1643283
IGPL,20191015,152,152,148,150.1,10082
IIFL,20191015,109.75,112.95,101.9,105.15,141892
IIFLSEC,20191015,19.65,20.4,19.05,19.25,502589
IIFLWAM,20191015,1086.6,1287.75,1086.55,1123.55,298320
IITL,20191015,62.55,62.55,62.55,62.55,25
IMFA,20191015,179.7,182.9,175,178.4,9954
IMPAL,20191015,1025,1040,995,1027,6126
IMPEXFERRO,20191015,0.25,0.3,0.25,0.3,1883
INDBANK,20191015,6.95,7,6.8,6.8,7294
INDHOTEL,20191015,152.95,153.5,148,149.05,1028285
INDIACEM,20191015,82,82.4,79.05,79.25,1388659
INDIAGLYCO,20191015,210,213,204.9,205.7,37501
INDIAMART,20191015,2186,2205.05,2025.65,2092.95,71714
INDIANB,20191015,111.45,111.9,108.2,109,670771
INDIANCARD,20191015,103.65,108.5,103.65,108.5,4
INDIANHUME,20191015,259.25,261.05,254.7,256.75,4944
INDIGO,20191015,1769.1,1771.7,1748,1752.05,561407
INDLMETER,20191015,15.1,15.3,14.25,14.25,2837
INDNIPPON,20191015,320.05,322,315.1,316.7,3398
INDOCO,20191015,137.6,144.9,135.6,141.25,17040
INDORAMA,20191015,28,28.3,26,26.1,70985
INDOSTAR,20191015,200.5,203.1,190,191.4,30546
INDOTECH,20191015,80.1,84.4,75.95,77.15,2197
INDOTHAI,20191015,23.95,23.95,21.05,22,26581
INDOWIND,20191015,3.05,3.05,2.9,2.95,30375
INDRAMEDCO,20191015,36.6,36.65,35.75,35.95,21282
INDSWFTLAB,20191015,39.25,39.25,37.05,37.1,43228
INDSWFTLTD,20191015,5,5.3,4.85,4.9,4288
INDTERRAIN,20191015,73.95,75.45,69.55,71.75,6172
INDUSINDBK,20191015,1256.95,1277.55,1236,1272.25,4669980
INEOSSTYRO,20191015,620.05,649.5,620,644,3473
INFIBEAM,20191015,39.6,40,38.9,39.35,1194489
INFOBEAN,20191015,66.7,73,66.6,68.75,6379
INFRABEES,20191015,333,333.98,331.34,333,289
INFRATEL,20191015,258.5,260.4,255.25,256.95,1842773
INFY,20191015,773.1,775.95,765,768.3,13762133
INGERRAND,20191015,611,634,611,629.7,9666
INOXLEISUR,20191015,335.05,339,331.35,333.6,60152
INOXWIND,20191015,31.4,32.6,31.4,31.6,26093
INSECTICID,20191015,570,576,562.55,565.25,8741
INSPIRISYS,20191015,44.9,45.05,43.05,45,430
INTEGRA,20191015,0.3,0.3,0.3,0.3,1000
INTELLECT,20191015,183.95,192.5,182,185.95,299581
INTENTECH,20191015,28.1,29.65,27.4,28.15,5607
INVENTURE,20191015,14,14.2,13.9,13.95,36446
IOB,20191015,9.5,9.55,9.2,9.35,388129
IOC,20191015,145,148.35,145,146.45,9841005
IOLCP,20191015,169,175.8,167.65,174.35,256743
IPAPPM,20191015,324.9,324.9,311.65,314.4,13949
IPCALAB,20191015,886.25,890,861.1,882.5,430945
IRB,20191015,60.45,61.25,59.3,60.8,581403
IRCON,20191015,374,374,364.1,365.45,44963
IRCTC,20191015,736,747.4,696.05,713.15,10530041
ISEC,20191015,265.05,276,265.05,274.75,51108
ISFT,20191015,86,86,82.1,83.55,999
ISMTLTD,20191015,4,4.05,3.8,3.85,10703
ITC,20191015,245.05,249.2,245.05,247.6,9989191
ITDC,20191015,295,304.1,285,296.8,1466847
ITDCEM,20191015,40.85,41,38,38.9,382851
ITI,20191015,81.4,83.3,80.95,81.55,956575
IVC,20191015,4,4.05,3.7,3.7,178213
IVP,20191015,57.9,62.35,55.3,58,808
IVZINGOLD,20191015,3538,3538,3538,3538,2
IZMO,20191015,28.05,29,27.75,28.1,6699
J&KBANK,20191015,31.55,31.8,31.2,31.5,467012
JAGRAN,20191015,57.8,59,57.75,58.35,79533
JAGSNPHARM,20191015,23.5,24.45,23.15,23.7,3734
JAIBALAJI,20191015,18.5,19,18.5,18.75,2503
JAICORPLTD,20191015,75.45,82.3,74.65,81.1,1839519
JAINSTUDIO,20191015,1.95,1.95,1.85,1.85,1807
JAMNAAUTO,20191015,34.25,34.65,32.8,33.25,701509
JAYAGROGN,20191015,135,136.7,131.6,134.65,9392
JAYBARMARU,20191015,192,211.4,188.2,206.65,373010
JAYNECOIND,20191015,3.85,3.85,3.7,3.7,46145
JAYSREETEA,20191015,50.05,52.4,50,50.4,69640
JBCHEPHARM,20191015,359.15,361.15,354.4,356.05,37373
JBFIND,20191015,7.75,7.75,7.2,7.2,24315
JBMA,20191015,224,237.9,221,227.4,174270
JCHAC,20191015,1964.05,1988.7,1901.25,1921,2798
JHS,20191015,15.05,16.7,15,16.1,44349
JIKIND,20191015,0.2,0.2,0.15,0.15,827
JINDALPHOT,20191015,12.35,13,12.35,12.8,1865
JINDALPOLY,20191015,220.25,221.4,217,217.85,12818
JINDALSAW,20191015,82.5,84.2,82.25,83.15,267403
JINDALSTEL,20191015,99.55,104.95,96.25,103.1,33002841
JINDCOT,20191015,1.85,1.85,1.8,1.8,8484
JINDRILL,20191015,78,84.8,75.55,81.6,145457
JINDWORLD,20191015,63.9,63.9,58,58.95,237122
JISLDVREQS,20191015,10.4,10.75,10.3,10.3,67913
JISLJALEQS,20191015,13.5,14.05,13,13.65,2231770
JITFINFRA,20191015,6.4,6.9,6.4,6.9,464
JIYAECO,20191015,40,42.7,39,41.4,410576
JKCEMENT,20191015,1038.55,1064.65,1038.55,1061.05,32648
JKIL,20191015,145,147.7,141.7,147.15,214486
JKLAKSHMI,20191015,288.85,288.85,277.2,278.95,34503
JKPAPER,20191015,115.7,118.65,115.2,117.15,738600
JKTYRE,20191015,66,67.15,65.15,66.1,245124
JMA,20191015,22.6,24,22.6,22.85,1345
JMCPROJECT,20191015,108.35,109.65,107,109.2,210485
JMFINANCIL,20191015,72.1,72.1,70.75,71.5,146401
JMTAUTOLTD,20191015,1.15,1.2,1.1,1.15,51667
JOCIL,20191015,88.2,88.3,85.15,88,149
JPASSOCIAT,20191015,2.2,2.2,2.1,2.15,1793001
JPINFRATEC,20191015,1.15,1.15,1.15,1.15,602946
JPOLYINVST,20191015,14.7,14.7,13.2,13.2,40
JPPOWER,20191015,1.15,1.15,1,1.05,3637592
JSL,20191015,33.55,34.9,33.4,34.3,276553
JSLHISAR,20191015,66,68.4,64.3,66.4,119424
JSWENERGY,20191015,60.05,64,59.7,63.05,1249666
JSWHL,20191015,2760.1,2830,2750,2799.2,911
JSWSTEEL,20191015,221,226.9,214.25,219.65,14900735
JTEKTINDIA,20191015,77,79.7,76,77.6,31207
JUBILANT,20191015,483,485.35,476.45,481.15,199530
JUBLFOOD,20191015,1326,1338,1303.7,1317.6,633567
JUBLINDS,20191015,99.95,100.8,95.8,96.85,8512
JUMPNET,20191015,56.35,56.5,55,55.65,1022916
JUNIORBEES,20191015,280,280.4,277.79,279.45,28376
JUSTDIAL,20191015,614.25,614.25,572.1,578.7,5125765
JYOTHYLAB,20191015,161,161.95,158,159.05,284461
KABRAEXTRU,20191015,67.55,68.9,67.1,67.2,9035
KAJARIACER,20191015,559,562.1,551,560.25,224545
KAKATCEM,20191015,154,154,148,150.9,4628
KALPATPOWR,20191015,442.6,449.9,440,440.85,85321
KAMATHOTEL,20191015,36.6,36.9,35.55,36,130668
KAMDHENU,20191015,102.3,105,100.05,100.9,2112
KANANIIND,20191015,2.75,3.1,2.75,2.9,760
KANORICHEM,20191015,41.15,41.15,39,40.1,45914
KANSAINER,20191015,507.3,521.9,507.3,518.55,98007
KARDA,20191015,179.9,179.9,172,173,32613
KARMAENG,20191015,8.85,10.35,8.7,9.75,955
KARURVYSYA,20191015,59.25,59.65,57.4,58.95,553551
KAUSHALYA,20191015,0.3,0.4,0.3,0.4,4598
KAVVERITEL,20191015,2.55,2.55,2.5,2.5,11
KAYA,20191015,395.15,397,376,378.55,8622
KCP,20191015,63.15,64.45,62.2,63.5,64950
KCPSUGIND,20191015,12.1,12.15,11.6,11.75,98450
KDDL,20191015,373.4,373.4,372.1,372.1,4
KEC,20191015,284.75,285.8,275.05,276.4,141510
KECL,20191015,7.1,8,7.1,7.6,49139
KEI,20191015,539.9,545,533,543.05,135188
KELLTONTEC,20191015,16.8,16.8,15.5,15.75,135248
KENNAMET,20191015,1069.55,1073.7,1052,1060.15,436
KERNEX,20191015,26.55,28.25,26.55,27.1,12414
KESARENT,20191015,33.45,33.55,31.55,31.9,2659
KESORAMIND,20191015,48.2,48.9,46.6,47.4,146034
KGL,20191015,0.2,0.2,0.15,0.15,1507129
KHADIM,20191015,223,229.5,221,228.9,8352
KHAITANLTD,20191015,21.55,21.55,21.55,21.55,105
KICL,20191015,1625,1668,1561.3,1651.15,995
KILITCH,20191015,115,117.9,112.05,114.4,19274
KINGFA,20191015,664,697.4,621,626.8,5420
KIOCL,20191015,122.75,122.8,116.25,117.75,2910
KIRIINDUS,20191015,454.9,456.3,438.3,441.05,103810
KIRLOSBROS,20191015,141.1,143.05,140,140.3,10592
KIRLOSENG,20191015,171,172.65,168.4,172.05,7984
KIRLOSIND,20191015,690,690,665,673.6,208
KITEX,20191015,88.55,89.35,87,88.45,33374
KKCL,20191015,955.55,970,955,969.95,500
KMSUGAR,20191015,6.1,6.15,6,6.05,60218
KNRCON,20191015,225.5,236.5,225.5,234.5,71419
KOHINOOR,20191015,10.8,10.95,10.4,10.4,19944
KOKUYOCMLN,20191015,63.9,63.9,61.05,61.65,9766
KOLTEPATIL,20191015,241.3,246,236.35,240,53213
KOPRAN,20191015,25.05,26.4,24.65,24.8,19281
KOTAKBANK,20191015,1595.4,1629.5,1577.5,1615.6,2706471
KOTAKBKETF,20191015,290.49,293.8,289.65,291.89,28638
KOTAKGOLD,20191015,341.75,344.8,340.25,342.8,20162
KOTAKNIFTY,20191015,117.6,118.4,117.3,118,65235
KOTAKNV20,20191015,55.75,56.78,55.45,56.2,4270
KOTAKPSUBK,20191015,216,216.95,213,214.45,5371
KOTARISUG,20191015,10,10,9.8,9.85,18538
KOTHARIPET,20191015,15.6,16,15.4,15.55,3529
KOTHARIPRO,20191015,61,61,56,56.5,3256
KPITTECH,20191015,98.8,99.6,97,97.85,113848
KPRMILL,20191015,555.1,560,555,559.35,3869
KRBL,20191015,214,216.75,187.6,197.3,305200
KREBSBIO,20191015,85,85,85,85,103
KRIDHANINF,20191015,5.85,6,5.85,5.85,70128
KRISHANA,20191015,53,55,53,54.55,2830
KSB,20191015,653,660.15,643.55,650.4,3020
KSCL,20191015,468,473.55,463.85,466,70396
KSERASERA,20191015,0.1,0.1,0.05,0.1,2656641
KSK,20191015,0.45,0.5,0.4,0.45,337011
KSL,20191015,184.2,194,184.2,189,33331
KTIL,20191015,33.45,33.45,29.1,31.45,3551
KTKBANK,20191015,71,71.75,69.1,70.65,1548026
KWALITY,20191015,1.7,1.7,1.7,1.7,257767
L&TFH,20191015,81.7,83.1,81.05,82.8,5682617
LAKSHVILAS,20191015,22.05,22.05,22.05,22.05,35370
LALPATHLAB,20191015,1395.05,1395.05,1361.3,1373.8,25868
LAMBODHARA,20191015,29.65,30.5,29.35,29.5,1517
LAOPALA,20191015,172.35,179,169.65,175.5,25180
LASA,20191015,17.45,17.75,17.45,17.45,14293
LAURUSLABS,20191015,323.95,325,303.3,319.55,169623
LAXMIMACH,20191015,3259,3430.05,3254.4,3360.15,5779
LEMONTREE,20191015,56.55,57.5,55.6,56.05,263633
LFIC,20191015,52.8,52.8,48.1,50.05,356
LGBBROSLTD,20191015,278.95,278.95,272,275.25,2479
LGBFORGE,20191015,2.8,2.8,2.55,2.65,13675
LIBERTSHOE,20191015,104.6,106.35,103,104,51932
LICHSGFIN,20191015,361.7,367.6,353.85,363.8,3431562
LICNETFGSC,20191015,20.45,20.64,20.01,20.31,2011
LICNETFN50,20191015,119.14,119.14,119,119,43
LICNETFSEN,20191015,480,480,477,480,9
LICNFNHGP,20191015,120,121.5,120,120.1,5027
LINCOLN,20191015,145.5,147.3,143.25,144.25,7010
LINCPEN,20191015,178.75,182,174,177,562
LINDEINDIA,20191015,521.9,521.9,510,515.4,13585
LIQUIDBEES,20191015,1000,1000.01,999.6,999.99,758225
LIQUIDETF,20191015,1000,1000.01,999.99,1000,7738
LOKESHMACH,20191015,35.75,36.3,35.05,35.55,5165
LOTUSEYE,20191015,22.35,22.35,20.1,20.75,5227
LOVABLE,20191015,56.5,58.3,56.1,56.4,5867
LPDC,20191015,1.4,1.6,1.4,1.5,1554
LSIL,20191015,0.45,0.5,0.4,0.45,790050
LT,20191015,1429.1,1444.8,1420.65,1432.25,1797471
LTI,20191015,1485.1,1499,1475,1491.65,46091
LTTS,20191015,1550,1563.55,1532.85,1548.45,33878
LUMAXIND,20191015,1236.05,1299,1229.35,1293.85,5658
LUMAXTECH,20191015,89.5,90.65,87.25,89.7,12421
LUPIN,20191015,718,726.9,711.5,721.15,1438966
LUXIND,20191015,1174,1184,1136.55,1148.45,42890
LYKALABS,20191015,15.85,16.3,15.4,15.6,3538
LYPSAGEMS,20191015,3.9,4.55,3.9,4.3,18152
M&M,20191015,568,586.55,565.2,583.4,4967499
M&MFIN,20191015,321.2,321.2,312,316.6,1877025
M100,20191015,16.5,16.6,16.35,16.52,66114
M50,20191015,111.36,112.22,111,112.22,717
MAANALU,20191015,63,63.9,61.1,62.15,2204
MADHAV,20191015,23.55,25,22.5,23.5,800
MADHUCON,20191015,3.75,3.75,3.6,3.65,25999
MADRASFERT,20191015,19.75,20.45,19.55,19.9,142409
MAGADSUGAR,20191015,105,110.5,104.6,107.1,11390
MAGMA,20191015,47.15,48.15,47.05,47.5,19336
MAGNUM,20191015,3.3,3.3,3,3.15,22889
MAHABANK,20191015,10.1,10.2,8.65,9.35,1546915
MAHASTEEL,20191015,144.95,145.2,140.95,142.2,8415
MAHESHWARI,20191015,213.25,214.7,211.75,212.6,10835
MAHINDCIE,20191015,144.6,146.15,143.35,143.85,52954
MAHLIFE,20191015,449.7,453.85,429.6,437.25,33847
MAHLOG,20191015,368,368,360,364.55,17103
MAHSCOOTER,20191015,4475.8,4520,4470.3,4505.2,6476
MAHSEAMLES,20191015,355.9,358.15,352.1,354.8,10169
MAITHANALL,20191015,425,441.05,396,423.55,84564
MAJESCO,20191015,407.15,413.85,405,407.9,15161
MALUPAPER,20191015,25.7,26.7,25.7,25.7,133264
MAN50ETF,20191015,115.2,115.75,115,115.75,86
MANAKALUCO,20191015,4.3,4.6,4.2,4.45,14759
MANAKCOAT,20191015,4.65,4.65,4.4,4.45,3430
MANAKSIA,20191015,32.7,32.7,30.55,31.65,10653
MANAKSTEEL,20191015,10.75,11.05,9.55,9.85,10988
MANALIPETC,20191015,17.55,18,17.55,17.8,84901
MANAPPURAM,20191015,138.5,140,135.45,137.65,4315701
MANGALAM,20191015,27.5,27.5,25.5,25.7,11994
MANGCHEFER,20191015,31.65,32.5,30.25,30.75,28987
MANGLMCEM,20191015,286,306,282.05,294.3,181405
MANGTIMBER,20191015,5.7,5.7,5.5,5.5,1959
MANINDS,20191015,40,42,40,40.25,22166
MANINFRA,20191015,20.15,20.6,20,20.1,58265
MANUGRAPH,20191015,13.45,13.5,12.6,13.05,4575
MARALOVER,20191015,17.95,18.85,16,17.1,14575
MARATHON,20191015,69.05,70,66,68.95,1146
MARICO,20191015,385.5,385.55,379,382.95,1562818
MARKSANS,20191015,12.7,12.9,12.45,12.75,424012
MARUTI,20191015,6811,7019,6809,6985.75,1276061
MASFIN,20191015,692.95,700,686.95,696.55,21372
MASTEK,20191015,318,324.1,317.1,318.55,17361
MATRIMONY,20191015,553,553,529.9,535.05,5142
MAWANASUG,20191015,34.15,34.85,33.95,34.25,33186
MAXINDIA,20191015,64.75,65.9,63,64.2,49485
MAXVIL,20191015,39.25,40.1,38.7,38.85,20112
MAYURUNIQ,20191015,207.65,213.25,207.65,212.65,11850
MAZDA,20191015,365,366,356.55,360.55,1753
MBAPL,20191015,77,82.5,77,77,108
MBECL,20191015,3.65,3.8,3.65,3.7,4255
MBLINFRA,20191015,4.85,5.1,4.8,4.85,17222
MCDHOLDING,20191015,17.15,17.6,16.9,17.1,12532
MCDOWELL-N,20191015,617,625,616.95,618.4,1412617
MCLEODRUSS,20191015,7,7.1,6.7,6.75,101085
MCX,20191015,997.9,1022.8,992,1015.65,1261305
MEGASOFT,20191015,7,7,6.15,6.75,8478
MEGH,20191015,50.3,50.75,49.1,49.35,270716
MELSTAR,20191015,1,1,1,1,450
MENONBE,20191015,59.85,61.1,58.05,58.35,12254
MEP,20191015,28,28.3,27.05,27.65,47644
MERCATOR,20191015,0.8,0.8,0.8,0.8,147308
METALFORGE,20191015,4.8,4.85,4.7,4.8,2334
METROPOLIS,20191015,1285.05,1292.7,1275,1279.75,7265
MFSL,20191015,409.05,422,406.3,408.85,524099
MGL,20191015,948,964.8,941.3,949.1,844828
MHRIL,20191015,209.9,211.5,207.9,208.1,128607
MIC,20191015,0.45,0.5,0.4,0.45,11865
MIDHANI,20191015,126.25,130.7,125.65,126.45,61769
MINDACORP,20191015,83.9,83.9,80.2,80.7,42199
MINDAIND,20191015,355.5,362,352.95,360.25,166443
MINDTECK,20191015,32.5,33.7,31.8,32,3453
MINDTREE,20191015,732,733.75,721.55,725.35,513453
MIRCELECTR,20191015,8.3,8.3,6.85,8.15,1320448
MIRZAINT,20191015,53.7,54.8,53.05,53.5,114085
MMFL,20191015,375.05,378.95,375,375.2,2403
MMTC,20191015,14.25,14.5,14.15,14.3,566006
MOHITIND,20191015,4.6,4.6,4.6,4.6,10
MOHOTAIND,20191015,13.25,13.5,13.2,13.2,2526
MOIL,20191015,134,134.45,130.15,132,99317
MOLDTECH,20191015,54.25,54.25,51.45,51.55,3999
MOLDTKPAC,20191015,303.95,304.2,298,300.45,10508
MONTECARLO,20191015,243.7,243.7,232.45,235.4,33627
MORARJEE,20191015,12.75,13.6,12.75,13,207
MOREPENLAB,20191015,15.9,16.1,15.65,15.85,309067
MOTHERSUMI,20191015,99.5,102.75,97.9,101.85,10465141
MOTILALOFS,20191015,636,640.7,625.65,627.5,19948
MOTOGENFIN,20191015,36.8,36.8,33.65,33.65,666
MPHASIS,20191015,901,922.95,901,921.5,114430
MPSLTD,20191015,485.05,488.6,480.55,486.15,1208
MRF,20191015,62150,63297.9,61772,63027.5,4999
MRO-TEK,20191015,17.55,18.1,17.55,18.1,457
MRPL,20191015,51,51.9,50.75,51.55,214740
MSPL,20191015,4.75,4.95,4.75,4.85,2148
MSTCLTD,20191015,96,96.4,92.6,95,25340
MTEDUCARE,20191015,14.9,14.9,13.9,14,39850
MTNL,20191015,5.05,5.45,5,5.35,925021
MUKANDENGG,20191015,11.9,11.95,11.4,11.45,2983
MUKANDLTD,20191015,29.95,29.95,28.4,29.4,11009
MUKTAARTS,20191015,35.15,36.4,34.3,36.05,11435
MUNJALAU,20191015,37.65,39.45,37.65,38.65,118328
MUNJALSHOW,20191015,129,129,124.1,127.5,14331
MURUDCERA,20191015,15.25,15.6,14.65,14.85,20674
MUTHOOTCAP,20191015,451.55,465,445.6,453.3,86046
MUTHOOTFIN,20191015,650.25,658,631.55,652.85,1770080
MVL,20191015,0.1,0.1,0.05,0.1,93679
N100,20191015,550,555,546,552.64,3871
NACLIND,20191015,27.65,28.2,25.8,26.7,30804
NAGAFERT,20191015,3,3.05,2.85,2.85,118909
NAGAROIL,20191015,0.25,0.25,0.2,0.2,124680
NAGREEKCAP,20191015,7,7,7,7,1354
NAGREEKEXP,20191015,18,18,15.95,16.8,18381
NAHARCAP,20191015,70,70.5,69.1,70.4,1176
NAHARINDUS,20191015,22.4,23.05,20.35,22.85,6583
NAHARPOLY,20191015,32.85,34,32.8,33.5,439
NAHARSPING,20191015,49.1,49.1,48.15,48.35,4663
NATCOPHARM,20191015,564,567.05,557.75,565.55,39612
NATHBIOGEN,20191015,320.1,333,317.05,321.4,32028
NATIONALUM,20191015,40.65,41.7,40.45,41.45,7066422
NATNLSTEEL,20191015,1.85,1.9,1.8,1.8,3379
NAUKRI,20191015,2273,2369,2253.05,2314.25,287728
NAVINFLUOR,20191015,716,738,700,730,35506
NAVKARCORP,20191015,34,35.75,33.6,34,122141
NAVNETEDUL,20191015,100,101.55,98.05,98.55,22747
NBCC,20191015,32.75,33,32,32.7,12559199
NBIFIN,20191015,1450,1450,1338,1375.35,249
NBVENTURES,20191015,73.1,73.8,72.25,73.35,22521
NCC,20191015,48.1,50.25,47.35,49.3,21608504
NCLIND,20191015,94.9,95.9,94.05,94.3,20007
NDGL,20191015,546.3,546.3,508,523,208
NDL,20191015,31,31.9,30,31.05,8211
NDTV,20191015,30.25,31,29.25,29.6,32745
NECCLTD,20191015,5.05,5.3,4.75,4.85,28514
NECLIFE,20191015,11.55,11.95,11,11.2,159386
NELCAST,20191015,36.75,38.95,35.75,38.3,70134
NELCO,20191015,234.95,238,233.5,234.85,19979
NEOGEN,20191015,359,389.2,355,382.1,50549
NESCO,20191015,571.85,595,563.25,589.9,32164
NESTLEIND,20191015,14152.1,14205,14035.95,14086.8,97808
NETF,20191015,115.12,115.12,115.12,115.12,3
NETWORK18,20191015,20.45,20.85,19.7,20,346995
NEULANDLAB,20191015,476.5,490.9,468.2,487.6,5263
NEWGEN,20191015,269.45,269.65,265,265.35,7177
NEXTMEDIA,20191015,9.35,9.5,9.05,9.15,4076
NFL,20191015,25.2,25.6,24.7,25,258346
NH,20191015,236.35,237.55,232.35,235.15,8757
NHPC,20191015,23.7,23.9,23.25,23.85,3720266
NIACL,20191015,96,96.25,94.4,94.9,97041
NIBL,20191015,7.4,7.4,7.4,7.4,8009
NIFTYBEES,20191015,1208,1211.9,1195.1,1208.73,39619
NIITLTD,20191015,87.8,88.7,83.2,85,2921454
NIITTECH,20191015,1394,1438.75,1392,1424.7,403985
NILAINFRA,20191015,3.9,3.95,3.85,3.85,69138
NILASPACES,20191015,1.05,1.05,1,1,69688
NILKAMAL,20191015,1186.4,1186.4,1164.85,1173.45,6635
NIPPOBATRY,20191015,469.4,470.05,460,464.95,1043
NITCO,20191015,24.5,24.85,23.75,23.95,31739
NITESHEST,20191015,1.6,1.6,1.55,1.6,7867
NITINSPIN,20191015,50.2,50.2,48,48.6,17542
NKIND,20191015,30.1,30.1,30.1,30.1,50
NLCINDIA,20191015,53.6,53.7,53.05,53.35,284396
NMDC,20191015,97.9,102,96.65,101.4,7725725
NOCIL,20191015,102.5,103.05,101.15,102.3,251209
NOIDATOLL,20191015,3.8,3.95,3.65,3.7,22819
NPBET,20191015,162.74,162.74,161.15,161.15,37
NRAIL,20191015,230.95,230.95,221.1,225.25,7522
NRBBEARING,20191015,100.9,109.5,100.75,105.2,944321
NSIL,20191015,784,784,733.25,763.25,2032
NTL,20191015,0.35,0.35,0.3,0.35,257
NTPC,20191015,117,119.8,117,119.4,7630007
NUCLEUS,20191015,312.05,313.95,310.5,311.4,5364
OAL,20191015,196,200,190.15,195.65,1042
OBEROIRLTY,20191015,496,507.5,495.35,504.95,105766
OCCL,20191015,1001.1,1009.8,998.2,1003.7,942
OFSS,20191015,3095,3150,3087.65,3143.35,10403
OIL,20191015,153.5,159.25,152.2,158.4,2137984
OILCOUNTUB,20191015,6.65,6.9,6.45,6.6,11446
OISL,20191015,4.8,4.8,4.5,4.8,35788
OLECTRA,20191015,186.6,189.15,182,183.55,47148
OMAXAUTO,20191015,38.55,41.3,38.1,40.25,7224
OMAXE,20191015,189.6,191.6,187.25,187.5,281923
OMKARCHEM,20191015,5,5.4,4.95,4.95,45369
OMMETALS,20191015,21.45,21.65,19.55,19.95,18906
ONELIFECAP,20191015,4.95,5.45,4.95,5.3,1234
ONEPOINT,20191015,17.75,17.75,13.15,14.85,1333
ONGC,20191015,137,139.15,135.35,138.65,17145941
ONMOBILE,20191015,32.25,32.9,31.8,32.15,61819
ONWARDTEC,20191015,61.05,62.4,60.5,62,7056
OPTIEMUS,20191015,30.5,30.5,28.5,29.75,40214
OPTOCIRCUI,20191015,3.8,3.9,3.8,3.9,118945
ORBTEXP,20191015,87,93,87,90,16496
ORICONENT,20191015,19.1,19.4,18.7,18.85,24340
ORIENTABRA,20191015,16.9,17,16.25,16.4,18358
ORIENTALTL,20191015,14,14.2,13.25,13.45,14885
ORIENTBANK,20191015,52.1,52.3,50.8,51.1,395070
ORIENTBELL,20191015,115.8,120.05,113.3,117.45,15364
ORIENTCEM,20191015,84.55,84.7,81.1,82.3,97559
ORIENTELEC,20191015,161.5,161.85,156.2,158.3,45534
ORIENTHOT,20191015,36.9,36.9,35.3,35.35,18619
ORIENTLTD,20191015,100,108.5,96.2,105.1,623
ORIENTPPR,20191015,24.75,25.6,24.6,24.9,174324
ORIENTREF,20191015,208.55,210.2,208.3,209.9,9172
ORISSAMINE,20191015,847,874.7,840,846.2,11440
ORTINLABSS,20191015,9.75,9.75,9.35,9.4,6848
OSWALAGRO,20191015,5.3,5.75,4.65,5.2,118278
PAEL,20191015,2.6,2.7,2.6,2.7,810
PAGEIND,20191015,21000,21777,20800,21093.5,41757
PAISALO,20191015,424,431.55,415.25,424.6,43220
PALASHSECU,20191015,38.45,38.45,33.1,36.85,341
PALREDTEC,20191015,17.9,17.9,14.9,15.7,8090
PANACEABIO,20191015,137,140,136.3,138.4,19947
PANAMAPET,20191015,72.25,72.55,68.2,70.8,12907
PAPERPROD,20191015,230.95,237.7,230.95,236.45,10732
PARABDRUGS,20191015,1.05,1.1,1.05,1.05,54570
PARACABLES,20191015,8.05,8.2,7.9,7.95,43400
PARAGMILK,20191015,154.4,155.65,152.05,153.6,75865
PARSVNATH,20191015,2.5,2.6,2.45,2.6,108459
PATELENG,20191015,10.2,10.2,9.5,9.65,46676
PATINTLOG,20191015,20.25,22.2,20.1,20.8,15911
PATSPINLTD,20191015,5.3,5.9,5.2,5.55,5044
PCJEWELLER,20191015,32.5,34.35,32.5,33.4,12779935
PDMJEPAPER,20191015,13.1,13.85,13.1,13.1,180867
PDPL,20191015,2.35,2.4,2.35,2.35,386
PDSMFL,20191015,322,324.95,315,316.3,3362
PEARLPOLY,20191015,7.4,7.4,7.4,7.4,100
PEL,20191015,1365,1396.4,1356.55,1375.85,1215115
PENIND,20191015,25.3,25.6,24.85,25.25,53738
PENINLAND,20191015,3.4,3.9,3.2,3.6,286355
PERSISTENT,20191015,592.8,593.65,577.25,588.3,41612
PETRONENGG,20191015,8.1,8.1,7.4,7.75,640
PETRONET,20191015,258.9,260.5,257.6,259.25,1809678
PFC,20191015,93.9,94.85,92.1,94.25,5275305
PFIZER,20191015,3169,3211.75,3153.1,3193.15,8041
PFOCUS,20191015,43.25,51.05,42.55,51.05,507419
PFS,20191015,11.85,12.05,11.85,11.9,217518
PGEL,20191015,44.15,47.5,39,39.75,560322
PGHH,20191015,11668,11729.05,10830,11329.4,10846
PGHL,20191015,4469,4475,4366,4383.8,6770
PGIL,20191015,157.05,163.8,157,161.25,2418
PHILIPCARB,20191015,112.6,114.75,112.6,113.85,280494
PHOENIXLTD,20191015,696.7,696.7,683.3,694.6,39136
PIDILITIND,20191015,1369,1389.55,1351.55,1379.25,399563
PIIND,20191015,1340,1340,1305,1316.95,236691
PILANIINVS,20191015,1949,1949,1880,1897,2600
PILITA,20191015,4.95,4.95,4.2,4.2,164978
PIONDIST,20191015,127.95,129.9,124.25,127.2,2566
PIONEEREMB,20191015,23,23,22.3,22.65,4217
PIRPHYTO,20191015,17.2,17.9,17,17.1,1119
PITTIENG,20191015,40.45,41.45,38.25,38.8,14871
PKTEA,20191015,118,118,115.25,115.25,157
PLASTIBLEN,20191015,178,181.45,177.15,179.5,692
PNB,20191015,57.3,58.15,56.7,57.9,14261673
PNBGILTS,20191015,28.4,28.4,26.9,27,224871
PNBHOUSING,20191015,463,469,434.35,436.7,976474
PNC,20191015,14.75,14.75,12.5,12.8,3824
PNCINFRA,20191015,165,165,158.45,162.45,664178
PODDARHOUS,20191015,352.8,370,352.8,370,720
PODDARMENT,20191015,161.95,163.05,159.1,162,265
POKARNA,20191015,155.3,156.7,153,153.4,13643
POLYCAB,20191015,674.85,708.25,672,704.8,401294
POLYMED,20191015,210,214,205.1,210.05,4901
POLYPLEX,20191015,445.45,454.7,439.8,449.35,70964
PONNIERODE,20191015,104.35,107,104,106.85,746
POWERGRID,20191015,198.4,202,198.3,201.25,2819926
POWERMECH,20191015,686.7,686.7,662.2,669.9,14212
PPAP,20191015,205,214,197,200.65,32079
PPL,20191015,66,67.5,62.9,65.8,56182
PRABHAT,20191015,79.5,80,78.1,79.9,49036
PRADIP,20191015,0.5,0.5,0.5,0.5,6212
PRAENG,20191015,6.05,6.25,5.85,5.9,14365
PRAJIND,20191015,106.35,107.7,104.5,105.3,526206
PRAKASH,20191015,42.15,43.2,41.8,42.6,159651
PRAKASHSTL,20191015,0.2,0.2,0.2,0.2,57610
PRAXIS,20191015,59.05,63,59,62.4,3843
PRECAM,20191015,28.95,31,28.1,30.1,33763
PRECOT,20191015,25,26.7,23.7,24,1466
PRECWIRE,20191015,148.45,150,145,145.75,4778
PREMEXPLN,20191015,170.65,173.45,170.2,171.85,3968
PREMIER,20191015,2.45,2.45,2.45,2.45,300
PREMIERPOL,20191015,21.8,21.8,16.35,17.8,1090
PRESSMN,20191015,20.3,20.55,20.05,20.1,4509
PRESTIGE,20191015,283.6,292.75,281.8,291.25,397179
PRICOLLTD,20191015,32.35,32.7,31.8,32.45,158043
PRIMESECU,20191015,38.9,40.95,37.5,40.15,154231
PROSEED,20191015,0.3,0.3,0.25,0.3,105466
PROVOGE,20191015,0.75,0.75,0.7,0.75,88184
PROZONINTU,20191015,14.3,15.25,14.1,14.5,53626
PRSMJOHNSN,20191015,77,77.2,75.5,76.5,77676
PSB,20191015,17.2,17.35,16.7,16.85,62500
PSL,20191015,0.65,0.65,0.55,0.55,35655
PSPPROJECT,20191015,535,550.5,535,543.65,5201
PSUBNKBEES,20191015,241,241,235.49,237.97,1850
PTC,20191015,54.9,55,54.4,54.7,402509
PTL,20191015,35.5,36,35.05,35.7,5200
PUNJABCHEM,20191015,524.9,526,516.3,524.9,290
PURVA,20191015,60.3,63.9,59.25,62.5,120725
PVR,20191015,1799.7,1835.85,1790.05,1818.75,331901
QGOLDHALF,20191015,1680.35,1691,1680.35,1690.5,711
QNIFTY,20191015,1165,1170,1165,1168.5,95
QUESS,20191015,467.3,472.65,465.4,470.05,134049
QUICKHEAL,20191015,115.3,118,114.5,115.35,82256
QUINTEGRA,20191015,0.75,0.75,0.75,0.75,2649
RADAAN,20191015,1.2,1.2,1,1,4350
RADICO,20191015,298.2,298.2,290.05,293.2,111274
RADIOCITY,20191015,35.5,35.5,31.65,32,255765
RAIN,20191015,85.7,86.3,84.2,84.65,377707
RAJESHEXPO,20191015,675.8,689,672.5,674.4,383214
RAJSREESUG,20191015,15.5,16.65,15.2,16,5800
RAJTV,20191015,47,48,41.65,46.35,3107
RALLIS,20191015,174.55,175.5,168.3,170,58815
RAMANEWS,20191015,14.85,16.8,14.5,15.8,24916
RAMASTEEL,20191015,55.55,55.55,52.5,53.55,7325
RAMCOCEM,20191015,722,726,716.05,724.6,166269
RAMCOIND,20191015,166.1,171,166.1,170,44635
RAMCOSYS,20191015,152.6,155,151.3,152.45,4470
RAMKY,20191015,40,41.25,37.75,39.2,59121
RANASUG,20191015,2.25,2.25,2.05,2.1,164808
RANEENGINE,20191015,218.75,218.75,201.95,204.7,2619
RANEHOLDIN,20191015,861.2,890,861.2,882.6,392
RATNAMANI,20191015,928,939.75,919.6,925.55,12579
RAYMOND,20191015,582,594,572,577.85,427355
RBL,20191015,500,509,494,497.05,10816
RBLBANK,20191015,259.1,275,241.45,264.05,37422869
RCF,20191015,47.2,49.25,46.65,48.85,1424685
RCOM,20191015,0.75,0.75,0.7,0.75,7185108
RECLTD,20191015,125.6,125.6,122.7,123.25,3752106
REDINGTON,20191015,107.95,109.75,106.55,108.95,76531
REFEX,20191015,54.35,54.35,51.65,51.65,55208
REGENCERAM,20191015,1.6,1.6,1.6,1.6,300
RELAXO,20191015,502.25,504.45,492,496.65,39868
RELCAPITAL,20191015,15.1,17.2,14.2,14.3,17670109
RELCNX100,20191015,118.81,119.22,118.81,119.22,85
RELCONS,20191015,52.95,53.4,52.95,53.06,1246
RELDIVOPP,20191015,29.28,29.46,29.06,29.16,733
RELIANCE,20191015,1362.5,1370,1354.3,1364.15,4422075
RELIGARE,20191015,42.5,46.05,42,44.2,1490484
RELINFRA,20191015,19.75,21.85,18.05,18.8,12931100
RELNV20,20191015,564.05,568.12,564.05,566.57,636
REMSONSIND,20191015,85.3,86.15,85.25,85.25,6316
RENUKA,20191015,6.85,6.85,6.65,6.7,217463
REPCOHOME,20191015,283,296.45,276,291.3,158383
REPRO,20191015,557,562,550.95,559.9,2298
RESPONIND,20191015,90,91.4,88,89.45,187981
RETFMID150,20191015,58,58.44,57.7,58.08,239599
REVATHI,20191015,345.2,350,332.4,340,631
RGL,20191015,240,240,231.65,237.35,1103
RHFL,20191015,3.45,3.55,3.25,3.25,996640
RICOAUTO,20191015,38.6,42.05,38.6,41.4,330257
RIIL,20191015,240.2,259.9,240.2,255.2,478533
RITES,20191015,269.7,269.7,261.1,263.25,472993
RKDL,20191015,6.65,6.65,6.35,6.35,477
RKFORGE,20191015,267.1,283.9,254.85,275.5,19489
RMCL,20191015,4.65,4.85,4.45,4.65,319259
RML,20191015,251.75,256,250,252.2,2059
RNAM,20191015,267.75,269.75,259.55,261.65,918117
RNAVAL,20191015,2.2,2.2,2.2,2.2,242569
ROHITFERRO,20191015,0.75,0.75,0.7,0.7,6230
ROHLTD,20191015,78.8,79.8,74.8,76.85,40072
ROLLT,20191015,2.1,2.3,2.1,2.2,14207
ROLTA,20191015,4.65,4.65,4.4,4.45,163914
ROSSELLIND,20191015,57.5,61.5,54.05,60.35,5834
RPGLIFE,20191015,183.45,187,182,186.6,7602
RPOWER,20191015,2.1,2.15,1.8,2,41785178
RPPINFRA,20191015,86.7,89.05,85.3,86.1,89019
RRSLGETF,20191015,20,20.06,20,20.06,1475
RSSOFTWARE,20191015,17.5,17.85,16.75,16.95,13171
RSWM,20191015,103.7,105,101.7,103.5,103420
RSYSTEMS,20191015,38.15,40.5,38.15,38.95,4021
RTNINFRA,20191015,1.6,1.6,1.6,1.6,57283
RTNPOWER,20191015,1.3,1.35,1.25,1.3,885319
RUBYMILLS,20191015,165,172,163,170.15,2259
RUCHINFRA,20191015,1.9,1.95,1.9,1.9,4621
RUCHIRA,20191015,80.7,83.85,80.05,82.15,38395
RUCHISOYA,20191015,3.65,3.7,3.6,3.6,1344774
RUPA,20191015,165.05,166,160,161.05,18373
RUSHIL,20191015,105.25,105.25,105.15,105.15,2188
RVNL,20191015,25.2,25.25,23.85,24.2,8704719
SABTN,20191015,1.95,1.95,1.9,1.9,829
SADBHAV,20191015,134,134,129.65,131.3,16441
SADBHIN,20191015,43.55,44.4,42.5,43.8,4467
SAFARI,20191015,561,588,560.05,579.25,1762
SAGARDEEP,20191015,54.45,55,52,54.9,2707
SAGCEM,20191015,553,562,523.35,535.45,8115
SAIL,20191015,32.5,34.45,31.6,33.4,55294896
SAKAR,20191015,48.9,48.9,47.2,47.35,10525
SAKHTISUG,20191015,7.65,7.75,7.5,7.55,6714
SAKSOFT,20191015,235.15,239.6,235.15,237.6,1042
SAKUMA,20191015,8.2,8.2,7.6,7.75,213361
SALASAR,20191015,99.25,102.2,86.3,90.45,79744
SALONA,20191015,69.1,69.1,69.1,69.1,64
SALSTEEL,20191015,2.6,2.7,2.6,2.6,22512
SALZERELEC,20191015,118,120,115.25,115.95,1924
SAMBHAAV,20191015,2.6,2.6,2.45,2.45,11601
SANCO,20191015,17.6,17.7,16.65,17.2,23618
SANDESH,20191015,571.5,609,571.5,577.6,118
SANDHAR,20191015,234,234,227.55,229.95,1472
SANGAMIND,20191015,37.15,38.9,35.3,36.65,5574
SANGHIIND,20191015,48.3,48.5,46.5,47.4,85491
SANGHVIFOR,20191015,33.6,33.6,31.1,31.25,452
SANGHVIMOV,20191015,72,77.3,70.1,70.6,28383
SANGINITA,20191015,118.85,119.45,116.3,119.3,31463
SANOFI,20191015,5879,5927.15,5850,5893.1,15096
SANWARIA,20191015,1.6,1.65,1.6,1.6,1304313
SARDAEN,20191015,146.75,152.7,146.45,150.05,27295
SAREGAMA,20191015,356.3,363.9,340,340.7,74319
SARLAPOLY,20191015,21.35,21.35,20.7,20.9,141977
SASKEN,20191015,601.3,610.35,595,596.85,6089
SASTASUNDR,20191015,94.95,94.95,90.1,92.6,718
SATHAISPAT,20191015,4.15,4.15,4.15,4.15,4061
SATIA,20191015,73.8,74.45,70.65,71.9,99693
SATIN,20191015,269.3,270.05,261.7,264.85,6854
SBIETFQLTY,20191015,99,99.4,97.37,98.11,9133
SBILIFE,20191015,829,844,829,838.05,394890
SBIN,20191015,256.45,259.9,254.8,258.45,23444973
SCAPDVR,20191015,0.4,0.45,0.4,0.4,32757
SCHAEFFLER,20191015,4100.3,4172,4080.05,4128.9,1325
SCHAND,20191015,60.25,62.5,59.75,61.9,25767
SCHNEIDER,20191015,72.75,72.75,66.7,67.8,58785
SCI,20191015,44.75,45.4,44.4,44.65,1634947
SDBL,20191015,117,118.25,113.3,113.95,12203
SEAMECLTD,20191015,350.3,370,350,361.35,15470
SELAN,20191015,131.5,136,131,131.4,15614
SELMCL,20191015,0.55,0.6,0.55,0.55,175080
SEPOWER,20191015,2.9,2.95,2.45,2.7,511
SEQUENT,20191015,77,77.5,74.5,74.85,165058
SESHAPAPER,20191015,174,182.45,173.05,174.55,6707
SETCO,20191015,15.05,15.55,15,15.05,75942
SETFGOLD,20191015,3444.95,3465,3432.1,3455.8,1465
SETFNIF50,20191015,116.51,117.85,116.51,117.69,129378
SETFNIFBK,20191015,285,289.75,285,288.47,8616
SETFNN50,20191015,274.17,278.17,274.17,277.69,2372
SETUINFRA,20191015,1.65,1.65,1.6,1.6,15137
SEYAIND,20191015,387.9,402,387.9,393.35,13856
SFL,20191015,1239.35,1253.9,1234.25,1239.6,1582
SGL,20191015,6.75,7.5,6.65,7.35,13458
SHAHALLOYS,20191015,8,8.65,8,8.65,1795
SHAKTIPUMP,20191015,262.5,287.45,262.5,272.85,202442
SHALBY,20191015,84.9,89.8,83.6,85.5,66643
SHALPAINTS,20191015,88,96.7,86.55,91.95,453314
SHANKARA,20191015,288.8,296.9,285.4,291.15,110140
SHANTIGEAR,20191015,95.8,98.95,92,93.6,20142
SHARDACROP,20191015,275.75,287.9,273.15,279.8,3589
SHARDAMOTR,20191015,803,817.5,789,798.6,749
SHARIABEES,20191015,256.69,256.69,254.52,254.84,280
SHEMAROO,20191015,249.95,259.95,244,246.9,1852
SHILPAMED,20191015,266,270.5,260.3,269.85,5176
SHIRPUR-G,20191015,9.7,9.95,9.65,9.95,4483
SHIVAMAUTO,20191015,21,21.8,20.65,21.35,25702
SHIVAMILLS,20191015,33,33,32.8,33,60
SHIVATEX,20191015,100.65,112,100.65,110,2153
SHK,20191015,130.55,130.95,120,122.5,87101
SHOPERSTOP,20191015,408.85,416.85,394,395.7,53349
SHREDIGCEM,20191015,16.35,16.55,16,16.5,38138
SHREECEM,20191015,18750,18860.95,18511.05,18584.75,37879
SHREEPUSHK,20191015,95,95,89,89.65,12848
SHREERAMA,20191015,3.55,3.55,3.45,3.45,17949
SHRENIK,20191015,43.9,46.3,42.6,45.75,84711
SHREYANIND,20191015,115.35,121.3,114.5,117.4,30845
SHREYAS,20191015,76.35,78.4,73.55,77.55,29178
SHRIPISTON,20191015,715,755,715,721.7,165
SHRIRAMCIT,20191015,1343.5,1351.35,1324.8,1341.45,16914
SHRIRAMEPC,20191015,7.8,8,7.55,7.75,75391
SHYAMCENT,20191015,2.6,2.6,2.4,2.6,26975
SICAGEN,20191015,14.5,15.35,14.25,14.75,13638
SICAL,20191015,21.7,21.7,21.7,21.7,23000
SIEMENS,20191015,1578.7,1595.5,1574,1592,482922
SIGIND,20191015,20.5,20.5,19.1,19.3,12697
SIL,20191015,11.25,11.25,11.25,11.25,80
SILINV,20191015,155.6,155.6,140.5,144.5,4354
SIMBHALS,20191015,6.5,6.85,6.45,6.45,8219
SIMPLEXINF,20191015,41,43,40,40.4,247758
SINTEX,20191015,1.4,1.4,1.4,1.4,429304
SIRCA,20191015,182.5,188,182.05,183,1244
SIS,20191015,854.6,882.3,848,880.35,3553
SITINET,20191015,1.75,1.8,1.7,1.8,378792
SIYSIL,20191015,219.95,254.6,202.1,204.4,42852
SJVN,20191015,24.15,24.95,24.15,24.8,1068754
SKFINDIA,20191015,2124,2148.4,2100,2120,15662
SKIL,20191015,3.95,4.2,3.95,3.95,16629
SKIPPER,20191015,48.85,50,48.3,49.65,34884
SKMEGGPROD,20191015,37.8,38.85,37.75,37.95,7470
SMARTLINK,20191015,85.3,85.35,80,80.7,6132
SMLISUZU,20191015,538.35,555.7,534,537.6,8155
SMSLIFE,20191015,264.05,266,248,251.95,11469
SMSPHARMA,20191015,41.5,44,41,42.3,28151
SNOWMAN,20191015,37.5,37.8,36.55,37.3,434335
SOBHA,20191015,443.75,449.9,431.6,446.45,87447
SOLARA,20191015,385.8,385.8,354.95,370.05,41420
SOLARINDS,20191015,1085.1,1102,1085.1,1094.8,17429
SOMANYCERA,20191015,194.7,195.5,187.55,190.7,18383
SOMATEX,20191015,2.65,2.7,2.6,2.65,10399
SOMICONVEY,20191015,11.55,12.8,11.55,12.3,897
SONATSOFTW,20191015,303.45,303.8,296,298.65,52602
SORILINFRA,20191015,83.35,83.35,83.35,83.35,5365
SOTL,20191015,831.05,854.95,831,831.7,517
SOUTHBANK,20191015,10.15,10.15,9.9,9.95,4591098
SOUTHWEST,20191015,15,15,13.2,14.9,181
SPAL,20191015,200.05,206.9,200.05,205.9,17311
SPANDANA,20191015,1097.85,1104,1071.2,1088.55,96284
SPARC,20191015,119.8,123.5,119,119.9,654682
SPCENET,20191015,1.25,1.25,1.15,1.15,58061
SPECIALITY,20191015,68.85,69,65.1,66.05,7215
SPENCERS,20191015,65.65,68,63.9,65.25,97066
SPENTEX,20191015,0.4,0.4,0.3,0.3,31621
SPIC,20191015,18.1,18.8,18.1,18.5,22481
SPICEJET,20191015,123.25,123.4,121.55,121.95,501877
SPLIL,20191015,31,32,31,31.3,5190
SPMLINFRA,20191015,7.25,7.25,7.25,7.25,3163
SPTL,20191015,2.5,2.5,2.5,2.5,204190
SPYL,20191015,0.25,0.25,0.2,0.25,54717
SREEL,20191015,173.7,173.75,169.95,172.8,3272
SREINFRA,20191015,8,8,7.55,7.7,774785
SRF,20191015,2625,2669.85,2588,2624.65,557839
SRHHYPOLTD,20191015,99,99.5,97.7,98.2,1382
SRIPIPES,20191015,170.5,170.9,165.15,165.5,42469
SRTRANSFIN,20191015,1044.65,1054.95,1028,1050.15,810382
SSWL,20191015,766.35,778.7,766.3,773.6,2742
STAMPEDE,20191015,0.75,0.75,0.7,0.75,57615
STAR,20191015,333,358.8,333,355.6,1984603
STARCEMENT,20191015,92.95,98.25,92.5,93.6,121405
STARPAPER,20191015,103.5,106,101.1,103.55,122470
STCINDIA,20191015,43.8,43.8,43.8,43.8,8835
STEELCITY,20191015,29.5,30.6,28.9,29.4,5178
STEELXIND,20191015,10.5,10.6,9.1,9.3,34132
STEL,20191015,66.6,66.85,63.7,65.85,5179
STERTOOLS,20191015,160,164.7,155.95,159.05,1731
STRTECH,20191015,139,139,133,135.3,792405
SUBEX,20191015,4.85,4.95,4.7,4.85,694373
SUBROS,20191015,239.8,240,234,237,20943
SUDARSCHEM,20191015,384,385.05,354.4,362.5,139968
SUJANAUNI,20191015,0.2,0.2,0.15,0.15,296497
SUMEETINDS,20191015,1.7,1.8,1.6,1.65,134197
SUMIT,20191015,19.85,20.95,19,20.5,56427
SUMMITSEC,20191015,456.55,468.05,455.1,458.7,1017
SUNCLAYLTD,20191015,1838.2,1849.5,1783,1808.8,671
SUNDARAM,20191015,1.35,1.45,1.35,1.35,23612
SUNDARMFIN,20191015,1620.8,1634,1603.95,1630,5268
SUNDARMHLD,20191015,69.75,69.95,65.5,67.4,35760
SUNDRMBRAK,20191015,245,247.9,240.95,244.8,1913
SUNDRMFAST,20191015,461.8,467.45,450.2,460.5,44380
SUNFLAG,20191015,25.55,26.35,24.75,25.3,147714
SUNPHARMA,20191015,397.2,400,392.25,396.8,2892153
SUNTECK,20191015,409.7,421.95,407.05,418.5,130148
SUNTV,20191015,476.1,495,476.1,490.1,2254599
SUPERHOUSE,20191015,78.25,81,78.2,80,3283
SUPERSPIN,20191015,4.25,4.55,3.8,4.05,31477
SUPPETRO,20191015,170.45,172.95,165.55,171.9,3098
SUPRAJIT,20191015,183.5,187.4,175.65,183.75,11372
SUPREMEIND,20191015,1208,1219.85,1195,1215.4,33281
SURANASOL,20191015,6.15,6.15,5.5,5.5,9820
SURANAT&P,20191015,3.3,3.65,3.3,3.35,1748
SURYALAXMI,20191015,16.75,18,16.75,17.35,1810
SURYAROSNI,20191015,166.3,166.3,161,162.1,17722
SUTLEJTEX,20191015,26.25,27,26.05,26.25,43017
SUVEN,20191015,259,272.6,256.55,265.7,396204
SUZLON,20191015,2.75,2.75,2.5,2.6,11788090
SWANENERGY,20191015,105.2,105.4,103.6,104.5,58114
SWARAJENG,20191015,1151.95,1151.95,1111.55,1125.5,1452
SWELECTES,20191015,115,116.85,106.7,110.75,2826
SWSOLAR,20191015,609,610.85,595.1,599.55,19204
SYMPHONY,20191015,1266.1,1287.55,1263.05,1275.7,3359
SYNCOM,20191015,0.9,0.9,0.85,0.85,1437
SYNDIBANK,20191015,24.5,24.5,24,24.05,818972
SYNGENE,20191015,315.05,333,315.05,325.55,217681
TAINWALCHM,20191015,47,48,45,45.2,7385
TAJGVK,20191015,169,172.65,165,165.85,87433
TAKE,20191015,100.2,107.7,100.2,105.05,325505
TALBROAUTO,20191015,105,107.3,104,104.35,7885
TALWALKARS,20191015,2.45,2.65,2.45,2.5,88616
TALWGYM,20191015,3.8,3.8,3.8,3.8,6676
TANLA,20191015,46.9,47.65,46.1,46.35,83289
TANTIACONS,20191015,1.4,1.4,1.35,1.35,325
TARAPUR,20191015,5.05,5.05,5.05,5.05,1
TARMAT,20191015,26,26,24.6,24.6,4452
TASTYBITE,20191015,9861.3,10200,9861.3,10106.7,643
TATACHEM,20191015,593.7,593.7,582.7,588.2,262653
TATACOFFEE,20191015,75,76.4,74.15,75.9,180632
TATACOMM,20191015,354.05,362,352,357.3,61756
TATAELXSI,20191015,649.65,653.8,640,650.95,441562
TATAGLOBAL,20191015,277.45,278.45,273.8,277.75,1009890
TATAINVEST,20191015,784.95,793,780.4,785,4882
TATAMETALI,20191015,578,594.65,565.25,584.5,52901
TATAMOTORS,20191015,127.1,128.9,123.7,126.95,57548920
TATAMTRDVR,20191015,56.35,57,54.9,56.5,5222759
TATAPOWER,20191015,60,60.3,59.15,59.75,4933745
TATASTEEL,20191015,345.05,358.35,338.7,349.2,17972207
TATASTLBSL,20191015,21.55,22.5,21.25,21.95,586482
TATASTLLP,20191015,414,418.8,400.1,404.65,48054
TBZ,20191015,43,48.75,43,47.85,2005461
TCI,20191015,287.9,287.9,276.3,278.7,6369
TCIEXP,20191015,710,721,708.95,718.8,9153
TCIFINANCE,20191015,10,10.05,9.05,9.3,19723
TCNSBRANDS,20191015,725,725,695,697.6,3252
TCPLPACK,20191015,255.05,264,252.55,257.55,2307
TCS,20191015,2032,2047,2022.7,2037.3,2261310
TDPOWERSYS,20191015,148.05,148.05,144.1,145.5,9735
TEAMLEASE,20191015,3060.3,3166.45,3049.25,3135.95,3540
TECHIN,20191015,3.95,3.95,3.95,3.95,22
TECHM,20191015,724,729,719,720.5,1482881
TECHNOE,20191015,265.4,279.5,265.25,271.4,11084
TECHNOFAB,20191015,34.45,34.45,34.45,34.45,2351
TEJASNET,20191015,78.75,79.1,76.05,77.9,1454942
TERASOFT,20191015,23.6,24.25,23.35,23.6,4778
TEXINFRA,20191015,40.55,46.5,39.2,41.9,22370
TEXMOPIPES,20191015,15.15,15.4,14.8,15.15,15388
TEXRAIL,20191015,44.9,46.1,40.8,43.85,237592
TFCILTD,20191015,79.35,79.9,75.7,77.1,20438
TFL,20191015,4.3,4.3,4.1,4.15,5733
TGBHOTELS,20191015,3.55,3.7,3.5,3.65,11322
THANGAMAYL,20191015,354.9,358,340,341.95,31249
THEINVEST,20191015,124.95,125,116.95,124.55,1267
THEMISMED,20191015,253.7,266.35,253.7,266.35,4339
THERMAX,20191015,1112.6,1130.5,1108,1116.35,79601
THOMASCOOK,20191015,138.6,140.25,131.05,133.2,301521
THYROCARE,20191015,505.3,514.75,500,501.15,8981
TI,20191015,13.9,14.7,13.3,14.05,97809
TIDEWATER,20191015,4614,4650,4552,4621.55,872
TIIL,20191015,324.95,330.05,310,322.25,2955
TIINDIA,20191015,377.95,377.95,361,364.3,14041
TIJARIA,20191015,8.5,9,8.45,9,2210
TIL,20191015,183,190.2,180,185.15,5110
TIMESGTY,20191015,25.7,34.2,25.7,30.5,666
TIMETECHNO,20191015,58.8,59.6,56.6,57.95,332886
TIMKEN,20191015,770,779.1,767,770.35,12033
TINPLATE,20191015,109.9,112.6,107.65,110.7,457271
TIPSINDLTD,20191015,70.15,71.8,69.65,71.35,2083
TIRUMALCHM,20191015,60.65,61.5,60.1,60.45,129416
TITAN,20191015,1254,1275.15,1253,1272.1,1379017
TMRVL,20191015,12.05,12.55,12.05,12.4,6255
TNPETRO,20191015,34.4,35.8,34.4,35.3,31883
TNPL,20191015,189.45,190.1,185.65,185.8,64762
TNTELE,20191015,1.35,1.35,1.35,1.35,5
TOKYOPLAST,20191015,55.8,55.8,53,53,763
TORNTPHARM,20191015,1695.55,1741.95,1680,1699.85,505473
TORNTPOWER,20191015,282.4,282.9,279.45,280.35,506229
TPLPLASTEH,20191015,116.1,117.9,113,117,468
TREEHOUSE,20191015,5.85,6.1,5.7,6,34792
TREJHARA,20191015,14,14.5,13.2,13.2,6111
TRENT,20191015,506.5,510,501.5,504.95,135526
TRF,20191015,89.95,92.5,89,90.45,28072
TRIDENT,20191015,55.85,56.6,55.5,56.1,139142
TRIGYN,20191015,40.85,41.8,40.05,40.7,43132
TRIL,20191015,8.3,8.3,7.65,7.85,76769
TRITURBINE,20191015,99.5,104.9,99,104.3,23850
TRIVENI,20191015,63,63.45,57.85,60.2,502045
TTKHLTCARE,20191015,440,442.95,424,429.85,2210
TTKPRESTIG,20191015,5937,5998.95,5906,5925.45,2188
TTL,20191015,38,38.5,37.05,37.4,1917
TTML,20191015,2.8,2.8,2.5,2.6,578723
TV18BRDCST,20191015,21.9,23.2,21.6,21.75,2014877
TVSELECT,20191015,112.4,115,111,112.95,8833
TVSMOTOR,20191015,398,411.9,391.65,410.1,3185751
TVSSRICHAK,20191015,1748,1792.5,1732,1757.45,886
TVTODAY,20191015,304,304.5,295.25,297.15,17034
TVVISION,20191015,1.45,1.45,1.45,1.45,210
TWL,20191015,41.5,41.5,40,40.3,453147
UBL,20191015,1277.3,1299.25,1265.5,1286.1,456957
UCALFUEL,20191015,116.5,117,114,115.1,9010
UCOBANK,20191015,12,12,11.65,11.75,462996
UFLEX,20191015,207.85,208.05,204,205.3,42185
UFO,20191015,147.8,147.8,142,143.05,10258
UGARSUGAR,20191015,12.1,12.15,11.7,12,41025
UJAAS,20191015,3.2,3.45,2.95,3.35,239512
UJJIVAN,20191015,299.2,303,294.3,301.65,992319
ULTRACEMCO,20191015,4194.9,4219.2,4141.55,4206.5,349808
UMANGDAIRY,20191015,34.55,38.75,34.55,37.1,16643
UMESLTD,20191015,0.85,0.85,0.85,0.85,575
UNICHEMLAB,20191015,176.95,179.95,176.95,179.3,11645
UNIENTER,20191015,69,69,67.1,68,1168
UNIONBANK,20191015,49.7,50.35,48.8,50.1,7995735
UNIPLY,20191015,44,45,41.05,41.65,70098
UNITECH,20191015,0.4,0.4,0.35,0.4,3821590
UNITEDBNK,20191015,7.55,7.6,7,7.1,694887
UNITEDTEA,20191015,269,273,260.1,273,53
UNIVCABLES,20191015,145,147.45,144,145.45,5563
UPL,20191015,585,591,580.8,583.1,2213363
URJA,20191015,1.75,1.75,1.65,1.7,828570
USHAMART,20191015,26.05,26.55,25.75,26.35,194773
UTINEXT50,20191015,275,275,273.5,273.5,350
UTINIFTETF,20191015,1207,1212.9,1198.95,1212.9,179
UTISENSETF,20191015,406.4,406.5,400,406.49,64
UTISXN50,20191015,299,299,299,299,50
UTTAMSTL,20191015,6.1,6.3,5.6,6.05,132736
UTTAMSUGAR,20191015,94.3,94.75,92.9,93.3,40225
UVSL,20191015,0.05,0.1,0.05,0.05,4995803
V2RETAIL,20191015,126.65,139.3,124.25,135.7,305530
VADILALIND,20191015,748.95,762.75,743,746.4,11538
VAIBHAVGBL,20191015,773.6,815,773.6,804.5,47752
VAKRANGEE,20191015,27.5,28.4,26.65,27.85,4683842
VARDHACRLC,20191015,35.75,36.65,35.75,35.75,2155
VARDMNPOLY,20191015,2.1,2.25,2.1,2.25,5280
VARROC,20191015,451.1,463,438.05,449.05,631887
VASCONEQ,20191015,12.5,12.9,12.3,12.4,64544
VASWANI,20191015,5,5.25,4.8,4.9,4162
VBL,20191015,622.5,647.85,619.35,630.65,224750
VEDL,20191015,147.15,155.9,144.5,153.5,17789048
VENKEYS,20191015,1600,1620,1581,1590.1,59378
VENUSREM,20191015,21.7,22.55,21.55,21.7,5535
VESUVIUS,20191015,1008,1008,971.1,990,5389
VETO,20191015,54.3,55,52.05,54.15,12484
VGUARD,20191015,231.2,232.9,228.55,229.5,112298
VHL,20191015,1490,1490,1468.1,1469,174
VICEROY,20191015,1.2,1.25,1.15,1.15,36141
VIDHIING,20191015,58.45,58.7,57.05,57.65,26200
VIJIFIN,20191015,0.4,0.45,0.4,0.45,20317
VIKASECO,20191015,3.1,3.35,2.8,3.2,2103490
VIKASMCORP,20191015,3.8,3.8,3.55,3.7,838183
VIKASPROP,20191015,3.35,3.35,3.35,3.35,164273
VIKASWSP,20191015,11.25,11.25,10.35,10.85,294956
VIMTALABS,20191015,105.6,106.75,103.5,104.55,9390
VINATIORGA,20191015,2150,2171.85,2130,2135.55,8452
VINDHYATEL,20191015,878.95,894.65,875,879.5,3003
VINYLINDIA,20191015,63.3,63.3,60.4,60.6,5921
VIPCLOTHNG,20191015,6.3,6.35,6,6.1,104714
VIPIND,20191015,452.45,474,449.1,463.4,482039
VIPULLTD,20191015,28.4,28.65,27.8,28.45,87400
VISAKAIND,20191015,271.95,279.45,268,272,15247
VISASTEEL,20191015,4.15,4.15,3.4,3.5,77497
VISESHINFO,20191015,0.05,0.1,0.05,0.05,3534896
VISHAL,20191015,338,338.05,334.45,335,18000
VISHNU,20191015,127.75,127.8,121.5,126.1,1715
VISHWARAJ,20191015,61.2,61.5,60.25,60.35,1086937
VIVIDHA,20191015,0.15,0.15,0.15,0.15,4485
VIVIMEDLAB,20191015,13.75,13.75,13,13.15,48163
VLSFINANCE,20191015,50.05,52.45,50,51.65,10703
VMART,20191015,2026,2056.45,1991,2016.9,8729
VOLTAMP,20191015,1132.3,1150,1115.1,1136.05,2571
VOLTAS,20191015,675,681.35,669,676,930809
VRLLOG,20191015,264.95,269.8,262.25,265.1,52145
VSSL,20191015,68.9,68.9,66,67.45,3885
VSTIND,20191015,3799,3948,3757.65,3917,3641
VSTTILLERS,20191015,1250.1,1256.8,1240,1254.2,687
VTL,20191015,910.15,920,895.05,908.5,24709
WABAG,20191015,231.6,231.6,189,190.1,1336296
WABCOINDIA,20191015,6085,6150,6085,6110.9,1603
WALCHANNAG,20191015,59.35,61.75,55.25,61,405434
WANBURY,20191015,11.85,11.85,11.85,11.85,5
WATERBASE,20191015,98.1,99.4,97.05,97.65,21693
WEBELSOLAR,20191015,20.85,21.3,19.75,20.25,18520
WEIZFOREX,20191015,270.7,307.95,270.6,281.3,719
WEIZMANIND,20191015,24.3,24.3,22.55,23.7,4501
WELCORP,20191015,129.05,132.35,127.3,131.3,194383
WELENT,20191015,93,95,93,93.15,66633
WELINV,20191015,151.3,151.95,151.25,151.5,1076
WELSPUNIND,20191015,50.35,50.35,49,49.9,509451
WENDT,20191015,3180,3219.85,3065.05,3116.8,827
WESTLIFE,20191015,320.05,323.9,317.95,320.35,10811
WHEELS,20191015,609.05,625,609,615.35,8519
WHIRLPOOL,20191015,2100,2134.95,2060,2095.5,89565
WILLAMAGOR,20191015,14.55,14.95,14.25,14.25,23164
WINDMACHIN,20191015,19.55,19.55,17.15,17.65,28073
WIPL,20191015,57.85,63.85,57.85,57.9,451
WIPRO,20191015,244.95,245.5,239.25,243.65,8551893
WOCKPHARMA,20191015,254.65,257.2,249,253.55,630782
WONDERLA,20191015,285.2,292,281.65,289.55,30788
WSI,20191015,0.9,0.9,0.8,0.85,2059
WSTCSTPAPR,20191015,235.5,243.9,234.6,242.55,69300
XCHANGING,20191015,52.45,54.45,51.45,52.4,11323
XELPMOC,20191015,66,66,63.1,63.2,5099
XLENERGY,20191015,0.4,0.45,0.4,0.45,7640
XPROINDIA,20191015,23.8,25.8,23.15,23.55,2051
YESBANK,20191015,41.1,41.45,39,40.6,193601940
ZEEL,20191015,236.9,253.7,234.55,250.7,13377512
ZEELEARN,20191015,17,17.45,16,16.2,158913
ZEEMEDIA,20191015,6.3,6.3,5.7,5.7,1088825
ZENITHBIR,20191015,0.55,0.65,0.55,0.65,136456
ZENITHEXPO,20191015,36.05,39.2,36.05,37.25,556
ZENSARTECH,20191015,205.55,212,201,209.9,17779
ZENTEC,20191015,63.9,63.9,61,61.8,11927
ZICOM,20191015,1,1,0.95,0.95,470
ZODIACLOTH,20191015,199.85,214.4,198.15,200.65,1690
ZODJRDMKJ,20191015,31,31,31,31,1
ZOTA,20191015,199,199,186.95,191.35,21635
ZUARI,20191015,89.2,90.6,86.45,86.9,25532
ZUARIGLOB,20191015,58.9,58.9,56.65,57.4,15289
ZYDUSWELL,20191015,1678,1696,1635,1650.2,8103
NSENIFTY,20191015,11360.85,11462.35,11342.10,11428.30,527396180,0
NIFTYJUNIOR,20191015,26829.75,27052.60,26803.25,27010.60,364648965,0
NIFTYMIDCAPLIQ15,20191015,3654.65,3672.75,3629.55,3666.40,43759660,0
NSE100,20191015,11475.15,11575.75,11457.65,11544.45,897267904,0
NIFTY200,20191015,5835.80,5883.55,5827.50,5868.10,1205280575,0
NSE500,20191015,9208.70,9277.25,9196.85,9253.85,1469059934,0
NSEMIDCAP150,20191015,5796.35,5814.75,5774.70,5803.55,318387609,0
MIDCAP50,20191015,4275.05,4300.95,4244.20,4290.65,283801049,0
NSEMIDCAP,20191015,15610.65,15662.25,15535.10,15629.15,308012671,0
NIFTYSMALLCAP250,20191015,-,-,-,4504.80,-,0
NIFTYSMALLCAP50,20191015,-,-,-,2612.05,-,0
NSESMLCAP100,20191015,5415.70,5428.05,5398.40,5408.35,-,0
NIFTYLARGEMIDCAP250,20191015,-,-,-,5618.49,1215655513,0
NIFTYMIDSMALLCAP400,20191015,-,-,-,5339.10,-,0
NIFTYAUTO,20191015,7522.00,7701.95,7510.10,7688.25,111068086,0
BANKNIFTY,20191015,28257.85,28694.85,28186.25,28555.10,350926458,0
NIFTYFINSERVICE,20191015,12821.55,12963.75,12806.10,12904.60,124549785,0
NIFTYFMGC,20191015,30783.50,31059.60,30687.85,30927.90,26669990,0
NSEIT,20191015,15254.40,15281.45,15191.05,15208.40,34587081,0
NIFTYMEDIA,20191015,1707.05,1751.75,1703.35,1740.80,47096943,0
NIFTYMETAL,20191015,2354.45,2425.85,2331.45,2397.05,167962621,0
NIFTYPHARMA,20191015,7371.75,7434.05,7349.25,7420.65,22620088,0
NIFTYPVTBANK,20191015,15767.00,16006.40,15715.00,15927.75,288300460,0
NIFTYPSUBANK,20191015,2161.20,2175.95,2138.05,2167.40,87431912,0
NIFTYREALTY,20191015,252.80,255.10,250.60,253.70,12196276,0
NIFTYCOMMODITIES,20191015,3272.30,3312.65,3260.15,3298.60,234981770,0
NIFTYCONSUMPTION,20191015,4944.80,5001.10,4938.65,4982.55,72243384,0
NIFTYCPSE,20191015,1944.25,1972.40,1943.20,1968.60,69945046,0
NIFTYENERGY,20191015,15668.00,15810.70,15652.55,15782.85,67626703,0
NIFTY100ESG,20191015,-,-,-,2121.11,717061662,0
NIFTY100ENHESG,20191015,-,-,-,2153.41,697172985,0
NIFTYINFRA,20191015,3207.85,3229.45,3202.30,3222.35,131123929,0
NIFTYMNC,20191015,13470.75,13653.30,13449.60,13619.50,168568393,0
NIFTYPSE,20191015,3229.60,3269.00,3227.70,3264.85,176532392,0
NIFTYSMEEMERGE,20191015,-,-,-,1344.82,876950,0
NIFTYSERVSECTOR,20191015,15850.90,15983.20,15831.15,15931.00,432703382,0
NIFTYSHARIAH25,20191015,-,-,-,4348.74,74663105,0
NIFTY50SHARIAH,20191015,-,-,-,2502.44,75504499,0
NIFTY500SHARIAH,20191015,-,-,-,2936.59,254297282,0
NIFTYABGROUP,20191015,-,-,-,2852.00,116488961,0
NIFTYMAHINDRA,20191015,-,-,-,9882.32,8561368,0
NIFTYTATA,20191015,-,-,-,6529.66,94084901,0
NIFTYTATA25CAP,20191015,-,-,-,4517.31,87462362,0
NIFTYABGROUP,20191015,-,-,-,2852.00,116488961,0
NIFTYLIQ15,20191015,3404.80,3455.25,3397.35,3442.30,411368890,0
NIFTY500VALUE50,20191015,-,-,-,3387.73,379757743,0
NIFTYALPHALOWVOL30,20191015,-,-,-,11838.72,105129284,0
NIFTYQUALLOWVOL30,20191015,-,-,-,8385.40,81457712,0
NIFTYALPHAQUALLOWVOL30,20191015,-,-,-,9548.49,84631103,0
NIFTYALPHAQUALVALLOWVOL30,20191015,-,-,-,7255.63,110145221,0
NIFTY50EQUALWEIGHT,20191015,11672.40,11807.35,11655.30,11769.25,527396180,0
NIFTY100EQUALWEIGHT,20191015,12519.15,12644.50,12504.65,12622.35,897267904,0
NIFTY100LOWVOL30,20191015,8774.85,8865.05,8759.50,8842.10,95270105,0
NIFTY50DIVPOINT,20191015,96.23,96.23,96.23,96.23,-,0
NIFTYDIVOPPS50,20191015,2527.70,2551.20,2523.80,2544.85,257437343,0
NIFTYALPHA50,20191015,12192.55,12222.00,12146.35,12186.10,116862653,0
NIFTY50ARBITRAGE,20191015,-,-,-,1863.23,-,0
NIFTY50FUTINDEX,20191015,-,-,-,3884.03,-,0
NIFTY50FUTTRINDEX,20191015,-,-,-,11507.26,-,0
NIFTYHIGHBETA50,20191015,-,-,-,1194.70,759121016,0
NIFTYLOWVOL50,20191015,-,-,-,10245.32,112329900,0
NIFTY200QUALITY30,20191015,-,-,-,9735.55,-,0
NIFTY50VALUE20,20191015,5312.85,5351.40,5297.25,5337.00,342524763,0
NIFTYGROWSECT15,20191015,6012.45,6094.60,6000.40,6070.15,90434733,0
NIFTY50TR2XLEV,20191015,6039.40,6146.90,6019.95,6111.00,-,0
NIFTY50PR2XLEV,20191015,4663.20,4746.20,4648.20,4718.45,-,0
NIFTY50TR1XINV,20191015,358.80,359.40,355.60,356.70,-,0
NIFTY50PR1XINV,20191015,408.30,409.00,404.65,405.90,-,0
NIFTY-GS-COMPSITE,20191015,2039.05,2040.01,2037.16,2039.42,-,0
NIFTY-GS-4-8YR,20191015,2126.22,2126.85,2124.16,2126.48,-,0
NIFTY-GS-8-13YR,20191015,2005.48,2006.66,2003.82,2006.10,-,0
NIFTY-GS-10YR,20191015,1852.79,1854.80,1849.63,1854.02,-,0
NIFTY-GS-10YR-CLN,20191015,949.05,950.10,947.41,949.70,-,0
NIFTY-GS-11-15YR,20191015,2121.78,2121.78,2119.61,2120.57,-,0
NIFTY-GS-15YRPLUS,20191015,2291.87,2292.17,2291.87,2291.19,-,0
VIX,20191015,17.43,17.43,16.69,16.85,0,0
