<ticker>,<date>,<open>,<high>,<low>,<close>,<volume>,<o/i>
20MICRONS,20191119,34.9,35.3,33.5,34.05,45243
21STCENMGM,20191119,13.5,14,13.5,13.95,2241
3IINFOTECH,20191119,1.9,2,1.9,1.95,1289251
3MINDIA,20191119,22350.05,22444,22105.05,22310.05,693
3PLAND,20191119,6.2,6.5,6.2,6.2,3035
5PAISA,20191119,157.9,158.1,154,154.9,6437
63MOONS,20191119,107.5,108.5,102.4,104.2,151202
A2ZINFRA,20191119,8.75,9.05,8.75,8.85,175576
AARTIDRUGS,20191119,526.9,527,516.1,520.9,9958
AARTIIND,20191119,835,855,816,841.5,269118
AARVEEDEN,20191119,13.05,13.3,12.25,12.35,4425
AAVAS,20191119,1677,1700,1657.45,1688.95,55782
ABAN,20191119,28.75,28.75,27.05,27.55,30710
ABB,20191119,1451.3,1480,1451.3,1474.55,43691
ABBOTINDIA,20191119,12876,12899.95,12650,12785.15,6314
ABCAPITAL,20191119,81.55,84.1,81.55,83.65,2028488
ABFRL,20191119,212,220,208.25,217.65,647553
ABSLBANETF,20191119,330,330,314.5,314.5,52
ABSLNN50ET,20191119,283.7,283.7,281.91,282.7,3
ACC,20191119,1499,1502.9,1481,1491.15,514558
ACCELYA,20191119,1137,1245.2,1136.95,1194.7,148357
ACE,20191119,82,82.45,80.1,80.55,270844
ADANIENT,20191119,202,202.6,196.25,199.7,2954848
ADANIGAS,20191119,146.35,147.75,146.2,146.45,337626
ADANIGREEN,20191119,94.05,97.6,92,96.2,1471915
ADANIPORTS,20191119,367.5,368.15,361.55,364.05,2758083
ADANIPOWER,20191119,59.85,61,59.15,60.25,6159411
ADANITRANS,20191119,270.95,271.95,265.1,268.1,177796
ADFFOODS,20191119,298,302,297.3,300.15,37519
ADHUNIKIND,20191119,98.5,104,97.35,102.9,110708
ADLABS,20191119,3.3,3.3,3.3,3.3,47998
ADORWELD,20191119,317.15,317.3,309.2,311.1,3779
ADROITINFO,20191119,9.1,9.5,9.1,9.5,10490
ADSL,20191119,18.5,18.5,17.4,17.5,215525
ADVANIHOTR,20191119,57.5,60,56.2,56.85,20920
ADVENZYMES,20191119,165.75,165.75,160.1,161.55,43140
AEGISCHEM,20191119,177,179.8,174.05,175.55,122330
AFFLE,20191119,1645,1649,1607.25,1624.95,75513
AGARIND,20191119,110.05,110.05,105.65,107.85,3281
AGCNET,20191119,118.05,130,118.05,127.95,3493
AGRITECH,20191119,43.55,44.45,43.05,43.35,2501
AGROPHOS,20191119,124.3,125.15,124.3,125.05,718345
AHLEAST,20191119,182.9,187.5,174.25,179.1,5916
AHLUCONT,20191119,274.6,279.4,269.05,270,3536
AHLWEST,20191119,272,327,270,325.6,25100
AIAENG,20191119,1651,1658,1630,1649.05,7769
AIONJSW,20191119,10,10.05,9.9,10,87638
AIRAN,20191119,11,11.35,10.5,11,3617
AJANTPHARM,20191119,972.15,984,967,972.15,29646
AJMERA,20191119,120.6,122.5,119.85,120.5,28689
AKASH,20191119,62.25,63,62.25,62.45,2005
AKSHARCHEM,20191119,209.8,209.8,200.5,203.3,2240
AKSHOPTFBR,20191119,6.5,6.75,6.4,6.5,354354
AKZOINDIA,20191119,1948,1948,1900,1911,4497
ALANKIT,20191119,14.5,15.1,14.15,15.1,29664
ALBERTDAVD,20191119,427,438.95,405.1,414.45,7768
ALBK,20191119,25.2,27.1,25,25.8,11531981
ALCHEM,20191119,0.85,0.85,0.8,0.85,850
ALEMBICLTD,20191119,51.75,53.9,51.3,51.95,132068
ALICON,20191119,381.4,399.9,373.2,391.05,2536
ALKALI,20191119,42.95,42.95,39.25,39.95,26630
ALKEM,20191119,2119.35,2150,2100,2117.05,78374
ALKYLAMINE,20191119,1018,1030,1005,1017.05,9488
ALLCARGO,20191119,95.95,95.95,94,94.3,94725
ALLSEC,20191119,286.9,286.9,279,279.15,1432
ALMONDZ,20191119,9.8,9.8,8.9,9.15,1638
ALOKTEXT,20191119,2.2,2.2,2.2,2.2,338002
ALPA,20191119,16.6,16.6,16.15,16.25,7464
ALPHAGEO,20191119,166,168,154.95,160.85,9231
ALPSINDUS,20191119,0.8,0.8,0.75,0.8,40070
AMARAJABAT,20191119,749.25,761,745.9,754.9,650025
AMBER,20191119,1000,1003.3,980,987.4,5608
AMBIKCO,20191119,887,888,875.2,879.75,2675
AMBUJACEM,20191119,201.45,202.45,198.7,201.4,2382060
AMDIND,20191119,16.65,17.3,16.5,16.7,3572
AMJLAND,20191119,19.35,19.95,18.5,19.05,20223
AMRUTANJAN,20191119,437.5,454,437.5,447.95,57670
ANANTRAJ,20191119,33.85,34.35,33,33.6,216374
ANDHRABANK,20191119,17.6,20.85,17.5,20.2,9309090
ANDHRACEMT,20191119,2.7,2.8,2.65,2.7,66161
ANDHRSUGAR,20191119,295.85,300,289.4,290,16915
ANIKINDS,20191119,8.25,8.6,8.25,8.6,21
ANKITMETAL,20191119,0.6,0.7,0.6,0.7,73334
ANSALAPI,20191119,4.6,5,4.6,5,59006
ANSALHSG,20191119,5.9,6.4,5.8,6.4,242828
ANTGRAPHIC,20191119,0.65,0.65,0.6,0.6,61797
ANUP,20191119,488.95,490,471,474.65,60090
APARINDS,20191119,471,476.95,446,447.6,19951
APCL,20191119,152.8,152.8,147.8,150.15,559
APCOTEXIND,20191119,160.2,162,160.1,161.45,12079
APEX,20191119,293,305,280,290.9,342750
APLAPOLLO,20191119,1512.4,1535.6,1505.05,1525.75,11322
APLLTD,20191119,548.4,561.75,548.4,549.5,20211
APOLLO,20191119,70,82.4,67.45,76.55,364215
APOLLOHOSP,20191119,1408.8,1420.8,1402,1410.95,472316
APOLLOPIPE,20191119,374.95,374.95,360,365.8,5825
APOLLOTYRE,20191119,169.9,169.95,167.5,167.9,1177120
APOLSINHOT,20191119,725.1,757,725.1,732.05,906
APTECHT,20191119,160.95,165.5,160.1,162.15,191161
ARCHIDPLY,20191119,27.6,27.6,25.9,26.2,15074
ARCHIES,20191119,19.65,19.65,19.1,19.6,13908
ARCOTECH,20191119,2.7,2.7,2.7,2.7,6413
ARIES,20191119,67.2,68.8,65.5,66.1,54540
ARIHANT,20191119,28.1,29.35,25.9,26.55,7720
ARIHANTSUP,20191119,26.5,26.5,25.05,25.15,780
ARMANFIN,20191119,553.05,564.85,537.3,542.55,1645
AROGRANITE,20191119,40.95,41,37.6,38.05,1789
ARROWGREEN,20191119,55.4,55.4,52.2,53.25,1088
ARROWTEX,20191119,9.8,9.8,9.5,9.6,16487
ARSHIYA,20191119,15.55,16.75,15.55,16.1,34127
ARSSINFRA,20191119,24.1,24.45,22.8,23.75,2657
ARVIND,20191119,47.65,47.85,46.75,47.25,763833
ARVINDFASN,20191119,364.95,364.95,355.55,359.5,67033
ARVSMART,20191119,92.05,92.75,88.5,89.3,13807
ASAHIINDIA,20191119,201,202.7,199.25,200.4,6934
ASAHISONG,20191119,147.3,149.05,140.65,144.65,13923
ASAL,20191119,32.1,32.4,31.55,31.8,9320
ASHAPURMIN,20191119,27.6,27.6,26.05,26.95,5502
ASHIANA,20191119,100.1,100.1,96.1,98.05,77815
ASHIMASYN,20191119,6.9,7.45,6.85,7.05,91709
ASHOKA,20191119,95.35,95.6,94,94.5,516018
ASHOKLEY,20191119,82.3,82.45,80.2,82,21836162
ASIANHOTNR,20191119,94.3,98.5,94.3,97,1040
ASIANPAINT,20191119,1747.95,1748,1718.5,1721.35,1187377
ASIANTILES,20191119,232.5,235.9,223.55,229.35,85522
ASPINWALL,20191119,145,149.45,144,144.35,56
ASTEC,20191119,364.95,368.4,358.55,364.15,6035
ASTERDM,20191119,154.5,155,151.25,152.95,982144
ASTRAL,20191119,1072.9,1088,1051.6,1071.05,93862
ASTRAMICRO,20191119,77,84.1,77,83.65,421914
ASTRAZEN,20191119,2646.25,2659.25,2591,2600.65,6155
ASTRON,20191119,38.1,41.1,38,40,174367
ATFL,20191119,582.25,606.05,582.25,603.25,20266
ATLANTA,20191119,7,7.2,6.65,7.1,10331
ATLASCYCLE,20191119,53,54.45,52.5,53.55,4140
ATUL,20191119,4056.85,4060.6,4035,4050.55,3580
ATULAUTO,20191119,221,221,216,217,12213
AUBANK,20191119,802,829,785,817.55,189230
AURIONPRO,20191119,74.9,75,74,74.2,3292
AUROPHARMA,20191119,429.4,435,425.3,431.2,4172872
AUSOMENT,20191119,44.05,44.05,44.05,44.05,2812
AUTOAXLES,20191119,807.75,815.9,795,796.75,8082
AUTOIND,20191119,27.35,27.65,25.2,25.7,60215
AUTOLITIND,20191119,21.4,22.85,21,21.15,7861
AVADHSUGAR,20191119,238,248.5,237.15,244.65,102325
AVANTIFEED,20191119,506.1,519.55,496.1,508.85,613808
AVTNPL,20191119,29.5,32.85,29.05,31.85,462047
AXISBANK,20191119,725,750.2,725,747.8,14424251
AXISCADES,20191119,68.25,69.85,68.25,68.8,29608
AXISGOLD,20191119,3370,3399,3353.5,3375.45,148
AXISNIFTY,20191119,1232.9,1237.6,1223.18,1236.77,61
AYMSYNTEX,20191119,31.45,32.35,29.95,30.1,8666
BAGFILMS,20191119,1.9,2.05,1.9,2,201290
BAJAJ-AUTO,20191119,3156,3171.5,3122.1,3161.05,285669
BAJAJCON,20191119,237.8,239.85,236.25,238.5,68342
BAJAJELEC,20191119,316,321.6,308,309.65,166561
BAJAJFINSV,20191119,9070,9189,9066.3,9152.8,237653
BAJAJHIND,20191119,7.05,7.15,6.85,7,2638610
BAJAJHLDNG,20191119,3707.1,3794.25,3705,3730.4,17577
BAJFINANCE,20191119,4165,4182.15,4126.25,4135.75,829535
BALAJITELE,20191119,57.05,58.15,54.15,55.35,92073
BALAMINES,20191119,341.8,347.2,335,336.7,14193
BALAXI,20191119,74.95,74.95,71.25,71.25,203
BALKRISHNA,20191119,16.75,16.85,16.15,16.45,1802
BALKRISIND,20191119,837.1,848,831.15,834.7,1954583
BALLARPUR,20191119,0.5,0.55,0.45,0.5,1392669
BALMLAWRIE,20191119,189.95,192,188.8,190.45,81933
BALPHARMA,20191119,41.5,42,40.5,40.85,5364
BALRAMCHIN,20191119,143.7,147.1,142.25,145.6,822595
BANARBEADS,20191119,31.05,32.4,31.05,31.1,1394
BANARISUG,20191119,1185,1234,1185,1220.3,603
BANCOINDIA,20191119,96.3,97.65,94.5,95.8,71761
BANDHANBNK,20191119,555,555,534,536.25,2252366
BANG,20191119,16.15,16.9,15.85,16.55,8989
BANKBARODA,20191119,96,99.55,95.8,99,34458756
BANKBEES,20191119,3179.28,3189.99,3157.89,3186.1,3931
BANKINDIA,20191119,71.5,75.4,70.8,74.1,20170328
BANSWRAS,20191119,95,97,91,92.05,23269
BARTRONICS,20191119,1.6,1.65,1.6,1.6,4490
BASF,20191119,955.05,961.45,946.55,956.5,5477
BASML,20191119,122.15,131.9,122.15,125,1615
BATAINDIA,20191119,1701,1708,1680.65,1686,426584
BAYERCROP,20191119,3610,3744,3610,3709.25,11965
BBL,20191119,836,851,833.1,835.7,8513
BBTC,20191119,1152.45,1152.45,1110,1114.35,74251
BCG,20191119,3.5,3.5,3.5,3.5,377263
BCP,20191119,9.4,9.4,9.15,9.35,80666
BDL,20191119,324.25,333.95,324.25,328.95,43674
BEARDSELL,20191119,10,10.1,9.6,10,52567
BEDMUTHA,20191119,12.4,13.25,12.1,13.25,7152
BEL,20191119,109.75,112,109.6,111.45,3983462
BEML,20191119,942,947.3,926,936.1,267481
BEPL,20191119,48.05,48.85,47.05,47.7,350837
BERGEPAINT,20191119,490.9,493.8,483.2,485.05,1109589
BFINVEST,20191119,325.8,335.75,325.8,328.15,77933
BFUTILITIE,20191119,266,270,263.25,264.3,100750
BGLOBAL,20191119,1.95,1.95,1.9,1.9,3434
BGRENERGY,20191119,29,30.3,27.95,29.15,78178
BHAGERIA,20191119,102.7,102.8,99.4,99.8,14796
BHAGYANGR,20191119,20.3,20.3,18.65,19,7762
BHAGYAPROP,20191119,21.8,22.15,19.45,20,892
BHANDARI,20191119,1.15,1.2,1.1,1.1,160484
BHARATFORG,20191119,450.45,459.6,445.85,454.75,1289037
BHARATGEAR,20191119,73.95,74,70.15,70.7,10202
BHARATRAS,20191119,6499,6540.15,6310,6430.8,1318
BHARATWIRE,20191119,28.15,30.4,28.05,29.85,2399
BHARTIARTL,20191119,426.9,445.65,421.45,439.35,62786851
BHEL,20191119,54,56.1,52.5,55.65,20906445
BIGBLOC,20191119,24.95,24.95,24,24.5,1140
BIL,20191119,169,173,164.05,164.1,657
BILENERGY,20191119,1.3,1.3,1.3,1.3,14440
BINDALAGRO,20191119,10.15,10.35,9.8,9.9,17979
BIOCON,20191119,260.6,262.7,257.4,258.55,1196367
BIOFILCHEM,20191119,5.9,5.9,5.9,5.9,2550
BIRLACABLE,20191119,64.7,65.35,61,61.35,166374
BIRLACORPN,20191119,653.95,653.95,635.3,644.05,49977
BIRLAMONEY,20191119,33.5,33.8,32.65,32.8,124909
BKMINDST,20191119,0.65,0.7,0.65,0.65,150559
BLBLIMITED,20191119,3.65,3.65,3.45,3.5,2227
BLISSGVS,20191119,137.35,138.35,135.2,137.05,145308
BLKASHYAP,20191119,10.2,10.3,9.8,10.3,18008
BLS,20191119,66.9,72.9,66.75,70.6,137032
BLUEBLENDS,20191119,0.65,0.65,0.65,0.65,4329
BLUECOAST,20191119,1.75,1.8,1.75,1.8,5621
BLUEDART,20191119,2150,2169.1,2135,2140.55,4431
BLUESTARCO,20191119,794,800,792,793.95,27517
BODALCHEM,20191119,69,69,67.45,68.2,83120
BOMDYEING,20191119,79.4,80,77.6,78,943713
BOROSIL,20191119,190.2,191.95,184.1,184.65,52784
BOSCHLTD,20191119,15142.9,15142.9,14912,14972.75,11380
BPCL,20191119,520.65,521.9,513.5,518.95,3549931
BPL,20191119,19,19,18.15,18.3,85616
BRFL,20191119,4.1,4.3,3.95,4.1,10450
BRIGADE,20191119,215,215,210.1,213.15,54685
BRITANNIA,20191119,3140.9,3158.35,3110,3120.35,261351
BRNL,20191119,59.55,61.45,59.55,60.4,10424
BROOKS,20191119,31.3,32.4,30.9,31.4,24246
BSE,20191119,505.95,506.95,496,497.3,60544
BSELINFRA,20191119,1,1.05,1,1.05,12393
BSL,20191119,28.55,31,28.5,29.2,9617
BSLGOLDETF,20191119,3515,3568,3515,3534.95,58
BSLNIFTY,20191119,130,130,130,130,110
BSOFT,20191119,65.55,66.8,65.1,65.95,395707
BURNPUR,20191119,1.2,1.2,1.2,1.2,10891
BUTTERFLY,20191119,190.15,191.75,188.1,190.6,18830
BVCL,20191119,10.75,11.65,10.75,11.5,14021
BYKE,20191119,19.25,19.55,18.7,18.8,16599
CADILAHC,20191119,242,246.95,239.25,243.7,1756950
CALSOFT,20191119,17,17.55,16.65,17.25,10867
CAMLINFINE,20191119,62,62.5,60.2,60.65,51958
CANBK,20191119,210.9,223,209.4,221.15,16903143
CANFINHOME,20191119,383.25,409.85,382,393.9,874070
CANTABIL,20191119,227.95,231.1,225.85,230.2,20060
CAPACITE,20191119,200.6,209.25,197.25,206.95,32779
CAPLIPOINT,20191119,355,363.55,343.05,346.85,81411
CAPTRUST,20191119,82.6,86,82.6,86,86
CARBORUNIV,20191119,308,309,306,307.8,16147
CAREERP,20191119,121.85,123.9,117.65,118.55,14015
CARERATING,20191119,489.6,489.6,477.05,478.6,77183
CASTEXTECH,20191119,0.55,0.55,0.45,0.5,65429
CASTROLIND,20191119,145.25,154.9,145.25,153.55,4500339
CCHHL,20191119,3.5,3.5,3.3,3.4,12511
CCL,20191119,205.7,215,204.35,210.95,196782
CDSL,20191119,226.6,227,221.55,224.6,159405
CEATLTD,20191119,952.1,967,949.55,955.45,68916
CEBBCO,20191119,15.95,17.45,15.5,16.85,620426
CELEBRITY,20191119,6.9,7.15,6.7,6.75,28015
CELESTIAL,20191119,3.3,3.3,3.15,3.25,4346
CENTENKA,20191119,177,182.65,177,180.4,19017
CENTEXT,20191119,2.7,2.8,2.7,2.75,19499
CENTRALBK,20191119,20.5,23.85,20.5,22.75,4757253
CENTRUM,20191119,22.1,23.1,21.1,22.65,358763
CENTUM,20191119,380,396,378.5,388.7,2151
CENTURYPLY,20191119,170.8,176.5,170.8,172.25,161351
CENTURYTEX,20191119,446.15,450,436.65,443.55,1118280
CERA,20191119,2477,2477,2407.05,2423.85,3570
CEREBRAINT,20191119,24.75,25.45,23.6,25.1,1857315
CESC,20191119,763.05,772.8,742,753.4,512061
CESCVENT,20191119,306.8,308,302,304.1,11989
CGCL,20191119,202.6,203.4,198,200.6,369816
CGPOWER,20191119,15.05,15.05,14.3,14.5,872586
CHALET,20191119,343.1,369,343.1,361.75,11411
CHAMBLFERT,20191119,158,159.45,155.2,158.3,295988
CHEMFAB,20191119,166.2,169.95,162.1,163.2,2465
CHENNPETRO,20191119,139.7,140.3,137.1,137.85,134444
CHOLAFIN,20191119,328.5,333.5,321.5,325.4,1530490
CHOLAHLDNG,20191119,479.85,499.95,472.85,492,264929
CHROMATIC,20191119,0.45,0.45,0.4,0.45,14850
CIGNITITEC,20191119,324.75,339.5,322,335.05,70036
CIMMCO,20191119,21.05,22.25,21,21.75,30766
CINELINE,20191119,32.05,32.9,31.25,31.85,5508
CINEVISTA,20191119,9,9.8,8.9,9,22546
CIPLA,20191119,461.2,477.5,459.55,472.1,5080106
CKFSL,20191119,0.6,0.6,0.5,0.6,433730
CLEDUCATE,20191119,75.7,80,71.15,74.2,13889
CLNINDIA,20191119,317.45,339.4,313.95,329.45,262032
CMICABLES,20191119,56.65,56.65,56.65,56.65,4785
CNOVAPETRO,20191119,8.1,8.35,8.05,8.05,512
COALINDIA,20191119,200.95,201.3,198.25,199.6,3836452
COCHINSHIP,20191119,407,416.85,404.25,410.6,175130
COFFEEDAY,20191119,50.3,50.3,50.3,50.3,344981
COLPAL,20191119,1558.25,1564.1,1530.5,1535.35,545676
COMPINFO,20191119,9.8,10.4,9.25,9.3,208879
COMPUSOFT,20191119,7.5,8.2,7.5,8,45660
CONCOR,20191119,570.9,572.55,564.55,568.15,1313981
CONFIPET,20191119,26.9,27.2,26.35,26.85,201375
CONSOFINVT,20191119,38.95,39.05,38.5,38.5,5182
CONTROLPR,20191119,231.9,237.95,222.1,223.65,10350
CORALFINAC,20191119,10.55,11.3,10.55,10.7,3778
CORDSCABLE,20191119,42.65,43.85,42.05,42.65,5214
COROMANDEL,20191119,472,477.45,471.3,475.3,43968
CORPBANK,20191119,23.15,26.45,23.15,26.45,11674234
COSMOFILMS,20191119,233.95,234,222.75,224.8,22253
COUNCODOS,20191119,1.65,1.75,1.65,1.65,14383
COX&KINGS,20191119,1.45,1.55,1.45,1.55,2392192
CPSEETF,20191119,23.84,23.86,23.61,23.76,1723015
CREATIVE,20191119,73,73,70.05,70.25,23202
CREDITACC,20191119,798,837.8,793.55,809.25,358471
CREST,20191119,91.8,94.35,88.6,91.7,2264
CRISIL,20191119,1512,1527,1490.05,1513.95,13569
CROMPTON,20191119,265.15,268,264.2,265,972977
CTE,20191119,29,29,26.8,27.4,3480
CUB,20191119,215.75,216.6,214.5,215.25,661461
CUBEXTUB,20191119,12.7,12.75,11.75,11.75,722
CUMMINSIND,20191119,557.2,567,556.7,562.4,179194
CUPID,20191119,205.15,208,192.3,194.5,120589
CURATECH,20191119,1.75,1.75,1.75,1.75,100
CYBERMEDIA,20191119,3.15,3.45,3.15,3.45,981
CYBERTECH,20191119,50.4,50.4,48,49.9,24370
CYIENT,20191119,396,398.95,393,397.2,42069
DAAWAT,20191119,23.85,24,21.4,21.75,897987
DABUR,20191119,455.9,456.65,448.6,453.7,1811882
DALBHARAT,20191119,833,855,833,843.2,96909
DALMIASUG,20191119,87.4,89.8,86.55,88.4,121963
DAMODARIND,20191119,26,26,25.3,26,6
DATAMATICS,20191119,73.8,73.8,72.4,73.35,9370
DBCORP,20191119,142.15,144.85,141,143.25,12340
DBL,20191119,405.5,422.85,403,415.7,438283
DBREALTY,20191119,7.85,7.95,7.7,7.95,588618
DBSTOCKBRO,20191119,9,9.9,9,9.6,3002
DCAL,20191119,121.9,128,121,124.5,2268115
DCBBANK,20191119,182,182,177.8,178.35,404974
DCM,20191119,20.9,20.9,19.6,20.65,1758
DCMNVL,20191119,28.7,31.4,28.7,29,1374
DCMSHRIRAM,20191119,326,331.4,317.25,320.3,65195
DCW,20191119,14.15,14.3,13.85,13.9,200037
DECCANCE,20191119,319,348.5,318.2,319.5,14256
DEEPAKFERT,20191119,104.5,104.7,97.65,99.5,329637
DEEPAKNTR,20191119,358.85,359.8,353.55,355.35,134438
DEEPIND,20191119,101.5,105.4,101.05,103.1,24317
DELTACORP,20191119,200,209,195.15,197.4,5611570
DELTAMAGNT,20191119,39,39,36,38,578
DEN,20191119,37.6,39.85,36.55,38,117467
DENORA,20191119,222,230,217.5,219.2,4820
DFMFOODS,20191119,246.05,246.1,245.1,245.2,14421
DGCONTENT,20191119,3.5,3.7,3.5,3.5,611707
DHAMPURSUG,20191119,175.2,186.4,175.1,184.3,1181809
DHANBANK,20191119,15,15.4,14.6,15.25,618934
DHANUKA,20191119,330.2,331.15,320.05,324.1,19995
DHARSUGAR,20191119,7.6,8.3,7.6,8.2,2346
DHFL,20191119,20.95,20.95,20.95,20.95,243850
DHUNINV,20191119,224.2,224.2,213.55,217.9,634
DIAMONDYD,20191119,900,915.55,895.25,914.9,2497
DICIND,20191119,320.2,334.9,316.35,326.65,1324
DIGISPICE,20191119,6.35,6.65,6.05,6.45,1089
DISHTV,20191119,14.7,15.2,14.25,15,51255315
DIVISLAB,20191119,1738,1746.5,1717.45,1732.7,385992
DIXON,20191119,3359.8,3381.9,3176.5,3232.45,55600
DLF,20191119,217.3,217.75,212.05,214.95,9625573
DLINKINDIA,20191119,90.5,94.5,89,89.45,54056
DMART,20191119,1835,1864.95,1806,1841.65,635870
DNAMEDIA,20191119,0.4,0.45,0.35,0.45,55994
DOLAT,20191119,67.25,71.5,66.4,70.2,157607
DOLLAR,20191119,157.05,159.9,155,156.7,9852
DONEAR,20191119,29.1,30.45,28.2,28.95,9891
DPSCLTD,20191119,9,9.15,8.6,8.7,9172
DQE,20191119,2.35,2.4,2.35,2.4,1978
DREDGECORP,20191119,320,329.4,320,326.5,137875
DRREDDY,20191119,2741,2760.45,2724.5,2743,476925
DSSL,20191119,28.4,28.4,25.55,27.35,49813
DTIL,20191119,178.5,181,171.1,175.3,4887
DUCON,20191119,5.1,5.6,5.1,5.6,127276
DVL,20191119,71.95,73.3,69.15,69.4,16245
DWARKESH,20191119,25,25.7,24.65,24.95,377147
DYNAMATECH,20191119,1102.6,1132.95,1100,1104.15,1577
DYNPRO,20191119,149.7,155,145,148.25,45185
EASTSILK,20191119,0.65,0.75,0.65,0.75,8563
ECLERX,20191119,435,444,428,433.95,8946
EDELWEISS,20191119,128.95,128.95,122.55,122.8,1486035
EICHERMOT,20191119,21600,21799.95,21424.2,21747.35,90606
EIDPARRY,20191119,197,199.4,192.6,193.6,264342
EIHAHOTELS,20191119,299.8,306,281.35,302.4,7669
EIHOTEL,20191119,151.15,151.85,147.65,149.7,93424
EIMCOELECO,20191119,294,306,294,299.4,253
EKC,20191119,22.9,23.9,22.4,23.1,36205
ELECON,20191119,34.4,35,33.15,33.4,33626
ELECTCAST,20191119,12.5,12.65,11.55,11.75,440554
ELECTHERM,20191119,138.1,142.35,138.1,138.15,3287
ELGIEQUIP,20191119,260.5,262.05,255.95,257.3,4981
ELGIRUBCO,20191119,19,19,16.55,17.4,2811
EMAMILTD,20191119,317,318,312.75,313.9,129237
EMAMIPAP,20191119,72,72.95,69.5,70.95,849
EMAMIREAL,20191119,44,46.05,44,44.65,13550
EMCO,20191119,0.65,0.7,0.65,0.7,12424
EMKAY,20191119,67.15,69.95,67,67.65,3157
EMMBI,20191119,102.9,102.9,98,99.6,6438
ENDURANCE,20191119,1049.75,1110,1042,1095.85,29273
ENERGYDEV,20191119,4.9,5.3,4.9,5.15,10044
ENGINERSIN,20191119,102.85,104.95,102.6,104.35,1799214
ENIL,20191119,236.25,242,230.05,233.4,4877
EON,20191119,16,16.1,15.35,15.4,7747
EQUITAS,20191119,89.15,90.95,88.2,88.7,2720080
ERIS,20191119,413,427.75,412.5,422.55,192413
EROSMEDIA,20191119,15,15.4,14.6,14.85,76820
ESABINDIA,20191119,1196,1250,1196,1245.85,3378
ESCORTS,20191119,659.65,669.9,655,662.45,1478836
ESSARSHPNG,20191119,7.35,7.75,7.35,7.4,3991
ESSELPACK,20191119,134.1,149.15,134.1,147.5,1438606
ESTER,20191119,33.6,34.5,32.2,33.05,38806
EUROMULTI,20191119,0.4,0.4,0.35,0.4,10904
EUROTEXIND,20191119,11.6,11.6,11.6,11.6,18
EVEREADY,20191119,52,53.05,51.6,52,64398
EVERESTIND,20191119,264.8,272.9,263.95,270.55,11165
EXCEL,20191119,0.95,1,0.95,1,62650
EXCELINDUS,20191119,850.6,861.9,845,848.1,5797
EXIDEIND,20191119,192,192.95,189.1,190.05,1594984
EXPLEOSOL,20191119,276.95,276.95,271,271.15,8668
FACT,20191119,40.3,40.35,39.5,39.7,56013
FAIRCHEM,20191119,484,494.9,475.05,489.95,13974
FCL,20191119,28.5,29.5,27.75,28.1,107270
FCONSUMER,20191119,22.9,23.5,22.8,23,755536
FCSSOFT,20191119,0.2,0.25,0.2,0.2,580146
FDC,20191119,194.4,204.6,192,198.5,560923
FEDERALBNK,20191119,86.9,88.75,86.1,87.85,9710235
FEL,20191119,22.6,23,22.35,22.5,78835
FELDVR,20191119,21.65,22.45,21.5,21.5,1759
FIEMIND,20191119,373.3,397.45,373.15,386.95,19807
FILATEX,20191119,37.6,37.85,36.5,36.75,82083
FINCABLES,20191119,356.1,361.95,352.7,360.75,22621
FINEORG,20191119,2042.95,2095.05,1995.8,2018.1,17483
FINPIPE,20191119,577.95,577.95,564.3,566.1,17560
FLEXITUFF,20191119,3.3,3.45,3.2,3.2,35910
FLFL,20191119,395.9,411.8,391.95,404.95,718364
FLUOROCHEM,20191119,512,548.45,512,524.25,40428
FMGOETZE,20191119,583.55,587.9,582.2,582.5,3804
FMNL,20191119,29.55,30.5,28.9,29.5,3773
FORCEMOT,20191119,1029,1048,1017.2,1022.15,27480
FORTIS,20191119,142.9,144.45,141.55,144.05,1790374
FOSECOIND,20191119,1320,1339.05,1320,1325.1,353
FRETAIL,20191119,333.5,335,323.35,327.7,284958
FSC,20191119,498,503.05,495,495.2,1574
FSL,20191119,40.7,41.4,40.3,40.75,992822
GABRIEL,20191119,130.4,134,123.5,124.75,514170
GAEL,20191119,143,153,142.5,146.2,119378
GAIL,20191119,124.7,125.8,123.15,125.1,7848669
GAL,20191119,1.85,1.9,1.8,1.8,20827
GALAXYSURF,20191119,1565,1589.9,1538,1556.95,12925
GALLANTT,20191119,26,27.4,25.5,26.55,8566
GALLISPAT,20191119,22,22,19.4,20.1,10494
GAMMNINFRA,20191119,0.3,0.3,0.25,0.3,820164
GANDHITUBE,20191119,292,293.9,287.9,287.95,762
GANECOS,20191119,248.8,254,246.1,252.2,1621
GANESHHOUC,20191119,32.5,33.8,29.6,30.15,37071
GANGESSECU,20191119,37.1,44,37.1,40.1,582
GARDENSILK,20191119,10.65,10.9,10.2,10.3,12303
GARFIBRES,20191119,1160,1178,1145,1159.7,2131
GATI,20191119,56.9,58.3,56.6,56.95,241051
GAYAHWS,20191119,0.25,0.3,0.25,0.25,136314
GAYAPROJ,20191119,85,90.45,85,87.15,1397313
GDL,20191119,88.45,91.5,86.9,87.9,254718
GEECEE,20191119,81.55,82.7,81.5,81.6,1148
GENESYS,20191119,71.15,71.9,68.95,69.7,5990
GENUSPAPER,20191119,5.05,5.1,5,5,62628
GENUSPOWER,20191119,25.1,25.25,23.45,24.15,108430
GEOJITFSL,20191119,29.45,31.7,29,30.35,208314
GEPIL,20191119,701.15,705,690,700,14660
GESHIP,20191119,299.85,299.9,293.2,296.15,48608
GET&D,20191119,173,177.6,168.8,174.25,20086
GFLLIMITED,20191119,73,74,68.45,69.1,106420
GHCL,20191119,207.8,208,204.8,207.05,40125
GICHSGFIN,20191119,146.15,155.5,145.4,152.85,275191
GICRE,20191119,246.9,262,236,256.2,995190
GILLANDERS,20191119,31.5,31.75,28.35,30.45,1496
GILLETTE,20191119,7020,7148,7004.05,7102.65,3172
GINNIFILA,20191119,8.15,8.7,8.15,8.5,9791
GIPCL,20191119,67.4,68.3,66.6,67.8,44571
GKWLIMITED,20191119,747,747,730.1,733.1,21
GLAXO,20191119,1635,1670.3,1626.1,1639.85,58324
GLENMARK,20191119,374,374,347.05,350.5,21121761
GLFL,20191119,0.95,0.95,0.9,0.9,105
GLOBALVECT,20191119,49.6,49.65,46.3,47.8,3097
GLOBOFFS,20191119,6.05,6.3,5.95,6,2390
GLOBUSSPR,20191119,136.5,144,134.7,135.9,81541
GMBREW,20191119,402,406.55,398,401.05,24460
GMDCLTD,20191119,59.15,59.9,58.65,59,79549
GMMPFAUDLR,20191119,1747,1750,1660,1688.65,17553
GMRINFRA,20191119,21.3,21.35,20.55,20.7,19423830
GNA,20191119,269.35,275.7,268.5,273.5,43165
GNFC,20191119,193.95,195.4,191,194.3,154033
GOACARBON,20191119,213,215,208.05,209.45,7686
GOCLCORP,20191119,283.15,285.3,278.1,281.95,1684
GODFRYPHLP,20191119,1170,1245,1167.9,1224.75,238071
GODREJAGRO,20191119,475.9,475.9,468.05,472.05,25556
GODREJCP,20191119,718,721.45,700.05,703.3,338202
GODREJIND,20191119,441,447.8,434.3,444.55,90474
GODREJPROP,20191119,890.8,897.5,876,882.55,176417
GOKEX,20191119,75.25,75.9,72.95,73.55,115129
GOKUL,20191119,13,13.2,12.2,12.6,961
GOKULAGRO,20191119,13,13.4,12.65,13.1,4082
GOLDBEES,20191119,3361,3394.95,3360.95,3370.85,11396
GOLDENTOBC,20191119,35.45,37.3,33.85,34.8,2650
GOLDIAM,20191119,133.05,134,130,133.45,53433
GOLDSHARE,20191119,3375.05,3399.5,3375.05,3382.3,928
GOLDTECH,20191119,8.8,9.85,8.8,9.25,10269
GOODLUCK,20191119,46.55,47.8,46.55,47,9464
GPIL,20191119,149.5,150,141.6,143.65,22324
GPPL,20191119,85.25,86.8,84.15,85.9,67964
GPTINFRA,20191119,43.45,43.6,40.55,41.4,882
GRANULES,20191119,128.6,129.7,126.6,128.55,1233934
GRAPHITE,20191119,297.1,304,297.1,301.95,1015459
GRASIM,20191119,775,793.5,772,786.15,3857258
GRAVITA,20191119,42.95,42.95,40.9,41.05,51701
GREAVESCOT,20191119,137.4,142.8,136.3,138.55,310824
GREENLAM,20191119,994.95,994.95,951.5,959.85,2880
GREENPANEL,20191119,46.15,49.3,45.65,48.3,222630
GREENPLY,20191119,160.9,161.9,159.15,159.95,28562
GREENPOWER,20191119,1.85,1.85,1.85,1.85,86091
GRINDWELL,20191119,599.85,602,594.05,598.8,6009
GROBTEA,20191119,311.65,311.65,291.55,292.75,109
GRPLTD,20191119,790,800,750.6,776.2,310
GRSE,20191119,237.95,238.9,230.8,232.75,190171
GSCLCEMENT,20191119,20.65,20.85,19.15,19.65,81351
GSFC,20191119,70.45,71,70.05,70.5,191710
GSKCONS,20191119,8788.05,8805,8711,8733.3,33704
GSPL,20191119,220,221.3,218,219.9,256875
GSS,20191119,34.75,35.1,33.1,33.55,7676
GTL,20191119,1.4,1.4,1.35,1.4,46540
GTLINFRA,20191119,0.4,0.45,0.35,0.45,2872468
GTNIND,20191119,6.1,6.7,5.8,5.95,6273
GTNTEX,20191119,6.45,6.45,6.45,6.45,722
GTPL,20191119,65.35,67,65.35,65.9,26394
GUFICBIO,20191119,69,69,67.5,67.55,16630
GUJALKALI,20191119,411.6,416.4,405.7,408.05,19476
GUJAPOLLO,20191119,131.2,142.9,130.2,131.65,10337
GUJGASLTD,20191119,194.5,197.15,193,194.4,358622
GULFOILLUB,20191119,866.9,867,859,860,2771
GULFPETRO,20191119,39.35,39.8,37.25,38.15,22360
GULPOLY,20191119,40.95,40.95,37.25,37.75,15447
GVKPIL,20191119,4.45,4.55,4.3,4.45,1055677
HAL,20191119,805,805,781,783.5,11590
HARITASEAT,20191119,430,435,423.2,424,3793
HARRMALAYA,20191119,47.65,48.5,47.1,47.9,27608
HATHWAY,20191119,20.45,20.5,19.8,20.3,151360
HATSUN,20191119,584,597.9,580.7,593.55,8069
HAVELLS,20191119,670.8,673.7,661.8,665.75,717667
HAVISHA,20191119,0.65,0.65,0.65,0.65,154
HBLPOWER,20191119,16.65,16.65,15.5,15.8,228760
HCC,20191119,8.5,8.65,8.3,8.35,1831099
HCG,20191119,114.9,116,112.55,115,147721
HCL-INSYS,20191119,9.5,10.6,9.4,10.6,4116886
HCLTECH,20191119,1139,1143.5,1128.65,1134.65,1182510
HDFC,20191119,2235.6,2238.75,2202.2,2212.1,2916866
HDFCAMC,20191119,3464,3604,3461,3584,827673
HDFCBANK,20191119,1265.3,1275,1261.1,1271.9,5285289
HDFCLIFE,20191119,571,577.5,565.6,570.7,3791275
HDFCMFGETF,20191119,3477,3477,3446.65,3449,1070
HDFCNIFETF,20191119,1253,1255.12,1245.66,1253,1264
HDFCSENETF,20191119,4260.52,4286,4250,4284.8,69
HDIL,20191119,2.5,2.5,2.4,2.5,2774235
HEG,20191119,1009,1027.5,1006.55,1011.55,288547
HEIDELBERG,20191119,188,191.9,187,191.3,156469
HERCULES,20191119,92.05,92.9,91.6,92.15,6186
HERITGFOOD,20191119,323.05,323.9,315.6,319.95,23536
HEROMOTOCO,20191119,2520,2520,2463.1,2468.95,1011599
HESTERBIO,20191119,1606.05,1609.2,1578.85,1582.2,1965
HEXATRADEX,20191119,11,11,10.45,10.7,5119
HEXAWARE,20191119,337,342,334.3,339.2,553397
HFCL,20191119,17.1,17.5,17.05,17.15,1321067
HGINFRA,20191119,247.95,266.15,247.9,261.25,130869
HGS,20191119,619.9,620.9,610,610,1623
HIKAL,20191119,113.75,113.75,110.5,111.25,104156
HIL,20191119,1259,1281,1233,1243.55,20395
HILTON,20191119,18,18.75,17.1,17.1,31206
HIMATSEIDE,20191119,129.4,130.55,127.7,128.4,62080
HINDALCO,20191119,193.6,194,190.65,192.35,3476640
HINDCOMPOS,20191119,170,175.7,167,169,625
HINDCOPPER,20191119,37.7,40.2,36.9,39.2,1207900
HINDMOTORS,20191119,5.75,5.75,5.6,5.65,57427
HINDNATGLS,20191119,29.5,30.95,28.05,30.9,1029
HINDOILEXP,20191119,93.7,94.95,93.05,93.9,110815
HINDPETRO,20191119,291.4,292.85,288.15,290.2,2036661
HINDSYNTEX,20191119,2.7,2.7,2.7,2.7,212
HINDUNILVR,20191119,2060.05,2060.05,2030,2037.75,1413218
HINDZINC,20191119,211,216.5,208.75,215.7,936387
HIRECT,20191119,231.75,237,222.3,228.7,68804
HISARMETAL,20191119,52.1,54.7,47.5,48.1,11718
HITECH,20191119,145,145,135,138.8,3400
HITECHCORP,20191119,92,92,89,91.35,1900
HITECHGEAR,20191119,180.05,180.05,175.5,178.55,3028
HMVL,20191119,75.95,76.9,74.35,75.95,4659
HNDFDS,20191119,649.8,649.8,625,628.2,2295
HNGSNGBEES,20191119,3449,3449,3255.03,3300,11
HONAUT,20191119,26990,27132,26880,26953.4,401
HONDAPOWER,20191119,1314,1335,1265.25,1325.85,9615
HOTELEELA,20191119,7.55,7.6,7.45,7.55,79380
HOVS,20191119,49.45,49.45,46.65,46.85,9306
HPL,20191119,42.05,44.45,42.05,42.8,26951
HSCL,20191119,64,64.5,62.5,62.65,286408
HSIL,20191119,47.95,48.1,47.25,47.75,65690
HTMEDIA,20191119,16.15,16.2,15.6,16,147441
HUBTOWN,20191119,12.85,13.2,11.9,12.5,242797
HUDCO,20191119,42.65,43.05,42.1,42.35,1179124
IBMFNIFTY,20191119,116.5,121,116.5,119.7,748
IBREALEST,20191119,69.3,72.1,66.7,69.3,2308808
IBULHSGFIN,20191119,210.2,218,210.05,212.7,28626369
IBULISL,20191119,69.85,69.85,69.85,69.85,19327
IBVENTURES,20191119,144.9,147.45,141.7,144.95,336249
ICICI500,20191119,156,157.68,153.4,157.22,104675
ICICIB22,20191119,34.71,35.2,34.71,35.09,309887
ICICIBANK,20191119,497.95,502,489.85,493.5,27939336
ICICIBANKN,20191119,302,314,302,312.69,4500
ICICIBANKP,20191119,171.5,173.25,170.52,172.96,8968
ICICIGI,20191119,1355.55,1359.3,1335.1,1340.25,391226
ICICIGOLD,20191119,34,34.85,33.3,34.5,41105
ICICILIQ,20191119,999.95,1000,999.95,999.99,17710
ICICILOVOL,20191119,94.5,94.5,89,91.56,1693
ICICIMCAP,20191119,68,68,64.9,65.01,18799
ICICINF100,20191119,128.7,129.43,128.42,128.87,1123
ICICINIFTY,20191119,124.1,126.48,124.1,125.71,56435
ICICINV20,20191119,58.4,58.4,56.65,57.08,3434
ICICINXT50,20191119,27.9,28.75,27.9,28.37,23149
ICICIPRULI,20191119,520.7,522.15,503.3,505.1,3448412
ICICISENSX,20191119,435,439,428.17,429.95,387
ICIL,20191119,51,51.6,49,49.2,119553
ICRA,20191119,2680,2770,2660,2702.6,5245
IDBI,20191119,32.9,35.2,32.5,33.85,8027626
IDBIGOLD,20191119,3472,3560,3472,3558.05,2335
IDEA,20191119,4.85,6.4,4.85,6.05,1030107961
IDFC,20191119,34.65,35.2,34.3,34.4,993395
IDFCFIRSTB,20191119,42.75,43.05,42.4,42.8,9460952
IDFNIFTYET,20191119,118,118,117.7,117.7,140
IEX,20191119,143.3,144.1,142.65,143.35,581239
IFBAGRO,20191119,417.9,417.9,395.65,403.9,3523
IFBIND,20191119,718,718,679.6,683.15,13102
IFCI,20191119,7.15,7.95,7.1,7.65,6142010
IFGLEXPOR,20191119,146,146,143.7,144,610
IGARASHI,20191119,244,246,236.15,243.35,38726
IGL,20191119,417,420.85,415.2,417.9,1143712
IGPL,20191119,145,147,143,144.1,7997
IIFL,20191119,154,158.25,148,156.75,296563
IIFLSEC,20191119,25.2,25.55,24.15,24.2,195335
IIFLWAM,20191119,1217.85,1244,1217.85,1227.8,5774
IITL,20191119,63.05,63.05,63.05,63.05,10
IMFA,20191119,201.1,203.75,196.2,198.35,9086
IMPAL,20191119,596,609,595,600.3,3742
IMPEXFERRO,20191119,0.3,0.3,0.25,0.3,1451
INDBANK,20191119,6.9,7.6,6.7,7,144652
INDHOTEL,20191119,155,155.1,150.7,153.3,1377273
INDIACEM,20191119,79.75,81.4,79.5,79.7,918784
INDIAGLYCO,20191119,223,226.6,222.4,223.3,37673
INDIAMART,20191119,1925,2025,1925,2018.65,91626
INDIANB,20191119,119.55,128,117,123.95,5551346
INDIANCARD,20191119,107,112,106.55,110.9,153
INDIANHUME,20191119,220,223,209.1,211,40642
INDIGO,20191119,1460,1468,1422.2,1425.75,1131505
INDLMETER,20191119,20.8,22.85,20.75,22.2,5051
INDNIPPON,20191119,322.5,332.95,322.5,325.2,1331
INDOCO,20191119,146.6,148.35,143.05,143.6,14472
INDORAMA,20191119,25.7,25.7,24.75,25.65,7688
INDOSTAR,20191119,183.95,190.1,181,185.7,40122
INDOTECH,20191119,113,132,110.1,119.15,86695
INDOTHAI,20191119,22.35,24.1,21.7,21.8,3467
INDOWIND,20191119,3,3.05,2.9,2.95,18876
INDRAMEDCO,20191119,46.3,46.5,44.45,44.7,242768
INDSWFTLAB,20191119,29.5,29.5,27.1,28.1,29591
INDSWFTLTD,20191119,3.55,3.8,3.55,3.65,20879
INDTERRAIN,20191119,69,70.4,67.6,67.85,19777
INDUSINDBK,20191119,1382,1409,1374.55,1392.75,4880427
INEOSSTYRO,20191119,671.5,678.5,670,674.05,4535
INFIBEAM,20191119,43.9,45.45,43.9,44.6,1128846
INFOBEAN,20191119,65.5,69.8,65.5,67.55,5878
INFRABEES,20191119,336,339.02,336,339,1135
INFRATEL,20191119,227.95,259.85,227.7,250.55,25783702
INFY,20191119,709.9,714,705,712.85,6495885
INGERRAND,20191119,630,633.8,619,621.3,16314
INOXLEISUR,20191119,359.05,368.05,358.15,359.25,98424
INOXWIND,20191119,33.25,33.25,32.7,32.8,21609
INSECTICID,20191119,535,542.4,528.05,531.5,5617
INSPIRISYS,20191119,39.65,40,37.95,39.6,6792
INTEGRA,20191119,0.25,0.25,0.2,0.25,765
INTELLECT,20191119,144.45,153,143.15,148.35,417657
INTENTECH,20191119,29.75,29.8,28.8,28.9,283
INVENTURE,20191119,13,13.2,12.85,12.9,22679
IOB,20191119,9.95,11.5,9.9,10.85,4143641
IOC,20191119,132.4,133.6,131.75,133,5956180
IOLCP,20191119,180,187.45,179.2,182.85,276479
IPAPPM,20191119,304.9,307.15,291.55,294,10497
IPCALAB,20191119,1166.9,1188.3,1132.2,1145.5,212818
IRB,20191119,70.95,72,70.4,71.4,391338
IRCON,20191119,404.15,422.8,404.15,416.8,297970
IRCTC,20191119,922.75,924,900,902.55,1104593
ISEC,20191119,305,312,302.1,306.85,79119
ISFT,20191119,75.15,75.15,74.95,74.95,479
ISMTLTD,20191119,4,4.7,3.9,4.45,85237
ITC,20191119,251.75,251.8,248.8,249.3,12152981
ITDC,20191119,353.75,386.9,346.2,378.75,487565
ITDCEM,20191119,56,57.55,54.1,57.55,207588
ITI,20191119,87.5,88.15,86,87.2,442258
IVC,20191119,3.7,3.75,3.55,3.7,142266
IVP,20191119,60.2,60.2,57.2,57.95,1083
IVZINGOLD,20191119,3452,3452,3445,3450,16
IZMO,20191119,29.55,29.55,28.1,28.1,22408
J&KBANK,20191119,31.6,34.7,31.05,33.65,2380660
JAGRAN,20191119,48.7,49.4,46.2,46.35,2527510
JAGSNPHARM,20191119,26.5,26.75,25.6,25.8,11342
JAIBALAJI,20191119,20,21.25,19.5,20.25,5864
JAICORPLTD,20191119,96.85,98.2,95.15,96.15,1492262
JAINSTUDIO,20191119,1.8,1.85,1.8,1.8,5226
JAMNAAUTO,20191119,45,45.4,44.25,44.65,476743
JASH,20191119,126.5,130,113.3,118.5,5133
JAYAGROGN,20191119,130,135,127.1,127.8,4458
JAYBARMARU,20191119,226.9,231.55,222.1,223.55,292854
JAYNECOIND,20191119,3.4,3.6,3.35,3.35,44532
JAYSREETEA,20191119,46.7,47.25,45.85,46.6,35916
JBCHEPHARM,20191119,397.9,398.75,393.9,396.35,86640
JBFIND,20191119,7.05,7.05,6.55,6.7,59112
JBMA,20191119,226.1,229.7,226,226.7,23650
JCHAC,20191119,2014.05,2073.55,1964.2,2027.2,4847
JHS,20191119,15.55,16.1,15.15,15.25,29695
JIKIND,20191119,0.4,0.4,0.3,0.4,34863
JINDALPHOT,20191119,12.55,13.65,12.55,12.9,641
JINDALPOLY,20191119,231,237.5,230.95,235,10046
JINDALSAW,20191119,80.3,82.4,80.2,81.25,393783
JINDALSTEL,20191119,145.4,146,138.3,139.1,16029300
JINDCOT,20191119,1.75,1.75,1.75,1.75,2263
JINDRILL,20191119,77.2,77.2,74.1,74.95,9689
JINDWORLD,20191119,62.35,64.95,59.85,61.65,158320
JISLDVREQS,20191119,9.5,9.95,9.1,9.15,41334
JISLJALEQS,20191119,11.45,12.35,11.45,11.45,4387487
JITFINFRA,20191119,6,6.5,6,6.2,18645
JIYAECO,20191119,34.5,34.5,30.55,31.6,158856
JKCEMENT,20191119,1169,1177,1164.65,1175.4,25933
JKIL,20191119,159.85,161.75,156.65,160.1,302859
JKLAKSHMI,20191119,293.1,295.95,282,283.8,206686
JKPAPER,20191119,114.35,115.3,113.2,113.5,380267
JKTYRE,20191119,68.95,69.3,67,67.25,618199
JMA,20191119,23.6,24.5,22.95,23,2262
JMCPROJECT,20191119,106.25,107.65,102.25,103.1,166947
JMFINANCIL,20191119,94.85,94.85,92.6,93.5,242465
JMTAUTOLTD,20191119,1.35,1.4,1.3,1.4,79860
JOCIL,20191119,104.95,107,101.45,102.75,2196
JPASSOCIAT,20191119,2.15,2.15,2.1,2.15,2348577
JPINFRATEC,20191119,1.25,1.3,1.2,1.25,2335041
JPOLYINVST,20191119,11,11,10.8,10.8,4454
JPPOWER,20191119,1.1,1.15,1.05,1.1,1049166
JSL,20191119,37.1,39.2,37.1,38.15,675092
JSLHISAR,20191119,71.3,73.75,70.65,71,151691
JSWENERGY,20191119,70,72.5,70,71.85,277187
JSWHL,20191119,2335,2365,2231.05,2259.85,4188
JSWSTEEL,20191119,249.4,250.85,246.6,247.9,4461546
JTEKTINDIA,20191119,87.55,88,84.1,84.7,43829
JUBILANT,20191119,492,503.95,490,498.4,178772
JUBLFOOD,20191119,1590,1606,1575.2,1592.25,527920
JUBLINDS,20191119,105,108.25,103.45,104.2,16816
JUMPNET,20191119,74.15,75.5,73.1,74.5,932087
JUNIORBEES,20191119,292,294.5,290.55,291.5,123696
JUSTDIAL,20191119,531,567.2,529.1,560.15,7226419
JYOTHYLAB,20191119,183.35,185,178.1,178.85,208869
KABRAEXTRU,20191119,65.8,66.9,62.6,66.1,6014
KAJARIACER,20191119,512.05,524.4,512.05,521.7,151396
KAKATCEM,20191119,155,155.9,153,153.65,2232
KALPATPOWR,20191119,450,451.2,438.4,440.15,80008
KALYANIFRG,20191119,160.9,162.95,157.05,158.45,770
KAMATHOTEL,20191119,35.35,36.5,35.05,35.35,21375
KAMDHENU,20191119,103.05,106,98.3,102.55,5760
KANANIIND,20191119,3.15,3.15,2.85,3,4830
KANORICHEM,20191119,39.75,40,38.7,39.45,13536
KANSAINER,20191119,541,551.5,540.05,548.7,48936
KARDA,20191119,152,155,150.9,151.05,20295
KARMAENG,20191119,11.7,11.7,10.65,11.3,14458
KARURVYSYA,20191119,57.2,57.55,56.2,56.65,475542
KAUSHALYA,20191119,0.45,0.5,0.45,0.5,2850
KAVVERITEL,20191119,2.35,2.45,2.35,2.4,3392
KAYA,20191119,373.75,380.5,368,370.5,3286
KCP,20191119,61.3,61.3,59,59.3,40928
KCPSUGIND,20191119,13.1,13.35,13,13.3,74074
KDDL,20191119,350,350,336.55,340.65,951
KEC,20191119,280.05,281.25,277,278.75,112461
KECL,20191119,11.9,11.9,10.8,11,29417
KEI,20191119,533.3,533.3,526,530.8,129187
KELLTONTEC,20191119,15.85,15.85,14.55,15.35,81803
KENNAMET,20191119,1024.4,1030.35,977.05,1014.45,14560
KERNEX,20191119,20.4,21.4,19.75,21.2,2535
KESARENT,20191119,27.4,29.6,27.05,29.15,5212
KESORAMIND,20191119,60,61.6,59.6,60.75,175770
KGL,20191119,0.35,0.35,0.3,0.35,419328
KHADIM,20191119,205,205.8,194.25,196.6,21108
KHAITANLTD,20191119,18.15,19.4,18.15,19.4,936
KHANDSE,20191119,12.9,14.2,12.9,14.2,1110
KICL,20191119,1555,1555,1529.6,1533,652
KILITCH,20191119,125.5,125.5,120,120.05,4306
KINGFA,20191119,626,634,613,614.85,4173
KIOCL,20191119,122,122,117.8,119.1,9959
KIRIINDUS,20191119,382.4,382.4,380,380.05,123808
KIRLFER,20191119,60.2,61.95,59,59.9,14665
KIRLOSBROS,20191119,143.75,144.8,136,137.15,30947
KIRLOSENG,20191119,163,164.1,160.6,162.2,12638
KIRLOSIND,20191119,630,644.9,628,632.15,286
KITEX,20191119,102.75,104.2,101.15,101.9,58205
KKCL,20191119,997,997,960,964.95,631
KMSUGAR,20191119,6.6,6.8,6.5,6.55,48978
KNRCON,20191119,248,248.4,234,236.05,78530
KOHINOOR,20191119,10.05,10.05,10.05,10.05,15779
KOKUYOCMLN,20191119,71,73.2,71,72,10059
KOLTEPATIL,20191119,243.9,243.9,235.1,236.5,29820
KOPRAN,20191119,30,30.3,29.3,30,22446
KOTAKBANK,20191119,1629.9,1631.1,1614.15,1623.8,1596482
KOTAKBKETF,20191119,319,320,316.7,319.29,50947
KOTAKGOLD,20191119,336.55,338.7,335.5,336.3,19782
KOTAKNIFTY,20191119,123.3,123.5,122.55,123.36,56442
KOTAKNV20,20191119,58.91,58.91,58.13,58.25,7684
KOTAKPSUBK,20191119,248.25,258.89,246.75,254.31,35528
KOTARISUG,20191119,10.25,10.6,10.2,10.25,3633
KOTHARIPET,20191119,16.5,16.7,15.65,15.85,15291
KOTHARIPRO,20191119,60,61.45,59.6,59.75,1730
KPITTECH,20191119,94.7,98.85,94.7,97.7,519976
KPRMILL,20191119,661.5,684,657,677.8,9474
KRBL,20191119,196.5,196.5,190,190.6,77876
KREBSBIO,20191119,90.4,92.9,87,87,489
KRIDHANINF,20191119,5.15,5.5,5.15,5.15,90111
KRISHANA,20191119,53,59.95,50,51,2435
KSB,20191119,697,710,690.6,693.1,3028
KSCL,20191119,537,547.95,531.05,544.3,106969
KSERASERA,20191119,0.1,0.1,0.05,0.05,1697721
KSK,20191119,0.55,0.65,0.55,0.6,764346
KSL,20191119,221.4,222.2,213.5,217.25,102050
KTIL,20191119,32.9,32.9,29.2,30.75,6040
KTKBANK,20191119,75,76.9,73.85,75.35,1327898
KUANTUM,20191119,476,476,432.4,470,329
KWALITY,20191119,3.15,3.15,3.15,3.15,138023
L&TFH,20191119,97.9,101.9,97.7,99.85,12689331
LAKSHVILAS,20191119,19.55,19.75,18.75,19.05,1843924
LALPATHLAB,20191119,1609,1698.5,1605.7,1648.3,229752
LAMBODHARA,20191119,34.4,34.4,32.5,32.6,6638
LAOPALA,20191119,143.5,145.4,140,140.7,28544
LASA,20191119,18,18.75,17.7,18.2,18365
LAURUSLABS,20191119,337,346.25,337,341.2,40191
LAXMIMACH,20191119,3389.5,3427.85,3152.25,3324,11958
LEMONTREE,20191119,58,61,58,58.4,6950980
LGBBROSLTD,20191119,270,278.7,267,275.6,5718
LGBFORGE,20191119,2.3,2.4,2.25,2.4,35022
LIBERTSHOE,20191119,128,130.8,126.5,127.25,98431
LICHSGFIN,20191119,422.6,430.9,418.5,422.2,2760600
LICNETFGSC,20191119,23.5,23.5,20.21,20.91,31632
LICNETFN50,20191119,122.3,123.99,121.15,122.1,19
LINCOLN,20191119,197.85,203.8,192.95,198,119260
LINCPEN,20191119,189,189,181,181.2,1534
LINDEINDIA,20191119,663.8,669.7,638,658.8,280301
LIQUIDBEES,20191119,999.86,1000.01,999.86,999.99,666752
LIQUIDETF,20191119,1000,1000.01,999.99,999.99,6683
LOKESHMACH,20191119,35.3,35.75,34.65,34.9,12248
LOTUSEYE,20191119,22.4,22.4,22,22,800
LOVABLE,20191119,63.6,64.5,63,63.25,2438
LPDC,20191119,1.8,1.8,1.75,1.75,787
LSIL,20191119,0.55,0.55,0.45,0.45,1476136
LT,20191119,1364.5,1378.2,1361.5,1365.75,2396206
LTI,20191119,1709.95,1719,1685.65,1693.35,66851
LTTS,20191119,1437.5,1437.5,1414.5,1419.05,198532
LUMAXIND,20191119,1240,1267.1,1235.9,1248.5,1031
LUMAXTECH,20191119,101,101,96.2,97.7,13705
LUPIN,20191119,746.8,754.85,740.7,747.7,888623
LUXIND,20191119,1298,1358.8,1294.95,1340.2,59491
LYKALABS,20191119,17.65,17.75,17.05,17.5,4317
LYPSAGEMS,20191119,3.85,4,3.85,3.95,7452
M&M,20191119,573.75,575,559.65,560.65,3208662
M&MFIN,20191119,326.85,335,324.6,327.85,1588033
M100,20191119,17.72,17.75,17.42,17.69,37567
M50,20191119,117.76,117.76,116.04,116.39,1623
MAANALU,20191119,61,61.25,60.05,60.35,2114
MADHAV,20191119,24,24.55,22.6,23,2598
MADHUCON,20191119,4.5,4.5,4.5,4.5,5003
MADRASFERT,20191119,19.8,20,19.5,19.7,82013
MAGADSUGAR,20191119,96.45,101.5,96.15,99.7,18427
MAGMA,20191119,40,41.65,38.05,39.05,401115
MAGNUM,20191119,4,4,3.7,3.9,6535
MAHABANK,20191119,11.55,13.2,11.3,12.55,3778918
MAHAPEXLTD,20191119,90.5,95.55,88,93.95,2127
MAHASTEEL,20191119,152.95,153,146.5,148.5,3329
MAHESHWARI,20191119,242.85,242.85,238.1,239.3,31241
MAHINDCIE,20191119,149.7,152.95,147.15,147.7,342812
MAHLIFE,20191119,394,397.95,390.1,392.2,28094
MAHLOG,20191119,395.1,398.75,391.3,393.1,10339
MAHSCOOTER,20191119,4810.55,4874.9,4772.3,4834.6,3706
MAHSEAMLES,20191119,381,384.9,377.6,384,78910
MAITHANALL,20191119,455,467,450,460.6,28014
MAJESCO,20191119,406,409.55,400,407.45,13437
MALUPAPER,20191119,21.15,21.95,21.15,21.95,9453
MAN50ETF,20191119,120.65,121,120.65,121,2239
MANAKALUCO,20191119,4.8,5.1,3.9,4.6,22779
MANAKCOAT,20191119,3.8,4.2,3.8,4,4548
MANAKSIA,20191119,40.9,40.9,39.55,39.85,75883
MANAKSTEEL,20191119,10.15,10.8,9.7,9.9,15124
MANALIPETC,20191119,17.35,17.35,16.75,16.9,107589
MANAPPURAM,20191119,163.4,169.8,162.2,168.9,5046304
MANGALAM,20191119,31.05,32.55,30.6,32,3824
MANGCHEFER,20191119,28.8,29.4,28,28.7,16044
MANGLMCEM,20191119,288.7,291.85,283.5,287.35,4529
MANGTIMBER,20191119,5.6,5.85,5.6,5.85,11916
MANINDS,20191119,41.3,42.9,41.3,42.55,14051
MANINFRA,20191119,22.7,23.3,22.5,22.75,25024
MANUGRAPH,20191119,13.95,13.95,12.95,13,1269
MARALOVER,20191119,15.6,15.75,15.5,15.5,14248
MARATHON,20191119,77.35,77.4,73.1,73.85,4335
MARICO,20191119,356.25,360.3,353.2,357.25,1446730
MARKSANS,20191119,15.4,15.5,15.05,15.15,665642
MARUTI,20191119,7146,7155,7032,7045.45,755114
MASFIN,20191119,692.1,725.5,692.1,724.05,5784
MASTEK,20191119,322,325,318.3,321.3,24230
MATRIMONY,20191119,478,484.9,468.05,471.35,4761
MAWANASUG,20191119,31,35.05,31,33.7,439717
MAXINDIA,20191119,75.4,79,74,77.95,263717
MAXVIL,20191119,37.45,37.95,36.5,36.6,54672
MAYURUNIQ,20191119,222.45,225.95,218.1,223.5,8901
MAZDA,20191119,377,389,365.8,386.3,15354
MBAPL,20191119,78.4,78.4,72,76.9,441
MBECL,20191119,4.8,4.8,4.4,4.8,10531
MBLINFRA,20191119,4.6,5,4.6,4.65,26925
MCDHOLDING,20191119,18.15,18.65,17.4,18.2,18803
MCDOWELL-N,20191119,612.75,617.35,607.15,609.65,851204
MCLEODRUSS,20191119,7.8,7.95,7.55,7.75,507468
MCX,20191119,1171,1217,1163.3,1174.3,753584
MEGASOFT,20191119,6.8,7.05,6.75,6.85,14191
MEGH,20191119,54,54.4,52.6,52.9,342121
MENONBE,20191119,58.75,58.75,55.55,56.1,7751
MEP,20191119,32.65,33.5,32.65,33.1,27084
MERCATOR,20191119,1.1,1.1,1.1,1.1,186730
METALFORGE,20191119,8.5,8.5,7.75,8.15,8823
METROPOLIS,20191119,1404,1440,1383.05,1407.45,49588
MFSL,20191119,487.6,494.8,479.25,488.1,1621918
MGL,20191119,1029,1058.5,1029,1044.8,1378938
MHRIL,20191119,223.8,226.95,222,223.3,17048
MIC,20191119,0.9,0.95,0.9,0.9,235862
MIDHANI,20191119,171.05,176,170.5,171.95,394554
MINDACORP,20191119,96.35,97.85,92.05,93.2,149415
MINDAIND,20191119,343.65,344.25,335,341.6,74748
MINDTECK,20191119,30.5,31.85,28.5,30.35,1276
MINDTREE,20191119,704,709.55,702.5,705.05,248365
MIRCELECTR,20191119,7.95,8.05,7.55,7.8,138415
MIRZAINT,20191119,56.35,56.95,55.9,56.1,71793
MMFL,20191119,394.75,394.75,377.1,381.95,1623
MMTC,20191119,18.1,18.75,18.05,18.45,1064559
MOHITIND,20191119,5.4,5.4,5.1,5.4,3155
MOHOTAIND,20191119,6.95,7.5,6.95,7.05,14733
MOIL,20191119,141.9,142.75,141.2,141.75,158411
MOLDTECH,20191119,50.9,50.95,48.3,48.85,8267
MOLDTKPAC,20191119,285.25,287.95,281.95,283.75,8054
MONTECARLO,20191119,253,257.5,251.25,252.75,8622
MORARJEE,20191119,13.65,14,12.5,13,2042
MOREPENLAB,20191119,16.4,16.4,15.95,16.05,268087
MOTHERSUMI,20191119,134.5,135.2,133.4,134.15,9098406
MOTILALOFS,20191119,743.85,745,730,737.05,185750
MOTOGENFIN,20191119,35.3,35.3,33.5,33.5,102
MPHASIS,20191119,925,925,908,914.25,107320
MPSLTD,20191119,501,501.1,485,485.65,5520
MRF,20191119,64440,64440.55,63420,63539.35,2672
MRO-TEK,20191119,28.2,28.9,26.55,28.85,6114
MRPL,20191119,47.75,48.25,47.45,47.8,166601
MSPL,20191119,5.55,5.55,5.3,5.55,4260
MSTCLTD,20191119,160.7,163.3,154.5,156.55,282832
MTEDUCARE,20191119,20.2,20.45,18.65,18.7,114743
MTNL,20191119,9.15,9.15,9.15,9.15,173259
MUKANDENGG,20191119,11.9,12,10.9,11.05,16222
MUKANDLTD,20191119,31.95,33.8,31,31.1,9598
MUKTAARTS,20191119,37.5,39.35,37.15,37.55,8899
MUNJALAU,20191119,48.5,49,46.55,46.8,336391
MUNJALSHOW,20191119,131.35,131.35,124.1,125.5,25020
MURUDCERA,20191119,16.9,17.45,16.7,16.9,58628
MUTHOOTCAP,20191119,449.95,463,449.95,454.5,10134
MUTHOOTFIN,20191119,715.75,727.6,698.4,708.2,2592903
MVL,20191119,0.05,0.15,0.05,0.1,2706937
N100,20191119,590,590,587.5,589.59,4356
NACLIND,20191119,25.9,26.95,25.55,26.35,48565
NAGAFERT,20191119,3.9,4.1,3.9,4.1,137941
NAGAROIL,20191119,0.35,0.4,0.35,0.35,720055
NAGREEKCAP,20191119,7.6,8,7.6,8,1834
NAGREEKEXP,20191119,14.55,15.2,14.15,14.65,2956
NAHARCAP,20191119,72.35,75.45,72.25,73.15,4882
NAHARINDUS,20191119,22.3,23.9,22.1,23.05,4673
NAHARPOLY,20191119,35.1,35.1,34.1,34.6,2308
NAHARSPING,20191119,43.45,44.7,43.45,43.85,5840
NATCOPHARM,20191119,557.6,561,547,549.4,74177
NATHBIOGEN,20191119,330.45,338.8,325,326.45,12639
NATIONALUM,20191119,42.5,42.55,41.85,42.05,3706351
NATNLSTEEL,20191119,2.2,2.3,2.1,2.25,2943
NAUKRI,20191119,2726.2,2726.2,2580,2638.95,474474
NAVINFLUOR,20191119,918,935.85,891.05,900.05,49096
NAVKARCORP,20191119,32.8,33.75,32.25,33.3,92251
NAVNETEDUL,20191119,99.95,100.95,99,99.8,33780
NBCC,20191119,38.1,38.25,36.8,36.95,15908782
NBIFIN,20191119,1399.55,1415,1399.55,1415,222
NBVENTURES,20191119,61.4,63.5,59.85,62.35,147925
NCC,20191119,56.95,57.75,56.35,57.05,10631442
NCLIND,20191119,83.25,83.25,78.8,79.25,288695
NDGL,20191119,541.05,541.05,541,541,2
NDL,20191119,29.95,30,28.85,28.95,10503
NDTV,20191119,30,30.9,29.05,29.95,11746
NECCLTD,20191119,5.5,5.5,5.15,5.15,23151
NECLIFE,20191119,13.05,13.3,12.85,12.95,64914
NELCAST,20191119,45.5,45.85,43.5,43.85,91969
NELCO,20191119,237.1,239.65,236,236.85,12866
NEOGEN,20191119,368,379.5,368,373.55,14079
NESCO,20191119,633,639,626.05,631.85,92178
NESTLEIND,20191119,14110,14211.9,14009.6,14117.1,44787
NETFCONSUM,20191119,53.09,54.25,51.5,53.5,1035
NETFDIVOPP,20191119,28.11,29.8,28.11,29.45,95
NETFLTGILT,20191119,20.18,20.22,20.17,20.17,1367
NETFMID150,20191119,62.26,62.46,61.92,62.09,280026
NETFNIF100,20191119,124.15,124.55,124.15,124.55,17
NETFNV20,20191119,582.75,582.75,577.62,582.24,49
NETWORK18,20191119,23.75,26.2,23.5,25.7,981235
NEULANDLAB,20191119,488.05,493.5,471.05,474.25,34394
NEWGEN,20191119,184,187.7,181,182.05,237055
NEXTMEDIA,20191119,10.6,10.95,10.6,10.7,6124
NFL,20191119,26.4,26.6,26.3,26.4,92842
NH,20191119,295.25,307,293,300.25,256960
NHPC,20191119,23.35,23.5,23.3,23.35,755277
NIACL,20191119,150.2,156.5,147,153.8,497783
NIBL,20191119,7.25,7.6,6.9,7.55,2066
NIFTYBEES,20191119,1264.95,1267,1257.3,1263.96,46392
NIFTYEES,20191119,14900,15400,14900,14950,6
NIITLTD,20191119,103.1,104.4,101.3,102.1,274394
NIITTECH,20191119,1519.5,1535.95,1509.75,1529,116406
NILAINFRA,20191119,4.95,5.25,4.9,5.05,206811
NILASPACES,20191119,1.3,1.35,1.3,1.3,35168
NILKAMAL,20191119,1319,1325,1280.25,1305.35,11588
NIPPOBATRY,20191119,567.5,573.7,535.1,541,7664
NITCO,20191119,24.05,25,24.05,25,63440
NITINSPIN,20191119,46.3,46.3,44.8,45.35,39298
NKIND,20191119,21.65,21.7,21.65,21.7,2
NLCINDIA,20191119,53.25,54.4,53,53.45,308906
NMDC,20191119,100.6,101.9,99.35,100.05,3203652
NOCIL,20191119,103.4,108,102.6,106.5,917036
NOIDATOLL,20191119,3.85,4.05,3.8,3.85,24724
NPBET,20191119,173.7,175.21,173.02,173.16,254
NRAIL,20191119,219.5,219.5,205,208.05,8188
NRBBEARING,20191119,99.9,99.9,98.05,98.4,22320
NSIL,20191119,830.1,850,801.05,802.5,601
NTL,20191119,0.4,0.4,0.35,0.35,10498
NTPC,20191119,117.75,118.3,116.8,117.35,7577320
NUCLEUS,20191119,302.15,307.15,298.3,301.15,9214
NXTDIGITAL,20191119,357,389.7,357,373.65,5101
OAL,20191119,194.05,199.35,185.1,193.25,6599
OBEROIRLTY,20191119,507,520.2,501.3,514.25,431551
OCCL,20191119,987.5,987.5,972.25,973.1,2200
OFSS,20191119,3063.95,3079,3040,3056.4,6817
OIL,20191119,158.75,162,157.85,161.25,460423
OILCOUNTUB,20191119,6.05,6.35,5.7,6,13163
OISL,20191119,3.9,4.25,3.9,4,12895
OLECTRA,20191119,179.6,183.9,177.9,182.2,35277
OMAXAUTO,20191119,50.8,52,49.1,50.8,45665
OMAXE,20191119,182.9,182.9,181.1,182.1,108906
OMKARCHEM,20191119,4.5,4.7,4.35,4.7,3819
OMMETALS,20191119,20.7,21.5,20.7,21.1,33311
ONELIFECAP,20191119,7.8,7.8,7.7,7.7,1300
ONEPOINT,20191119,11.75,11.75,11.5,11.5,641
ONGC,20191119,135,135.1,132.8,133.25,5821375
ONMOBILE,20191119,32.85,38.85,32.85,35.6,3222000
ONWARDTEC,20191119,68.05,69,67.45,68.95,4314
OPTIEMUS,20191119,50.5,50.5,48.1,50.4,6778
OPTOCIRCUI,20191119,3.8,3.8,3.6,3.65,386320
ORBTEXP,20191119,79.3,85,78,84.1,4381
ORICONENT,20191119,18.2,18.2,17.75,17.8,24860
ORIENTABRA,20191119,17.85,18,17.6,17.85,8270
ORIENTALTL,20191119,11.5,12.35,11.45,12.05,34994
ORIENTBANK,20191119,52.9,62.85,51.95,62.75,13420056
ORIENTBELL,20191119,126.35,127.75,121.5,121.9,13804
ORIENTCEM,20191119,74.25,76.1,74,74.3,149354
ORIENTELEC,20191119,182.05,191,181.05,186.65,302681
ORIENTHOT,20191119,34,34.7,33.55,34.65,8500
ORIENTLTD,20191119,97.85,97.85,91.1,95.05,362
ORIENTPPR,20191119,24.8,24.8,23.5,23.9,284277
ORIENTREF,20191119,212.6,215,211,212.3,32887
ORISSAMINE,20191119,1385,1451.95,1374,1389.15,52687
ORTINLABSS,20191119,9.95,9.95,8.6,9.05,30135
OSWALAGRO,20191119,5.75,5.75,5.2,5.55,5834
PAEL,20191119,2.7,2.9,2.7,2.9,19915
PAGEIND,20191119,23500,23699,22959.9,23017.65,20913
PAISALO,20191119,433.9,439,430.15,432.1,16142
PALASHSECU,20191119,26.25,29.4,25.75,27.05,6239
PALREDTEC,20191119,21.25,21.25,19.5,19.75,1125
PANACEABIO,20191119,127.5,127.5,125.7,126.6,22836
PANAMAPET,20191119,64.5,65.85,63,63.35,90347
PAPERPROD,20191119,247.9,247.9,235.1,235.65,26715
PARABDRUGS,20191119,1.65,1.65,1.65,1.65,969
PARACABLES,20191119,8.8,8.8,8.55,8.65,21482
PARAGMILK,20191119,146.8,156.8,146.45,154.65,1353901
PARSVNATH,20191119,2.15,2.2,2.05,2.05,421179
PATELENG,20191119,15.85,15.85,15,15.8,455710
PATINTLOG,20191119,21.8,22.1,20.9,21.85,7683
PATSPINLTD,20191119,6.15,6.15,5.35,5.5,522
PCJEWELLER,20191119,32.1,32.7,31.25,32.1,4215231
PDMJEPAPER,20191119,14.75,15.05,14,14.6,38885
PDPL,20191119,2.55,2.55,2.55,2.55,1911
PDSMFL,20191119,314,330,313,315,16642
PEARLPOLY,20191119,13.1,13.1,13.1,13.1,25052
PEL,20191119,1760,1780.95,1753,1761.35,653591
PENIND,20191119,28.6,28.8,28.05,28.5,96016
PENINLAND,20191119,4.2,4.2,3.8,3.9,321582
PERSISTENT,20191119,651.95,670,651.95,660.1,90993
PETRONENGG,20191119,7.5,7.5,7.5,7.5,1600
PETRONET,20191119,273.15,275.65,271.25,272,1635407
PFC,20191119,118.2,119.45,116.8,118.45,7157750
PFIZER,20191119,4105,4119.8,4045.2,4053.95,16819
PFOCUS,20191119,48.4,49.5,48.4,48.4,110761
PFS,20191119,13.65,14.5,13.35,14.15,1355549
PGEL,20191119,38.55,39.55,38.1,38.95,37262
PGHH,20191119,11107,11199.95,10985,11039.3,3860
PGHL,20191119,4361,4390,4315,4327.15,12277
PGIL,20191119,163.05,167,160.1,165.5,12400
PHILIPCARB,20191119,127.85,128.3,124.5,125.3,444761
PHOENIXLTD,20191119,729.3,739,723.2,735.75,11498
PIDILITIND,20191119,1305,1306,1288,1298.15,694313
PIIND,20191119,1420.05,1472.65,1407,1456.3,94643
PILANIINVS,20191119,1840,1840,1747,1775.3,3799
PILITA,20191119,5.6,6.1,5.6,5.9,58024
PIONDIST,20191119,135,139.05,131.1,132.15,15770
PIONEEREMB,20191119,24.9,25,23.65,24.4,1350
PIRPHYTO,20191119,21.9,23.95,21.9,23.3,1763
PITTIENG,20191119,48,48.45,43.8,44.45,66269
PLASTIBLEN,20191119,171.6,171.95,169.1,170.4,3003
PNB,20191119,62.05,64.85,62.05,64.15,30508426
PNBGILTS,20191119,27.65,28.9,27.5,28.65,228205
PNBHOUSING,20191119,524.05,574.7,524.05,563.3,2001482
PNC,20191119,14.05,14.7,13.75,14.15,7559
PNCINFRA,20191119,189.5,191.8,184,189.2,434776
PODDARHOUS,20191119,351,351.5,327,351.5,5003
PODDARMENT,20191119,182,191.95,179,182.25,7696
POKARNA,20191119,102.75,102.75,102.75,102.75,25169
POLYCAB,20191119,939.9,948.8,921.9,931.5,187663
POLYMED,20191119,216.2,216.7,213,214.35,21546
POLYPLEX,20191119,499,514.9,498,507.9,94528
PONNIERODE,20191119,142.05,146.9,138.25,140.4,3391
POWERGRID,20191119,191,196,190.2,195.45,12498147
POWERMECH,20191119,654,679.85,640,649.4,9876
PPAP,20191119,176.95,177,171.5,171.85,2619
PPL,20191119,75.75,77.95,75.45,77.3,16038
PRABHAT,20191119,89,89,87.1,87.5,41956
PRADIP,20191119,0.5,0.6,0.5,0.6,10350
PRAENG,20191119,6.95,6.95,6.45,6.6,6373
PRAJIND,20191119,113.3,113.3,110.3,110.7,560828
PRAKASH,20191119,48,48.6,45.05,45.9,267628
PRAKASHSTL,20191119,0.2,0.2,0.15,0.15,38000
PRAXIS,20191119,59.1,62.05,56.2,61.15,17603
PRECAM,20191119,37.75,39.8,37.5,38.25,62724
PRECOT,20191119,26.05,26.25,22.05,23.7,5265
PRECWIRE,20191119,157.05,157.9,151.05,156.9,2765
PREMEXPLN,20191119,156.6,157,149.75,152.1,8240
PREMIER,20191119,2.15,2.15,2.05,2.05,1579
PREMIERPOL,20191119,17.05,20.85,17.05,18,1761
PRESSMN,20191119,20.15,20.45,20.1,20.1,1906
PRESTIGE,20191119,298.95,301.95,294.4,298.7,303071
PRICOLLTD,20191119,34.4,34.4,33.7,34,44829
PRIMESECU,20191119,44,47,43.9,46.25,63485
PROSEED,20191119,0.3,0.3,0.25,0.25,81409
PROZONINTU,20191119,18.75,19.25,18.2,18.35,49199
PRSMJOHNSN,20191119,68.9,69.7,68,68.1,207091
PSB,20191119,18.6,22,18.35,21.85,826760
PSL,20191119,0.65,0.65,0.65,0.65,2122
PSPPROJECT,20191119,539.5,541.85,525.5,527.9,26429
PSUBNKBEES,20191119,275.25,285.75,273.33,284.31,10598
PTC,20191119,56.5,57.25,55.15,55.3,574353
PTL,20191119,36.7,37,35.9,36,10545
PUNJABCHEM,20191119,500,503,490.05,498.45,1899
PURVA,20191119,59.45,61.2,57,59.95,108717
PVR,20191119,1740,1773.5,1734.9,1741.6,211073
QGOLDHALF,20191119,1670.05,1683,1666,1676.95,871
QUESS,20191119,551.4,560,540.3,543.5,79383
QUICKHEAL,20191119,128.5,133.35,128.1,129.25,150713
RADAAN,20191119,1.2,1.2,1.2,1.2,6660
RADICO,20191119,305.3,309.55,299,301.15,563836
RADIOCITY,20191119,30.85,32,29.3,29.9,56780
RAIN,20191119,105.5,107.3,102.5,103.55,778546
RAJESHEXPO,20191119,712.4,712.4,698.5,706.2,132535
RAJSREESUG,20191119,17.3,17.95,17,17.4,5105
RAJTV,20191119,44.2,44.2,41.6,43.95,547
RALLIS,20191119,180.55,182.9,177.3,179,193495
RAMANEWS,20191119,14.8,15.1,14.55,14.8,2131
RAMASTEEL,20191119,44.2,45.25,44.2,44.45,1150
RAMCOCEM,20191119,797,797.85,785.2,793.35,100260
RAMCOIND,20191119,189.35,196.05,189.3,190.3,46680
RAMCOSYS,20191119,145.6,148.05,142,142.7,19269
RAMKY,20191119,41.45,41.45,38.5,38.5,86164
RANASUG,20191119,3.55,3.65,3.4,3.45,566681
RANEENGINE,20191119,221.95,222,210,212.3,1547
RANEHOLDIN,20191119,749.95,798,746.05,774.35,3795
RATNAMANI,20191119,951.25,957.85,947,955.1,3148
RAYMOND,20191119,720,728.75,695,700.5,729134
RBL,20191119,498,502.95,488.25,491.55,6146
RBLBANK,20191119,324,327.75,319.15,322.75,11081950
RCF,20191119,49.9,50.4,48.85,49.25,568656
RCOM,20191119,0.5,0.6,0.5,0.6,36218130
RECLTD,20191119,141.1,143.6,140,142.95,5012674
REDINGTON,20191119,113.9,115.5,112.7,113.8,452322
REFEX,20191119,65.4,65.4,65.4,65.4,18644
RELAXO,20191119,550.4,560,543.1,550.35,95335
RELCAPITAL,20191119,19,19,19,19,184937
RELIANCE,20191119,1467,1514.9,1465,1509.75,13795569
RELIGARE,20191119,54,55,53.95,54.95,1118354
RELINFRA,20191119,34.7,34.7,34.7,34.7,437785
REMSONSIND,20191119,81,83.85,75.55,78.95,27298
RENUKA,20191119,9.25,9.75,8.95,9.4,1234853
REPCOHOME,20191119,286.95,302.9,285.55,291.35,192957
REPRO,20191119,630.6,635,626.9,629.8,3181
RESPONIND,20191119,91.3,92.35,90.05,90.8,151737
REVATHI,20191119,358.4,375.75,358.4,374.7,39
RGL,20191119,242.1,243.75,236,236.75,644
RHFL,20191119,4.7,4.7,4.7,4.7,31331
RICOAUTO,20191119,46.55,47.8,44.25,44.6,411062
RIIL,20191119,302.65,313.9,302.6,306.9,530104
RITES,20191119,300.9,324.8,298,314.7,3125458
RKDL,20191119,6.45,6.45,6,6.35,9454
RKFORGE,20191119,294.4,294.4,290,290.85,13661
RMCL,20191119,3.5,3.7,3.4,3.4,129615
RML,20191119,250,250,246,248.6,5902
RNAM,20191119,350.55,376.35,350,365,6086883
RNAVAL,20191119,5.8,5.8,5.8,5.8,180829
ROHITFERRO,20191119,0.85,0.95,0.85,0.95,16332
ROHLTD,20191119,70.85,72.65,69.75,71.25,11124
ROLLT,20191119,1.75,1.85,1.75,1.75,35988
ROLTA,20191119,4.3,4.7,4.3,4.7,169602
ROSSELLIND,20191119,67,69,66.5,66.7,6289
RPGLIFE,20191119,280.95,282.25,272.9,274.4,16432
RPOWER,20191119,3.65,3.65,3.65,3.65,1018538
RPPINFRA,20191119,87.6,87.9,83.2,84.2,3532
RSSOFTWARE,20191119,20.5,20.55,19.65,20.3,13912
RSWM,20191119,101.15,110.05,100.95,105.5,63271
RSYSTEMS,20191119,52.5,52.5,49.35,50.15,14158
RTNINFRA,20191119,1.5,1.6,1.5,1.5,223705
RTNPOWER,20191119,1.8,1.85,1.75,1.75,858298
RUBYMILLS,20191119,215,222.9,212.5,221.55,3610
RUCHINFRA,20191119,2.15,2.2,2,2.15,49595
RUCHIRA,20191119,77.2,77.2,75.5,76.15,29436
RUPA,20191119,180.3,184.1,180.2,182.95,20415
RUSHIL,20191119,142.45,145.25,142,145.25,17874
RVNL,20191119,24.45,24.75,24.15,24.2,5759265
SABTN,20191119,1.7,1.8,1.7,1.7,10786
SADBHAV,20191119,119.5,126,118.1,122.05,168903
SADBHIN,20191119,38.8,39.4,36.05,38.35,8204
SAFARI,20191119,578,598,572.15,575.3,4847
SAGARDEEP,20191119,79.45,79.45,77,78.2,3901
SAGCEM,20191119,568.95,568.95,550.25,551.9,3566
SAIL,20191119,37.4,37.5,36.75,37.05,20166801
SAKAR,20191119,53.55,53.55,48.45,50.9,19245
SAKHTISUG,20191119,9.1,9.1,8.65,9,20854
SAKSOFT,20191119,226.95,234.85,218,221.4,16027
SAKUMA,20191119,7,7.05,6.9,6.95,101873
SALASAR,20191119,115,120.5,113.3,116.35,13951
SALONA,20191119,69.8,69.8,62.5,62.85,445
SALSTEEL,20191119,2.75,2.85,2.65,2.85,23994
SALZERELEC,20191119,117.5,117.5,112.4,112.6,15025
SAMBHAAV,20191119,3.95,4.15,3.65,3.8,16673
SANCO,20191119,15.4,16.05,13.6,15.95,53567
SANDESH,20191119,590,594.7,580,583.5,2855
SANDHAR,20191119,242.95,243,226.35,242.05,9193
SANGAMIND,20191119,50.2,50.8,48.5,48.55,1908
SANGHIIND,20191119,37.9,37.9,36.8,36.9,157673
SANGHVIMOV,20191119,86.5,86.5,80.4,81.4,9533
SANGINITA,20191119,148.7,149.8,147,149.45,103123
SANOFI,20191119,6840,6945,6800,6910.35,13198
SANWARIA,20191119,2.25,2.25,2.25,2.25,97879
SARDAEN,20191119,183.95,187,177.3,178.3,19388
SAREGAMA,20191119,432,437,412.3,418.5,18301
SARLAPOLY,20191119,21.45,21.5,20.7,20.8,55023
SASKEN,20191119,649.95,650.65,639,641.65,4353
SASTASUNDR,20191119,81,86.7,81,84,771
SATHAISPAT,20191119,2.75,2.75,2.65,2.65,46248
SATIA,20191119,87.3,90.9,84.6,87.35,77325
SATIN,20191119,216,218.35,210.3,214.8,130681
SBIETFQLTY,20191119,102.1,102.1,99.2,99.31,11907
SBILIFE,20191119,954.95,970,930,936.55,60449782
SBIN,20191119,325.8,331.8,322.1,330.4,41372145
SCAPDVR,20191119,0.35,0.45,0.35,0.35,28867
SCHAEFFLER,20191119,4419.35,4494.95,4355.45,4399.55,4415
SCHAND,20191119,72.3,77.9,71.15,75.1,37111
SCHNEIDER,20191119,66.85,66.85,63.8,64.45,134678
SCI,20191119,60.1,63.35,59.2,62.55,6813172
SDBL,20191119,113.7,113.7,105.2,110.55,11800
SEAMECLTD,20191119,501.95,506.1,482.25,492.5,5191
SELAN,20191119,144.15,144.2,140.4,141.6,25491
SELMCL,20191119,0.55,0.6,0.5,0.55,78708
SEPOWER,20191119,3,3.15,2.9,3.05,1018233
SEQUENT,20191119,68.1,68.5,63.55,65.3,402140
SESHAPAPER,20191119,177,179.8,175,175.1,21053
SETCO,20191119,15.3,16.75,14.75,14.9,382632
SETF10GILT,20191119,188,188,188,188,40
SETFGOLD,20191119,3445.05,3460,3430,3432.7,1074
SETFNIF50,20191119,125.1,126.5,122.3,122.87,32888
SETFNIFBK,20191119,316,316,310,315.52,11009
SETFNN50,20191119,289.07,289.89,288.03,288.4,1644
SETUINFRA,20191119,1.35,1.35,1.35,1.35,35600
SEYAIND,20191119,129.5,129.5,129.5,129.5,1277
SFL,20191119,1317,1319.45,1302.05,1310.25,4413
SGL,20191119,6.1,6.2,6.1,6.1,3327
SHAHALLOYS,20191119,8.3,8.95,8.3,8.95,2414
SHAKTIPUMP,20191119,207.45,220,206,215.55,72958
SHALBY,20191119,102.6,104,100.2,102.7,28085
SHALPAINTS,20191119,92.6,95.7,90.9,91.7,44911
SHANKARA,20191119,318.7,327.9,313.7,317.45,39133
SHANTIGEAR,20191119,104.3,105,99.8,100.95,35859
SHARDACROP,20191119,253,255.45,245,246.55,5791
SHARDAMOTR,20191119,1077.45,1085.05,1054.55,1069.15,1555
SHARIABEES,20191119,254.01,254.01,253.01,253.01,218
SHEMAROO,20191119,148.4,150,145,148.15,7531
SHILPAMED,20191119,297.5,300,294.05,296.25,8018
SHIRPUR-G,20191119,6.25,6.65,6.25,6.3,12894
SHIVAMAUTO,20191119,27.1,27.1,25.55,25.8,235793
SHIVAMILLS,20191119,31.35,31.35,30.25,31.35,1428
SHIVATEX,20191119,104,105,102,102,1702
SHK,20191119,118.9,118.9,115,115.35,23302
SHOPERSTOP,20191119,359,360.15,350,352.1,12605
SHREDIGCEM,20191119,26.7,27.05,25.05,25.05,835474
SHREECEM,20191119,19900,20077.95,19688.3,20006.8,27681
SHREEPUSHK,20191119,96.05,96.45,93.7,94.6,11747
SHREERAMA,20191119,4.45,4.45,4.3,4.3,13972
SHRENIK,20191119,52.75,52.75,48.75,49.55,85569
SHREYANIND,20191119,106.45,106.45,103.1,105.4,14052
SHREYAS,20191119,76.1,82.8,76.1,82.8,2648
SHRIPISTON,20191119,759,759,694.05,752,51
SHRIRAMCIT,20191119,1347.15,1354.95,1315,1333.1,150360
SHRIRAMEPC,20191119,6.1,6.15,5.9,6.05,322172
SHYAMCENT,20191119,2.9,3.05,2.85,3,8598
SICAGEN,20191119,16.95,17,15.85,16.75,8810
SICAL,20191119,22.3,22.85,22.25,22.85,179981
SIEMENS,20191119,1554.05,1590,1545.55,1579,849421
SIGIND,20191119,21,21.4,20,20.6,5865
SIL,20191119,10.35,10.75,10.35,10.7,4211
SILINV,20191119,151.85,151.85,145.55,148.4,1664
SIMBHALS,20191119,6.45,6.7,6.15,6.4,12520
SIMPLEXINF,20191119,49.6,51.5,48.5,49,110523
SINTEX,20191119,0.95,0.95,0.95,0.95,2110158
SIRCA,20191119,244,248.9,235,245.65,32657
SIS,20191119,935,949.75,930,939.8,6254
SITINET,20191119,1.8,1.9,1.8,1.9,143276
SIYSIL,20191119,243,245,230,233.2,10614
SJVN,20191119,24.5,24.7,24.5,24.55,688549
SKFINDIA,20191119,2128.9,2147.15,2128.9,2131.5,1080
SKIL,20191119,5.25,5.6,5.2,5.2,3810
SKIPPER,20191119,52.35,52.75,50.4,51,14949
SKMEGGPROD,20191119,38.6,39.9,37.6,38.3,34200
SMARTLINK,20191119,78.75,79.25,75.5,75.6,9508
SMLISUZU,20191119,533.3,539.9,496.2,514.05,15784
SMSLIFE,20191119,274.95,280,259.2,259.7,2948
SMSPHARMA,20191119,42.15,42.15,39.8,40.35,30257
SNOWMAN,20191119,37.75,40.3,37.75,39.9,890774
SOBHA,20191119,400.9,402.95,396.65,398.15,88934
SOLARA,20191119,468,483,458,466.35,346990
SOLARINDS,20191119,1019.15,1030.5,1005.1,1025.65,3950
SOMANYCERA,20191119,177.15,179.45,174.45,175.85,46963
SOMATEX,20191119,3.1,3.25,2.95,3.15,2289
SOMICONVEY,20191119,12,14.1,12,12.65,3262
SONATSOFTW,20191119,301.15,304.75,298.35,301.25,60711
SORILINFRA,20191119,99.25,99.25,99.25,99.25,5735
SOTL,20191119,881,898,875.2,892.5,515
SOUTHBANK,20191119,11.1,11.45,11,11.3,7030126
SOUTHWEST,20191119,17,17.9,17,17.2,30046
SPAL,20191119,205.6,207.8,202,203.6,15210
SPANDANA,20191119,1299.9,1299.9,1262.35,1272.45,62550
SPARC,20191119,155.4,157,151.85,153.5,562608
SPCENET,20191119,0.9,0.9,0.9,0.9,23334
SPECIALITY,20191119,68.5,68.5,66.2,67.6,46015
SPENCERS,20191119,66,67.85,65,66,155866
SPENTEX,20191119,0.35,0.35,0.3,0.35,2111
SPIC,20191119,20,20.2,19.2,19.5,15541
SPICEJET,20191119,110.05,111.05,107.6,109.35,1359413
SPLIL,20191119,38.15,39.2,36,36.25,62060
SPMLINFRA,20191119,10,10,9.95,9.95,2972
SPTL,20191119,1.15,1.25,1.15,1.25,9994004
SPYL,20191119,0.3,0.3,0.25,0.25,56092
SREEL,20191119,170,170.7,165.35,166.75,8291
SREINFRA,20191119,8.8,9.1,8.65,8.7,858800
SRF,20191119,3218,3226.35,3185.2,3200.55,128761
SRHHYPOLTD,20191119,104,105,100.1,103.2,5920
SRIPIPES,20191119,166.5,169.9,165.05,166.75,41579
SRTRANSFIN,20191119,1125.6,1130,1117.9,1126.1,586375
SSWL,20191119,765.35,772,761.2,768.9,19570
STAMPEDE,20191119,0.65,0.7,0.65,0.65,45754
STAR,20191119,382,384,377.1,381.05,265503
STARCEMENT,20191119,100.2,100.95,97.8,98.25,44833
STARPAPER,20191119,95.15,97,94.4,95,32943
STCINDIA,20191119,54.85,55,53,53.8,5943
STEELCITY,20191119,30.95,31,30.55,30.9,1206
STEELXIND,20191119,19.9,20.25,19.15,20.25,229430
STEL,20191119,73,73,62.2,68.7,15346
STERTOOLS,20191119,177.05,181,173.55,175.75,1684
STINDIA,20191119,5.35,5.35,5.35,5.35,2
STRTECH,20191119,122.85,126.5,122,122.95,1056369
SUBCAPCITY,20191119,6.75,6.75,6.75,6.75,52
SUBEX,20191119,5.7,5.9,5.5,5.7,1014605
SUBROS,20191119,254,259,250.35,252.15,35789
SUDARSCHEM,20191119,395.95,402.9,393,397.75,53606
SUJANAUNI,20191119,0.15,0.2,0.1,0.15,233682
SUMEETINDS,20191119,2.2,2.3,2.2,2.2,158295
SUMIT,20191119,20,21.35,19.75,20.4,122386
SUMMITSEC,20191119,452,479,448.5,452.6,3550
SUNCLAYLTD,20191119,2196.15,2250,2182,2207.7,837
SUNDARAM,20191119,1.35,1.4,1.35,1.35,43572
SUNDARMFIN,20191119,1655,1671.95,1635.5,1657.25,15914
SUNDARMHLD,20191119,68.5,68.5,66.5,66.95,14311
SUNDRMBRAK,20191119,236,243.8,224,234.75,1557
SUNDRMFAST,20191119,466.25,468.9,460.1,466.3,25042
SUNFLAG,20191119,33.45,33.7,31.5,31.65,207695
SUNPHARMA,20191119,425,429.9,421.6,425.9,4163853
SUNTECK,20191119,388,403,382.55,390.15,167664
SUNTV,20191119,496.35,498.6,488.1,490.6,1027871
SUPERHOUSE,20191119,85.15,88.5,85.15,87.85,7644
SUPERSPIN,20191119,5.2,5.2,4.6,4.75,22702
SUPPETRO,20191119,171.05,173,166.25,167,6421
SUPRAJIT,20191119,179.85,179.95,175.05,177.1,42885
SUPREMEIND,20191119,1149,1149,1135.1,1142.3,5737
SUPREMEINF,20191119,10.25,10.75,9.85,10.5,8745
SURANASOL,20191119,5.55,5.75,5.4,5.6,13893
SURANAT&P,20191119,3.4,3.6,3.35,3.5,19530
SURYALAXMI,20191119,18.35,18.35,17,17.85,5289
SURYAROSNI,20191119,168.2,176.8,164.15,174.4,65799
SUTLEJTEX,20191119,32.6,33,31.85,32,18660
SUVEN,20191119,301,315.5,300.3,302.95,852540
SUZLON,20191119,2.45,2.45,2.35,2.4,10201866
SWANENERGY,20191119,102.1,103.4,100.3,101.7,105122
SWARAJENG,20191119,1081.1,1090,1062.35,1075.05,3976
SWELECTES,20191119,125.15,128.7,118.1,119,15974
SWSOLAR,20191119,288.55,288.55,288.55,288.55,148246
SYMPHONY,20191119,1228,1228,1195.3,1199.75,6282
SYNCOM,20191119,0.8,0.9,0.8,0.8,10297
SYNDIBANK,20191119,27.15,31.6,26.95,30.4,7702712
SYNGENE,20191119,319.1,329,319.1,325.6,53248
TAINWALCHM,20191119,48.9,48.95,46.15,47.55,1091
TAJGVK,20191119,161.5,164.6,160,161,27111
TAKE,20191119,104.7,104.7,99.05,99.5,256846
TALBROAUTO,20191119,113.35,119.6,112.3,117.8,29350
TALWALKARS,20191119,4.9,5.1,4.7,4.7,11626
TALWGYM,20191119,4.55,4.55,4.35,4.35,19346
TANLA,20191119,56,58.5,55.85,58.4,508666
TANTIACONS,20191119,1.1,1.1,1.1,1.1,119
TARAPUR,20191119,3.95,3.95,3.8,3.85,314
TARMAT,20191119,28.95,29,27.8,28.3,3667
TASTYBITE,20191119,9196,9196,9005.55,9079.95,151
TATACHEM,20191119,649,665.7,642.6,645.45,1033322
TATACOFFEE,20191119,80.7,81.9,79.4,80.2,132035
TATACOMM,20191119,356,367.75,346.6,353,84358
TATAELXSI,20191119,791.8,831.3,791.8,809.7,2045547
TATAGLOBAL,20191119,306.45,308.4,300.9,302.5,1672538
TATAINVEST,20191119,818,818,812.05,816.3,4741
TATAMETALI,20191119,589.95,599,571.35,574.65,29941
TATAMOTORS,20191119,170.8,171.75,167.1,167.75,19599195
TATAMTRDVR,20191119,79,79.2,76.95,77.45,2574357
TATAPOWER,20191119,56,56.3,55.35,55.75,3922027
TATASTEEL,20191119,414,414.85,400,401.75,14265083
TATASTLBSL,20191119,25.8,26.5,25.3,25.35,496308
TATASTLLP,20191119,384,390.55,380,380.25,18862
TBZ,20191119,39.5,40.8,38.3,38.65,133899
TCI,20191119,287.95,287.95,282,282.85,7409
TCIDEVELOP,20191119,360,374.7,344.7,357.15,146
TCIEXP,20191119,766.1,767.65,756.5,759.45,13170
TCIFINANCE,20191119,8.75,8.75,7.85,8.05,58122
TCNSBRANDS,20191119,740.5,745.45,712.7,722.6,4829
TCPLPACK,20191119,272,292.9,271.35,274.9,3170
TCS,20191119,2153,2154.65,2105,2108.8,2975313
TDPOWERSYS,20191119,146.15,149.6,142.3,146.5,8214
TEAMLEASE,20191119,2601,2620,2521,2556.9,50127
TECHIN,20191119,3.1,3.4,3.1,3.4,277
TECHM,20191119,754,766,752,763.15,2725437
TECHNOE,20191119,262.5,273.5,262.5,268.1,59189
TECHNOFAB,20191119,17.75,19.55,17.75,17.75,5645
TEJASNET,20191119,67.1,81.2,67.1,81.2,1169725
TERASOFT,20191119,26.1,27.35,26,26.2,7329
TEXINFRA,20191119,44.05,45.05,43.95,44,48970
TEXMOPIPES,20191119,14.65,14.95,14.5,14.7,54377
TEXRAIL,20191119,44.4,45.6,44,44.2,175963
TFCILTD,20191119,82,82.4,80.5,81.05,47155
TFL,20191119,4.2,4.3,3.9,3.95,3310
TGBHOTELS,20191119,3.6,3.6,3.45,3.45,8872
THANGAMAYL,20191119,347,355,345.2,349.5,8888
THEINVEST,20191119,130,130,110.95,115.5,6542
THEMISMED,20191119,279.95,279.95,254.05,255.5,863
THERMAX,20191119,1025.2,1048,1025.2,1043.1,43462
THOMASCOOK,20191119,138.8,144,137.25,142.65,173610
THOMASCOTT,20191119,5.35,5.35,5.35,5.35,2
THYROCARE,20191119,562.65,567.35,538,539.9,86022
TI,20191119,12.8,13.05,12.8,12.9,30228
TIDEWATER,20191119,4866,4919.85,4800,4888.45,600
TIIL,20191119,328.8,328.8,306.1,310.3,8060
TIINDIA,20191119,443.75,450,443.1,448.1,53834
TIJARIA,20191119,8.55,8.85,8.4,8.5,8268
TIL,20191119,186.95,186.95,182.25,185.55,2225
TIMESGTY,20191119,31.1,34.9,29,33.45,1647
TIMETECHNO,20191119,60.3,60.6,54.6,56.55,723273
TIMKEN,20191119,870,880,857,861.4,11002
TINPLATE,20191119,139.65,143.25,138.3,141.45,510740
TIPSINDLTD,20191119,74,75.95,73,74.25,3119
TIRUMALCHM,20191119,61.8,64.7,61,62.95,361003
TITAN,20191119,1158.8,1167.8,1153.1,1163.2,1109428
TMRVL,20191119,15.75,15.75,15.75,15.75,1664
TNPETRO,20191119,36.15,36.7,35.05,36.5,114273
TNPL,20191119,181.95,181.95,175.7,179.25,63470
TNTELE,20191119,1.1,1.2,1.1,1.2,1900
TOKYOPLAST,20191119,73.5,73.5,70.4,72.5,4354
TORNTPHARM,20191119,1779.2,1802.65,1755,1759.05,95951
TORNTPOWER,20191119,294.25,294.6,287.55,288.3,754382
TPLPLASTEH,20191119,127,129.75,124.05,124.3,4150
TREEHOUSE,20191119,5.4,5.8,5.4,5.75,43598
TREJHARA,20191119,16.05,17.25,16.05,16.4,6659
TRENT,20191119,513,519.7,502.05,506.15,82304
TRF,20191119,106.9,108.2,105.5,106.15,9591
TRIDENT,20191119,61.25,62,60.2,60.55,302968
TRIGYN,20191119,50.8,52.95,50.8,51.8,57894
TRIL,20191119,7.4,7.4,7.2,7.25,131176
TRITURBINE,20191119,97.9,98.55,97.1,97.35,9156
TRIVENI,20191119,61.85,64.2,61.7,63.65,397402
TTKHLTCARE,20191119,482.4,487,475,482.65,2310
TTKPRESTIG,20191119,6026.85,6049,5904,5983.65,1853
TTL,20191119,42.15,44.5,42.15,42.65,1555
TTML,20191119,3.1,3.1,2.7,2.8,3242648
TV18BRDCST,20191119,22.2,23.1,22.1,22.8,2691095
TVSELECT,20191119,107.25,107.75,104,104.75,24910
TVSMOTOR,20191119,452.95,456,445.55,447.85,843871
TVSSRICHAK,20191119,1762.7,1790,1710.05,1774.8,3354
TVTODAY,20191119,292.8,296,286.5,289.15,29674
TVVISION,20191119,1.35,1.35,1.3,1.3,3001
TWL,20191119,50.4,52.4,49.15,49.45,1808431
UBL,20191119,1245.1,1250,1223.5,1230.65,515508
UCALFUEL,20191119,138.85,140.75,136.65,138.7,16195
UCOBANK,20191119,13.05,15.6,13.05,15.6,9792516
UFLEX,20191119,205.5,205.6,200,201.3,22231
UFO,20191119,132.1,132.2,128.05,129,10898
UGARSUGAR,20191119,13,13.3,12.75,13.1,52818
UJAAS,20191119,3.2,3.3,3.15,3.3,204661
UJJIVAN,20191119,290.3,293.5,286.7,288.3,1544790
ULTRACEMCO,20191119,4130,4130,4085.25,4100.15,561897
UMANGDAIRY,20191119,40.25,41.95,37.5,38.15,14514
UMESLTD,20191119,1.05,1.05,1,1,3047
UNICHEMLAB,20191119,156.4,158,154,157.1,49533
UNIENTER,20191119,64.35,65.2,63,65,9050
UNIONBANK,20191119,54.95,60,54.8,58.95,29201112
UNIPLY,20191119,26.15,28.7,26.15,26.15,558907
UNITECH,20191119,0.95,0.95,0.95,0.95,2316147
UNITEDBNK,20191119,8.9,9.65,8.8,9.6,2620453
UNITEDTEA,20191119,246.5,254,246.5,254,13
UNIVCABLES,20191119,158.1,167.95,158.1,162.2,35283
UPL,20191119,551,556.75,538.1,551.25,4602774
URJA,20191119,1.7,1.7,1.65,1.7,651605
USHAMART,20191119,30.65,31.95,30.65,31.7,307555
UTINEXT50,20191119,292,292,292,292,13
UTINIFTETF,20191119,1263.85,1269.9,1260,1260,4871
UTISENSETF,20191119,429.99,429.99,423.51,426.85,137
UTTAMSTL,20191119,10,10,10,10,203586
UTTAMSUGAR,20191119,102,102.85,98.85,99.8,206421
UVSL,20191119,0.1,0.1,0.05,0.1,3014894
V2RETAIL,20191119,112.55,116.55,110.95,113.55,20504
VADILALIND,20191119,712.05,735.15,700,703.7,43557
VAIBHAVGBL,20191119,851.05,859.9,850,850.05,30516
VAKRANGEE,20191119,39.5,40.1,38.65,39.15,4215635
VARDHACRLC,20191119,35.7,35.7,33.35,33.75,17081
VARDMNPOLY,20191119,2.1,2.2,2.1,2.2,5092
VARROC,20191119,446,453,436,442.85,16458
VASCONEQ,20191119,12.95,13.1,12.8,12.9,82168
VASWANI,20191119,5,5,4.5,4.85,2216
VBL,20191119,702.4,713.55,688,695.4,132063
VEDL,20191119,143.75,143.9,140.4,141.7,11847416
VENKEYS,20191119,1733.65,1742.3,1692,1699.15,67149
VENUSREM,20191119,22.25,23.95,22.25,23.45,23388
VESUVIUS,20191119,1006.9,1012,986,988.55,1212
VETO,20191119,48.55,49,44.7,45.3,23550
VGUARD,20191119,231.3,232,230.1,230.95,79621
VHL,20191119,1488,1488,1440,1448.4,292
VICEROY,20191119,1.45,1.55,1.45,1.5,8425
VIDHIING,20191119,64.5,64.5,61.7,62.15,19356
VIJIFIN,20191119,0.45,0.45,0.4,0.45,51343
VIKASECO,20191119,3.45,3.45,3.3,3.35,249267
VIKASMCORP,20191119,3.9,3.9,3.7,3.85,139269
VIKASPROP,20191119,4.5,4.5,4.5,4.5,12645
VIKASWSP,20191119,9.6,9.75,9.25,9.75,161111
VIMALOIL,20191119,5.3,5.3,5.3,5.3,470
VIMTALABS,20191119,92.55,94.5,88.6,90.3,31825
VINATIORGA,20191119,1935.9,1955.65,1905,1918.4,29593
VINDHYATEL,20191119,779,835.35,777,804,11317
VINYLINDIA,20191119,65.25,66.35,64.5,64.8,13784
VIPCLOTHNG,20191119,7.8,8.2,7.8,7.95,80046
VIPIND,20191119,447.2,447.2,437.25,439.4,81900
VIPULLTD,20191119,23.5,23.6,20.75,21.8,73687
VISAKAIND,20191119,245,250.8,243.1,246.4,28618
VISASTEEL,20191119,5,5.25,4.75,5,10117
VISESHINFO,20191119,0.05,0.1,0.05,0.05,1472762
VISHAL,20191119,308.75,308.75,308.75,308.75,3
VISHNU,20191119,121.6,124.25,121.15,121.7,1031
VISHWARAJ,20191119,65.5,68.7,65,67.7,75520
VIVIDHA,20191119,0.15,0.2,0.15,0.2,140606
VIVIMEDLAB,20191119,12.55,13.1,12.4,12.65,88496
VLSFINANCE,20191119,55.8,56.05,53.8,54.15,12851
VMART,20191119,1725,1779,1720,1747,5809
VOLTAMP,20191119,1105.3,1127.65,1105,1114.5,5795
VOLTAS,20191119,712.25,718.5,709,713.25,792191
VRLLOG,20191119,269,270.7,263,267,58907
VSSL,20191119,69.65,70,64,66.5,4616
VSTIND,20191119,4425,4435,4354.3,4403.95,1612
VSTTILLERS,20191119,1151.45,1151.45,1104.65,1131.25,4507
VTL,20191119,902.7,904.9,888,893.75,6216
WABAG,20191119,170.7,171.1,167.3,168.15,57830
WABCOINDIA,20191119,6239.95,6245,6200,6220.6,1230
WALCHANNAG,20191119,67.15,68,66,66.35,314375
WANBURY,20191119,15.95,15.95,15.9,15.95,6894
WATERBASE,20191119,120.25,125.85,114,114.75,181404
WEBELSOLAR,20191119,22.5,22.8,21.4,21.6,150148
WEIZFOREX,20191119,256,262,255.95,261.25,907
WEIZMANIND,20191119,22.3,22.3,20.8,21.15,459
WELCORP,20191119,135.4,139,135,137.05,717478
WELENT,20191119,82.95,83,80.5,80.95,120451
WELINV,20191119,161.1,169.15,157.55,157.75,88
WELSPUNIND,20191119,51.75,53.8,51.3,52.75,284113
WENDT,20191119,2805,3008.8,2805,2884.65,165
WESTLIFE,20191119,370,373,369.1,371.05,13215
WHEELS,20191119,620,631.5,620,625.3,758
WHIRLPOOL,20191119,2316.8,2316.8,2255.55,2280.25,53932
WILLAMAGOR,20191119,14.7,14.7,13.8,13.8,12433
WINDMACHIN,20191119,19.65,19.95,18.7,19.15,3179
WIPL,20191119,54,54,54,54,10
WIPRO,20191119,248.2,251.15,247.7,250.4,2030656
WOCKPHARMA,20191119,295,299.9,283.25,288.7,1291759
WONDERLA,20191119,267,270,265,265.5,15551
WSI,20191119,1,1,0.95,1,2020
WSTCSTPAPR,20191119,213.9,214.95,204.5,206.3,112634
XCHANGING,20191119,52.15,54.7,52.15,53,70079
XELPMOC,20191119,68.7,68.7,64.2,67.9,2077
XLENERGY,20191119,0.4,0.45,0.4,0.45,2661
XPROINDIA,20191119,22.25,22.75,21,22.45,2971
YESBANK,20191119,65,67.25,63.05,64.15,239228500
ZEEL,20191119,293.75,293.75,282.5,285.85,11267424
ZEELEARN,20191119,24,25.55,24,25.55,525203
ZEEMEDIA,20191119,7.6,7.9,7.2,7.85,2534368
ZENITHBIR,20191119,0.55,0.6,0.5,0.55,10262
ZENITHEXPO,20191119,39.4,41.95,38.05,39.15,1933
ZENSARTECH,20191119,187.85,187.85,185.1,186.25,79472
ZENTEC,20191119,60.45,62,60.35,61,19311
ZICOM,20191119,1.7,1.7,1.7,1.7,2936
ZODIACLOTH,20191119,184.1,194,183.95,184.2,1778
ZODJRDMKJ,20191119,32.65,32.65,29.8,30.1,528
ZOTA,20191119,188.85,188.85,183,184.3,27984
ZUARI,20191119,96.45,96.5,93.3,93.7,24534
ZUARIGLOB,20191119,55.35,55.35,50.35,50.95,52073
ZYDUSWELL,20191119,1514,1544.6,1514,1534.3,19456
NSENIFTY,20191119,11919.45,11958.85,11881.75,11940.10,613909679,0
NIFTYJUNIOR,20191119,28152.10,28174.95,28006.70,28071.90,1289916989,0
NIFTYMIDCAPLIQ15,20191119,3962.80,3969.70,3942.95,3960.20,58239189,0
NSE100,20191119,12041.40,12071.95,12000.85,12054.70,1906401025,0
NIFTY200,20191119,6146.25,6160.85,6125.75,6152.55,2244102378,0
NSE500,20191119,9692.20,9714.25,9662.60,9702.15,2512104185,0
NSEMIDCAP150,20191119,6223.40,6232.65,6205.15,6227.60,373988694,0
MIDCAP50,20191119,4647.30,4657.95,4630.75,4648.50,273008465,0
NSEMIDCAP,20191119,16961.15,16983.10,16894.60,16967.50,337701353,0
NIFTYSMALLCAP250,20191119,-,-,-,4755.05,-,0
NIFTYSMALLCAP50,20191119,-,-,-,2735.85,-,0
NSESMLCAP100,20191119,5701.15,5726.85,5700.65,5709.55,-,0
NIFTYLARGEMIDCAP250,20191119,-,-,-,5946.61,2280389719,0
NIFTYMIDSMALLCAP400,20191119,-,-,-,5699.75,-,0
NIFTYAUTO,20191119,8150.90,8152.80,8052.05,8063.95,61454502,0
BANKNIFTY,20191119,31045.15,31298.05,30974.30,31236.25,429946749,0
NIFTYFINSERVICE,20191119,14007.15,14052.95,13956.65,14008.90,208687555,0
NIFTYFMGC,20191119,31241.10,31248.60,30924.75,30972.95,21805568,0
NSEIT,20191119,15318.65,15371.80,15256.85,15304.85,25599935,0
NIFTYMEDIA,20191119,1817.95,1818.55,1796.40,1804.85,72954843,0
NIFTYMETAL,20191119,2547.10,2549.25,2512.45,2517.95,84027887,0
NIFTYPHARMA,20191119,7839.65,7881.90,7823.75,7851.45,39897040,0
NIFTYPVTBANK,20191119,17087.85,17232.20,17058.60,17167.45,324268883,0
NIFTYPSUBANK,20191119,2493.90,2605.85,2481.55,2589.25,217957918,0
NIFTYREALTY,20191119,279.00,279.30,276.70,278.05,13196295,0
NIFTYCOMMODITIES,20191119,3369.20,3371.70,3350.90,3366.00,139770066,0
NIFTYCONSUMPTION,20191119,5031.40,5033.35,4987.40,4998.40,112612238,0
NIFTYCPSE,20191119,1965.65,1966.40,1952.50,1961.10,51699199,0
NIFTYENERGY,20191119,15933.50,16144.65,15891.35,16114.45,63183675,0
NIFTY100ESG,20191119,-,-,-,2218.08,1776405936,0
NIFTY100ENHESG,20191119,-,-,-,2244.91,1741159391,0
NIFTYINFRA,20191119,3266.80,3307.20,3264.15,3298.10,203870774,0
NIFTYMNC,20191119,13816.40,13825.20,13738.25,13785.05,1077952896,0
NIFTYPSE,20191119,3279.70,3291.15,3260.00,3286.90,117284524,0
NIFTYSMEEMERGE,20191119,-,-,-,1367.22,850750,0
NIFTYSERVSECTOR,20191119,16867.45,16904.10,16812.55,16874.25,578812753,0
NIFTYSHARIAH25,20191119,-,-,-,4338.28,57272790,0
NIFTY50SHARIAH,20191119,-,-,-,2467.80,53120583,0
NIFTY500SHARIAH,20191119,-,-,-,2954.47,210179228,0
NIFTYABGROUP,20191119,-,-,-,2905.01,1040804706,0
NIFTYMAHINDRA,20191119,-,-,-,10008.16,7924401,0
NIFTYTATA,20191119,-,-,-,6778.11,52405780,0
NIFTYTATA25CAP,20191119,-,-,-,4738.16,46828674,0
NIFTYABGROUP,20191119,-,-,-,2905.01,1040804706,0
NIFTYLIQ15,20191119,3712.55,3726.50,3692.30,3719.35,398004166,0
NIFTY500VALUE50,20191119,-,-,-,3627.84,212065443,0
NIFTYALPHALOWVOL30,20191119,-,-,-,11989.11,126536473,0
NIFTYQUALLOWVOL30,20191119,-,-,-,8449.53,62816942,0
NIFTYALPHAQUALLOWVOL30,20191119,-,-,-,9610.96,77439992,0
NIFTYALPHAQUALVALLOWVOL30,20191119,-,-,-,7288.96,102262894,0
NIFTY50EQUALWEIGHT,20191119,12265.40,12290.10,12226.25,12268.80,613909679,0
NIFTY100EQUALWEIGHT,20191119,13217.70,13262.35,13175.00,13242.30,1906401025,0
NIFTY100LOWVOL30,20191119,8911.35,8915.10,8871.40,8889.55,96299432,0
NSEDEFTY,20191119,-,-,-,5769.10,-,0
NIFTY50DIVPOINT,20191119,117.35,117.35,117.35,117.35,-,0
NIFTYDIVOPPS50,20191119,2561.55,2562.30,2548.35,2556.15,211542454,0
NIFTYALPHA50,20191119,12729.85,12785.45,12696.80,12751.05,193845941,0
NIFTY50ARBITRAGE,20191119,-,-,-,1870.47,-,0
NIFTY50FUTINDEX,20191119,-,-,-,4048.97,-,0
NIFTY50FUTTRINDEX,20191119,-,-,-,12060.21,-,0
NIFTYHIGHBETA50,20191119,-,-,-,1359.87,1720128803,0
NIFTYLOWVOL50,20191119,-,-,-,10541.81,109768379,0
NIFTY200QUALITY30,20191119,-,-,-,9785.70,-,0
NIFTY50VALUE20,20191119,5439.00,5447.35,5415.45,5439.70,348806475,0
NIFTYGROWSECT15,20191119,6330.15,6333.35,6282.45,6297.10,59955172,0
NIFTY50TR2XLEV,20191119,6636.05,6679.55,6594.35,6658.95,-,0
NIFTY50PR2XLEV,20191119,5105.40,5138.90,5073.30,5123.00,-,0
NIFTY50TR1XINV,20191119,342.75,343.85,341.65,342.15,-,0
NIFTY50PR1XINV,20191119,390.75,392.00,389.45,390.05,-,0
NIFTY-GS-COMPSITE,20191119,2054.55,2056.26,2054.55,2056.55,-,0
NIFTY-GS-4-8YR,20191119,2143.24,2144.88,2143.24,2144.97,-,0
NIFTY-GS-8-13YR,20191119,2020.85,2022.43,2020.85,2022.88,-,0
NIFTY-GS-10YR,20191119,1863.50,1864.99,1863.04,1864.11,-,0
NIFTY-GS-10YR-CLN,20191119,948.62,949.38,948.39,948.94,-,0
NIFTY-GS-11-15YR,20191119,2136.65,2139.09,2136.65,2140.01,-,0
NIFTY-GS-15YRPLUS,20191119,2295.73,2297.33,2295.73,2299.79,-,0
VIX,20191119,15.76,15.76,12.61,15.41,0,0
